Project Info:
    ACQ Time: 2019- 9-24   9:31:23: 545 .
    Project: tq×ó²à×ãÈýÀïÓÒÅÔ¿ª£¨×òÌìÍ¿ºìÒ©Ë®£©
    Name: 
    Part:  
    Operator:  
    Desc.:  
    Sample Data Acquired.

ACQ Parameters:
    Excited Peroid(ms): 50
    Excited Time(ms): 10
    Acq Delay Time(us): 10
    Gate Time(ms): 20
    Count Num per gate: 100
    Repeat Times: 50
    Acq Gate Times: 1
    Interval per Gate(us): 100
    Channel Number: 2

Data:
    664
    579
    490
    485
    451
    378
    379
    332
    332
    305
    296
    286
    253
    272
    268
    239
    237
    218
    212
    189
    176
    203
    157
    161
    146
    131
    139
    120
    132
    124
    104
    120
    116
    94
    84
    90
    87
    89
    73
    70
    64
    66
    71
    67
    63
    54
    55
    60
    55
    57
    49
    37
    48
    36
    34
    48
    61
    50
    35
    38
    40
    29
    41
    31
    35
    37
    36
    28
    31
    28
    36
    19
    31
    22
    24
    37
    18
    30
    33
    26
    21
    21
    20
    19
    15
    16
    17
    26
    18
    18
    23
    20
    16
    18
    16
    11
    12
    11
    12
    14
    650
    571
    526
    476
    420
    401
    381
    338
    345
    297
    271
    291
    280
    245
    234
    243
    222
    224
    189
    172
    175
    195
    155
    158
    165
    143
    128
    144
    111
    115
    121
    96
    107
    99
    92
    87
    86
    92
    88
    96
    86
    84
    79
    66
    62
    61
    56
    61
    50
    48
    56
    52
    53
    55
    52
    52
    47
    39
    42
    38
    36
    47
    39
    27
    36
    31
    30
    39
    32
    29
    27
    16
    29
    28
    19
    26
    29
    27
    26
    17
    24
    20
    17
    26
    14
    13
    17
    14
    18
    27
    26
    18
    16
    15
    15
    12
    23
    16
    10
    17
    574
    596
    514
    509
    434
    408
    392
    368
    347
    318
    303
    288
    249
    261
    220
    238
    200
    226
    197
    189
    188
    190
    185
    150
    159
    144
    157
    150
    121
    111
    113
    118
    112
    92
    111
    98
    88
    76
    95
    82
    82
    60
    74
    87
    57
    67
    66
    45
    48
    57
    40
    61
    54
    46
    53
    44
    38
    45
    48
    36
    50
    45
    32
    35
    30
    32
    35
    34
    31
    34
    33
    21
    25
    28
    14
    30
    28
    34
    15
    16
    26
    19
    26
    28
    14
    26
    14
    25
    14
    14
    14
    14
    13
    11
    14
    16
    17
    15
    11
    7
    595
    536
    533
    458
    462
    421
    362
    365
    329
    323
    310
    266
    262
    243
    264
    236
    209
    217
    201
    158
    212
    168
    173
    145
    133
    156
    149
    142
    139
    128
    114
    121
    110
    113
    81
    82
    107
    75
    102
    75
    77
    73
    64
    71
    73
    56
    66
    52
    57
    56
    47
    45
    44
    62
    47
    38
    40
    48
    38
    50
    27
    41
    48
    35
    30
    27
    37
    26
    31
    27
    29
    28
    28
    23
    27
    16
    20
    31
    27
    30
    17
    17
    14
    19
    21
    12
    18
    16
    15
    15
    16
    16
    16
    17
    10
    15
    14
    12
    7
    18
    654
    587
    537
    454
    423
    390
    385
    354
    339
    329
    313
    296
    285
    252
    233
    242
    234
    233
    217
    186
    188
    172
    186
    163
    139
    131
    130
    142
    126
    133
    122
    117
    110
    133
    92
    104
    79
    95
    92
    90
    81
    76
    56
    89
    58
    58
    63
    61
    49
    59
    51
    60
    41
    56
    51
    42
    42
    51
    51
    46
    39
    34
    33
    29
    37
    38
    39
    28
    28
    40
    23
    30
    26
    31
    33
    26
    27
    24
    31
    21
    25
    24
    13
    22
    21
    16
    14
    26
    21
    13
    13
    11
    16
    23
    19
    13
    21
    17
    11
    17
    629
    577
    553
    471
    444
    394
    374
    339
    330
    339
    289
    287
    233
    255
    254
    243
    252
    226
    191
    203
    168
    179
    152
    166
    139
    142
    143
    128
    134
    115
    122
    128
    108
    95
    96
    113
    82
    79
    71
    84
    66
    79
    85
    67
    79
    66
    64
    51
    59
    51
    65
    44
    53
    45
    46
    58
    45
    28
    41
    41
    38
    31
    31
    35
    33
    22
    41
    34
    39
    31
    31
    36
    32
    29
    24
    20
    30
    19
    25
    26
    14
    17
    25
    22
    24
    16
    19
    26
    17
    20
    16
    13
    17
    14
    20
    17
    20
    18
    13
    10
    617
    570
    485
    453
    451
    418
    383
    348
    326
    316
    303
    308
    276
    246
    232
    225
    225
    209
    171
    188
    169
    154
    181
    145
    155
    123
    124
    124
    149
    144
    135
    114
    117
    110
    101
    89
    99
    105
    86
    86
    89
    84
    76
    84
    57
    66
    71
    46
    68
    45
    52
    64
    54
    37
    55
    33
    54
    40
    49
    53
    35
    34
    49
    28
    30
    26
    29
    35
    32
    31
    23
    26
    24
    31
    21
    17
    27
    21
    33
    26
    25
    22
    19
    18
    21
    22
    30
    14
    17
    15
    22
    17
    23
    13
    23
    13
    12
    13
    21
    15
    600
    589
    510
    505
    419
    422
    397
    373
    354
    296
    296
    286
    275
    254
    250
    250
    204
    224
    216
    168
    188
    175
    174
    151
    138
    148
    148
    132
    140
    102
    114
    111
    108
    108
    114
    93
    85
    92
    91
    85
    79
    73
    75
    77
    63
    76
    63
    62
    60
    69
    60
    42
    60
    51
    37
    41
    45
    47
    32
    35
    33
    42
    37
    43
    34
    36
    27
    33
    29
    29
    26
    30
    33
    29
    19
    25
    23
    26
    13
    23
    24
    20
    24
    28
    22
    21
    15
    18
    15
    9
    10
    23
    18
    16
    21
    11
    11
    15
    17
    11
    584
    544
    505
    453
    429
    375
    376
    341
    348
    312
    290
    279
    248
    263
    240
    225
    216
    204
    207
    194
    198
    178
    155
    170
    131
    157
    134
    142
    132
    122
    122
    115
    91
    109
    97
    87
    76
    82
    80
    85
    101
    92
    86
    65
    77
    62
    52
    59
    54
    74
    51
    46
    44
    51
    51
    40
    49
    47
    45
    32
    38
    41
    48
    39
    41
    34
    39
    37
    30
    28
    21
    34
    26
    26
    30
    20
    22
    16
    22
    27
    23
    17
    24
    19
    25
    21
    24
    21
    13
    26
    12
    17
    9
    21
    16
    15
    20
    11
    16
    16
    586
    543
    496
    507
    394
    389
    361
    350
    343
    350
    289
    272
    277
    247
    240
    245
    223
    214
    196
    184
    158
    167
    182
    154
    147
    162
    128
    116
    122
    120
    115
    121
    105
    111
    90
    93
    94
    94
    85
    75
    74
    84
    88
    72
    71
    50
    50
    73
    61
    71
    67
    48
    42
    63
    42
    45
    42
    37
    51
    54
    35
    45
    41
    32
    37
    41
    30
    36
    38
    28
    29
    31
    25
    29
    25
    29
    21
    20
    31
    26
    26
    18
    20
    25
    22
    16
    12
    16
    22
    12
    12
    17
    24
    26
    10
    14
    8
    17
    12
    13
    601
    539
    517
    436
    425
    411
    372
    362
    324
    306
    330
    257
    274
    270
    251
    211
    230
    195
    176
    207
    192
    181
    169
    170
    150
    145
    126
    156
    130
    131
    119
    100
    112
    113
    95
    105
    86
    112
    83
    77
    59
    82
    78
    64
    63
    86
    71
    64
    67
    60
    65
    55
    48
    53
    45
    45
    48
    43
    43
    37
    38
    35
    38
    38
    35
    38
    29
    26
    31
    33
    22
    27
    33
    22
    20
    26
    25
    24
    20
    31
    17
    21
    11
    19
    27
    14
    26
    18
    15
    21
    8
    17
    22
    16
    15
    9
    20
    10
    15
    13
    587
    597
    509
    489
    420
    424
    380
    337
    354
    319
    304
    288
    262
    257
    251
    249
    213
    228
    188
    189
    165
    158
    184
    140
    165
    157
    140
    118
    121
    101
    106
    103
    93
    80
    101
    100
    103
    82
    87
    99
    71
    74
    81
    66
    65
    67
    59
    53
    72
    72
    47
    50
    47
    57
    47
    52
    51
    39
    44
    45
    30
    30
    31
    37
    34
    39
    35
    38
    30
    37
    26
    35
    28
    28
    31
    29
    31
    23
    21
    20
    24
    35
    18
    17
    16
    27
    19
    18
    27
    13
    16
    17
    16
    21
    14
    21
    13
    19
    16
    13
    637
    599
    510
    462
    451
    397
    396
    368
    331
    314
    308
    281
    306
    242
    229
    255
    235
    193
    192
    198
    171
    186
    170
    176
    154
    136
    138
    121
    131
    116
    118
    117
    113
    122
    101
    107
    77
    98
    97
    82
    74
    82
    64
    77
    68
    51
    68
    71
    49
    56
    55
    46
    55
    56
    58
    45
    49
    58
    38
    44
    52
    26
    40
    43
    35
    29
    32
    34
    23
    34
    34
    36
    28
    32
    33
    29
    26
    31
    24
    18
    28
    21
    25
    18
    24
    19
    23
    27
    16
    18
    19
    14
    12
    14
    15
    20
    15
    21
    18
    14
    639
    582
    545
    475
    433
    401
    367
    382
    342
    313
    317
    274
    281
    272
    253
    247
    227
    183
    231
    191
    190
    190
    170
    167
    156
    156
    139
    130
    129
    129
    157
    112
    96
    112
    109
    120
    94
    84
    90
    79
    85
    78
    83
    68
    85
    78
    59
    55
    52
    53
    63
    46
    63
    54
    54
    51
    50
    48
    39
    37
    49
    37
    30
    51
    46
    35
    32
    39
    35
    37
    44
    26
    33
    32
    31
    17
    18
    26
    26
    18
    19
    26
    17
    19
    14
    28
    16
    20
    18
    21
    18
    13
    18
    16
    29
    13
    23
    17
    10
    8
    633
    588
    530
    473
    426
    418
    411
    378
    343
    332
    310
    286
    271
    245
    240
    211
    229
    175
    211
    200
    192
    153
    177
    164
    170
    152
    139
    144
    145
    124
    129
    109
    104
    98
    105
    103
    91
    104
    99
    69
    64
    87
    86
    88
    70
    80
    79
    74
    53
    58
    47
    51
    60
    55
    42
    56
    42
    49
    42
    48
    33
    29
    41
    29
    34
    48
    40
    35
    32
    39
    32
    31
    33
    32
    25
    24
    26
    24
    30
    23
    24
    25
    16
    10
    21
    16
    21
    16
    16
    23
    16
    16
    15
    26
    20
    14
    11
    18
    15
    15
    579
    568
    504
    478
    447
    402
    404
    369
    334
    311
    297
    295
    275
    273
    273
    213
    229
    216
    164
    190
    196
    176
    182
    183
    153
    153
    135
    138
    114
    120
    110
    122
    100
    115
    84
    99
    90
    91
    83
    91
    92
    82
    76
    74
    62
    87
    63
    68
    54
    50
    61
    53
    64
    49
    43
    55
    44
    40
    52
    49
    45
    47
    39
    44
    36
    32
    21
    25
    33
    39
    34
    27
    34
    22
    28
    29
    28
    27
    26
    23
    29
    21
    21
    23
    22
    19
    14
    17
    27
    22
    13
    12
    11
    21
    9
    16
    11
    14
    18
    12
    600
    567
    532
    516
    421
    406
    383
    344
    354
    327
    308
    292
    256
    257
    272
    257
    203
    230
    241
    182
    176
    197
    175
    151
    148
    150
    139
    156
    123
    126
    115
    110
    115
    112
    106
    112
    86
    100
    97
    72
    86
    82
    79
    83
    59
    53
    63
    54
    57
    75
    57
    54
    56
    57
    50
    53
    47
    35
    32
    44
    46
    39
    37
    43
    42
    34
    26
    46
    35
    33
    25
    29
    30
    28
    22
    33
    27
    20
    30
    25
    15
    24
    19
    12
    16
    17
    26
    22
    15
    15
    15
    19
    21
    13
    14
    16
    16
    12
    14
    18
    570
    551
    548
    522
    429
    399
    372
    348
    307
    290
    311
    288
    262
    247
    235
    207
    211
    212
    207
    174
    208
    193
    168
    161
    161
    157
    135
    129
    150
    128
    117
    126
    107
    106
    105
    103
    103
    93
    83
    107
    74
    73
    65
    80
    72
    56
    86
    56
    67
    63
    53
    53
    41
    56
    53
    53
    36
    40
    41
    51
    45
    42
    37
    24
    29
    34
    28
    43
    36
    32
    23
    37
    26
    20
    25
    32
    29
    24
    23
    26
    30
    21
    19
    22
    13
    21
    24
    19
    24
    17
    19
    19
    17
    19
    11
    12
    13
    15
    12
    22
    602
    604
    518
    468
    438
    421
    375
    356
    314
    321
    318
    280
    258
    247
    289
    230
    217
    221
    198
    203
    175
    178
    163
    171
    143
    149
    148
    153
    139
    119
    98
    131
    114
    98
    85
    85
    110
    105
    83
    90
    81
    95
    62
    77
    75
    78
    65
    64
    68
    65
    71
    59
    56
    53
    48
    43
    40
    46
    55
    44
    50
    27
    40
    43
    43
    37
    40
    24
    27
    29
    37
    30
    39
    19
    24
    25
    25
    22
    34
    35
    22
    22
    21
    30
    18
    25
    19
    22
    25
    20
    17
    18
    13
    20
    15
    16
    14
    13
    11
    10
    633
    589
    536
    497
    432
    401
    401
    392
    346
    317
    329
    254
    255
    282
    239
    242
    230
    210
    213
    199
    204
    181
    190
    177
    169
    141
    139
    128
    121
    138
    113
    96
    102
    109
    118
    101
    94
    93
    69
    72
    77
    82
    76
    71
    70
    71
    64
    55
    58
    54
    57
    48
    47
    57
    42
    44
    45
    35
    59
    42
    42
    35
    36
    41
    42
    36
    39
    42
    34
    41
    27
    23
    24
    22
    26
    28
    28
    25
    27
    23
    29
    21
    26
    18
    20
    22
    13
    13
    27
    17
    18
    11
    13
    23
    16
    14
    14
    11
    12
    17
    611
    556
    521
    485
    429
    452
    385
    385
    368
    343
    296
    280
    275
    244
    255
    232
    209
    218
    212
    224
    183
    187
    163
    168
    163
    158
    144
    144
    145
    134
    116
    111
    105
    112
    96
    90
    94
    82
    90
    97
    86
    89
    82
    70
    57
    57
    60
    55
    62
    72
    55
    49
    50
    46
    61
    57
    49
    26
    54
    58
    47
    45
    36
    42
    32
    44
    46
    31
    32
    25
    36
    36
    30
    24
    27
    19
    20
    21
    28
    28
    24
    22
    23
    17
    19
    26
    21
    31
    12
    21
    19
    19
    13
    15
    13
    14
    10
    17
    14
    16
    622
    584
    526
    485
    466
    410
    418
    342
    341
    310
    307
    279
    282
    247
    248
    246
    241
    204
    203
    205
    182
    184
    179
    155
    149
    165
    126
    141
    115
    115
    122
    127
    103
    110
    87
    82
    92
    88
    88
    86
    86
    82
    78
    81
    61
    69
    73
    76
    60
    61
    74
    61
    58
    48
    48
    50
    44
    45
    47
    37
    32
    35
    22
    41
    36
    30
    30
    46
    26
    34
    21
    30
    38
    24
    15
    25
    28
    32
    22
    25
    25
    19
    19
    30
    17
    27
    25
    12
    21
    17
    16
    22
    15
    11
    16
    16
    10
    17
    20
    12
    607
    584
    541
    462
    415
    418
    352
    390
    359
    305
    301
    295
    239
    231
    243
    250
    243
    196
    203
    213
    183
    167
    178
    154
    143
    142
    149
    152
    132
    127
    112
    115
    127
    122
    135
    103
    87
    84
    105
    88
    79
    86
    66
    70
    68
    65
    83
    64
    54
    75
    57
    52
    59
    50
    45
    52
    53
    41
    41
    43
    46
    36
    30
    34
    37
    35
    40
    28
    29
    20
    31
    23
    30
    34
    24
    31
    25
    22
    22
    35
    22
    30
    18
    18
    28
    25
    22
    17
    13
    14
    18
    11
    15
    18
    19
    21
    8
    23
    9
    13
    609
    541
    496
    486
    412
    431
    381
    399
    321
    295
    310
    286
    253
    252
    254
    249
    224
    231
    190
    188
    189
    185
    179
    162
    171
    143
    142
    153
    125
    128
    111
    133
    118
    109
    99
    94
    98
    79
    119
    70
    85
    83
    89
    78
    74
    65
    60
    64
    62
    55
    59
    52
    33
    59
    52
    53
    35
    48
    53
    48
    48
    31
    34
    30
    37
    35
    34
    30
    33
    21
    29
    26
    32
    32
    33
    37
    21
    22
    28
    25
    27
    25
    23
    27
    26
    23
    27
    12
    21
    14
    19
    10
    22
    15
    18
    10
    14
    16
    19
    13
    643
    611
    546
    451
    410
    402
    398
    373
    331
    328
    308
    266
    263
    285
    234
    228
    197
    265
    212
    188
    171
    189
    174
    176
    127
    141
    160
    132
    138
    115
    124
    126
    132
    122
    105
    91
    117
    95
    93
    85
    75
    71
    65
    76
    73
    74
    68
    52
    66
    72
    63
    54
    67
    60
    55
    64
    42
    45
    47
    42
    38
    40
    30
    31
    27
    29
    34
    36
    28
    29
    25
    33
    28
    31
    29
    24
    16
    23
    20
    32
    22
    22
    15
    17
    18
    25
    20
    21
    16
    25
    23
    21
    15
    30
    11
    20
    17
    15
    19
    17
    606
    582
    516
    483
    412
    396
    381
    387
    365
    298
    303
    293
    264
    261
    256
    216
    202
    194
    204
    196
    165
    184
    156
    161
    135
    157
    141
    138
    140
    112
    106
    103
    103
    120
    114
    102
    90
    106
    99
    75
    74
    81
    72
    68
    77
    67
    57
    65
    63
    52
    72
    53
    54
    55
    49
    48
    44
    49
    35
    33
    32
    35
    43
    48
    31
    37
    29
    30
    37
    27
    33
    41
    29
    27
    24
    27
    32
    28
    30
    25
    21
    23
    26
    25
    28
    20
    18
    18
    23
    21
    14
    16
    16
    13
    19
    9
    15
    17
    10
    11
    627
    546
    561
    464
    447
    358
    365
    358
    344
    320
    305
    277
    244
    253
    250
    211
    237
    201
    182
    210
    194
    193
    181
    162
    151
    150
    111
    135
    135
    118
    92
    126
    102
    115
    100
    102
    99
    85
    104
    92
    75
    91
    81
    77
    69
    75
    52
    67
    57
    55
    54
    53
    59
    44
    45
    47
    53
    49
    38
    38
    38
    36
    52
    37
    34
    37
    27
    33
    32
    43
    33
    24
    28
    31
    21
    34
    19
    29
    21
    23
    24
    16
    25
    22
    22
    19
    15
    19
    19
    14
    17
    30
    23
    16
    17
    20
    22
    11
    15
    12
    642
    568
    537
    477
    433
    393
    381
    341
    314
    297
    312
    278
    271
    250
    241
    269
    225
    201
    204
    191
    165
    188
    194
    158
    146
    139
    145
    139
    128
    129
    111
    114
    113
    131
    94
    95
    96
    80
    85
    87
    91
    76
    74
    82
    61
    62
    64
    62
    58
    54
    59
    65
    70
    39
    42
    48
    52
    42
    44
    45
    34
    39
    45
    45
    32
    26
    36
    35
    36
    38
    39
    25
    31
    20
    27
    20
    22
    24
    17
    28
    27
    24
    24
    26
    16
    25
    21
    21
    23
    18
    14
    13
    15
    13
    15
    18
    18
    13
    18
    13
    634
    513
    520
    496
    425
    424
    378
    358
    309
    311
    301
    282
    285
    243
    250
    216
    196
    214
    191
    174
    200
    158
    184
    176
    143
    157
    148
    140
    158
    122
    149
    127
    95
    118
    98
    98
    85
    92
    89
    97
    92
    80
    75
    76
    64
    71
    66
    66
    71
    53
    65
    57
    57
    51
    48
    50
    50
    62
    47
    48
    40
    35
    38
    19
    41
    35
    32
    30
    29
    29
    41
    31
    28
    25
    19
    27
    29
    31
    21
    21
    28
    20
    21
    24
    19
    17
    20
    18
    17
    21
    18
    13
    14
    12
    13
    13
    24
    13
    10
    16
    630
    557
    540
    465
    469
    404
    376
    385
    309
    348
    296
    299
    276
    246
    217
    248
    239
    198
    206
    201
    214
    187
    140
    156
    165
    138
    138
    117
    139
    116
    123
    122
    120
    93
    105
    110
    101
    77
    89
    101
    77
    90
    70
    81
    73
    68
    70
    82
    69
    61
    59
    55
    55
    51
    45
    50
    47
    49
    44
    40
    33
    47
    29
    32
    28
    38
    39
    31
    36
    35
    23
    20
    26
    26
    25
    27
    19
    27
    27
    33
    19
    28
    24
    24
    17
    14
    21
    16
    22
    18
    20
    8
    17
    12
    14
    20
    10
    19
    15
    15
    587
    619
    531
    449
    412
    394
    419
    357
    304
    313
    311
    291
    264
    246
    234
    223
    221
    206
    187
    212
    163
    181
    163
    142
    149
    164
    127
    131
    134
    122
    119
    138
    109
    82
    87
    99
    89
    103
    89
    90
    92
    78
    80
    89
    71
    82
    65
    62
    71
    60
    55
    56
    50
    43
    51
    46
    51
    54
    46
    34
    38
    35
    45
    37
    41
    30
    36
    37
    27
    28
    28
    32
    27
    24
    28
    23
    32
    26
    21
    22
    22
    24
    24
    22
    21
    25
    20
    17
    18
    17
    17
    23
    11
    14
    17
    20
    12
    17
    20
    13
    613
    572
    517
    461
    420
    413
    415
    358
    338
    315
    299
    262
    265
    268
    245
    241
    206
    206
    225
    188
    176
    165
    180
    139
    165
    128
    145
    129
    129
    123
    143
    130
    108
    86
    98
    108
    96
    85
    90
    90
    84
    92
    78
    61
    70
    79
    65
    69
    50
    56
    55
    43
    54
    48
    52
    44
    39
    52
    53
    48
    41
    42
    36
    36
    38
    32
    35
    37
    29
    30
    24
    25
    22
    33
    24
    38
    29
    20
    30
    23
    18
    21
    25
    22
    27
    21
    24
    20
    20
    23
    17
    16
    13
    16
    10
    12
    13
    14
    18
    14
    583
    557
    513
    461
    440
    399
    373
    358
    361
    308
    302
    276
    271
    281
    255
    200
    207
    209
    208
    188
    171
    178
    179
    172
    146
    164
    124
    128
    124
    131
    122
    109
    116
    103
    108
    104
    91
    101
    108
    69
    62
    74
    80
    51
    81
    63
    68
    60
    53
    44
    58
    56
    43
    49
    55
    60
    44
    54
    51
    48
    40
    34
    43
    39
    40
    39
    26
    27
    34
    25
    42
    16
    29
    26
    26
    31
    20
    33
    17
    25
    15
    23
    22
    25
    20
    15
    15
    15
    15
    20
    24
    11
    10
    11
    14
    16
    14
    16
    18
    14
    609
    610
    520
    490
    479
    434
    386
    368
    335
    316
    293
    298
    282
    261
    237
    216
    204
    229
    207
    202
    153
    178
    155
    145
    141
    139
    118
    134
    134
    133
    138
    125
    103
    107
    94
    104
    89
    86
    92
    87
    92
    78
    68
    84
    73
    74
    67
    51
    59
    55
    72
    58
    44
    47
    45
    56
    49
    32
    50
    39
    40
    45
    42
    32
    40
    29
    26
    25
    32
    31
    30
    34
    28
    28
    34
    23
    18
    25
    22
    25
    14
    24
    16
    20
    17
    24
    17
    14
    22
    16
    10
    26
    18
    18
    16
    15
    12
    18
    15
    14
    568
    554
    508
    483
    454
    399
    372
    310
    344
    295
    292
    274
    269
    267
    253
    240
    226
    214
    205
    205
    204
    168
    199
    160
    150
    137
    137
    129
    127
    114
    126
    119
    127
    113
    98
    104
    93
    106
    87
    85
    96
    89
    67
    79
    62
    72
    65
    71
    54
    65
    48
    72
    57
    57
    43
    49
    55
    48
    48
    45
    34
    47
    38
    49
    31
    43
    30
    26
    28
    30
    35
    42
    29
    29
    26
    21
    25
    19
    25
    30
    24
    25
    26
    28
    19
    27
    14
    13
    20
    13
    14
    21
    17
    18
    16
    18
    16
    20
    25
    13
    634
    554
    539
    484
    406
    439
    398
    364
    348
    316
    319
    271
    252
    240
    226
    245
    223
    203
    208
    209
    180
    184
    157
    160
    158
    141
    135
    143
    128
    108
    120
    122
    112
    93
    105
    101
    108
    100
    99
    93
    78
    69
    68
    64
    77
    73
    68
    50
    71
    58
    56
    49
    60
    39
    54
    53
    45
    41
    43
    39
    39
    36
    35
    37
    30
    40
    34
    41
    38
    33
    34
    33
    32
    22
    27
    22
    23
    28
    19
    18
    32
    28
    22
    20
    18
    18
    20
    21
    9
    22
    15
    18
    16
    13
    14
    13
    15
    22
    14
    19
    632
    569
    523
    490
    421
    423
    401
    351
    333
    310
    307
    302
    259
    219
    241
    226
    218
    215
    179
    194
    184
    169
    168
    164
    166
    125
    141
    132
    115
    146
    117
    119
    117
    120
    102
    95
    95
    95
    88
    69
    71
    65
    80
    83
    74
    78
    66
    71
    65
    51
    60
    60
    54
    43
    50
    63
    47
    44
    45
    33
    56
    24
    36
    36
    30
    39
    29
    31
    30
    37
    28
    28
    34
    39
    34
    22
    25
    25
    16
    34
    26
    25
    21
    18
    30
    24
    16
    21
    15
    20
    20
    21
    6
    11
    20
    12
    10
    15
    16
    9
    594
    578
    529
    483
    458
    424
    372
    334
    325
    309
    296
    271
    270
    256
    251
    228
    207
    192
    206
    184
    203
    188
    202
    160
    167
    159
    146
    139
    123
    149
    137
    103
    108
    112
    82
    94
    92
    92
    91
    108
    83
    94
    70
    65
    62
    66
    69
    61
    62
    73
    57
    44
    52
    58
    45
    43
    41
    44
    37
    50
    51
    36
    38
    36
    37
    44
    35
    28
    33
    32
    29
    30
    31
    25
    38
    21
    27
    25
    25
    24
    16
    20
    23
    26
    26
    19
    17
    14
    19
    21
    12
    23
    17
    16
    9
    18
    16
    12
    13
    12
    612
    581
    505
    446
    453
    422
    374
    376
    295
    322
    311
    296
    257
    244
    268
    228
    230
    194
    182
    199
    177
    202
    149
    183
    149
    146
    145
    129
    120
    130
    111
    122
    104
    118
    102
    102
    89
    106
    99
    96
    84
    75
    88
    62
    74
    59
    61
    77
    62
    58
    55
    51
    50
    37
    52
    50
    35
    47
    48
    35
    50
    34
    36
    31
    44
    46
    24
    37
    36
    31
    23
    20
    26
    24
    25
    21
    36
    19
    25
    25
    21
    20
    19
    20
    21
    23
    24
    21
    20
    16
    21
    18
    17
    17
    19
    18
    15
    15
    10
    16
    651
    566
    501
    445
    428
    406
    369
    347
    312
    309
    284
    274
    294
    277
    236
    209
    232
    200
    211
    190
    188
    173
    173
    142
    165
    153
    127
    150
    129
    95
    118
    124
    111
    108
    115
    90
    96
    103
    94
    89
    72
    86
    76
    77
    81
    69
    65
    57
    67
    62
    60
    50
    62
    52
    42
    49
    44
    40
    44
    38
    39
    52
    45
    41
    34
    30
    43
    38
    35
    29
    29
    22
    23
    32
    34
    30
    24
    24
    23
    17
    23
    18
    26
    16
    15
    12
    18
    16
    14
    19
    13
    16
    19
    18
    12
    15
    19
    14
    15
    15
    631
    543
    509
    465
    417
    434
    382
    352
    339
    306
    332
    323
    260
    249
    244
    207
    208
    205
    196
    190
    215
    179
    154
    152
    147
    151
    142
    142
    137
    125
    120
    115
    112
    115
    109
    101
    101
    82
    71
    86
    112
    80
    79
    65
    68
    65
    70
    48
    81
    62
    76
    51
    47
    58
    47
    57
    48
    47
    46
    38
    45
    38
    37
    41
    31
    29
    20
    28
    25
    36
    24
    35
    35
    16
    27
    20
    21
    25
    26
    34
    19
    25
    21
    26
    14
    24
    24
    11
    18
    14
    17
    16
    12
    17
    15
    12
    15
    12
    16
    22
    613
    574
    577
    439
    441
    409
    402
    342
    331
    331
    310
    293
    276
    239
    254
    243
    208
    202
    193
    195
    171
    150
    141
    151
    136
    152
    140
    131
    127
    139
    149
    101
    111
    99
    105
    103
    102
    86
    92
    88
    75
    82
    74
    66
    63
    57
    61
    65
    56
    66
    67
    51
    59
    60
    41
    38
    56
    51
    49
    42
    46
    29
    44
    34
    52
    32
    36
    29
    33
    42
    32
    39
    17
    28
    29
    23
    28
    24
    25
    23
    29
    19
    20
    30
    24
    26
    23
    15
    13
    20
    14
    21
    18
    16
    18
    18
    15
    10
    18
    14
    626
    555
    514
    474
    442
    396
    369
    352
    346
    370
    328
    274
    271
    234
    255
    235
    216
    233
    201
    194
    197
    161
    166
    174
    157
    139
    111
    119
    147
    135
    127
    100
    118
    90
    78
    102
    116
    88
    80
    78
    88
    71
    80
    68
    67
    77
    65
    64
    49
    69
    59
    47
    51
    49
    48
    41
    50
    33
    35
    41
    43
    41
    38
    34
    39
    34
    30
    36
    19
    35
    30
    26
    39
    19
    23
    36
    22
    27
    25
    25
    25
    21
    19
    22
    24
    20
    22
    11
    27
    21
    18
    19
    16
    18
    12
    17
    12
    14
    8
    13
    620
    609
    504
    499
    449
    368
    380
    366
    311
    347
    306
    302
    282
    219
    232
    233
    225
    234
    198
    201
    189
    195
    168
    159
    147
    151
    140
    138
    155
    130
    97
    113
    114
    98
    99
    91
    104
    105
    98
    85
    86
    63
    71
    74
    81
    81
    74
    49
    55
    70
    70
    57
    49
    47
    51
    45
    37
    49
    48
    35
    40
    38
    38
    27
    39
    35
    41
    33
    38
    29
    25
    30
    31
    33
    31
    26
    24
    24
    18
    24
    23
    20
    20
    22
    14
    26
    17
    19
    17
    22
    17
    23
    20
    19
    18
    11
    9
    20
    17
    7
    605
    564
    505
    492
    464
    405
    392
    345
    349
    315
    305
    314
    267
    231
    261
    227
    182
    212
    179
    216
    172
    179
    191
    156
    170
    125
    142
    131
    133
    161
    138
    122
    117
    94
    114
    101
    105
    86
    99
    79
    82
    78
    70
    65
    78
    66
    53
    55
    55
    61
    58
    48
    60
    60
    63
    47
    45
    43
    46
    45
    39
    44
    40
    33
    34
    38
    40
    35
    42
    41
    34
    28
    36
    30
    26
    16
    23
    23
    20
    17
    20
    20
    15
    20
    18
    16
    10
    15
    12
    16
    19
    25
    21
    12
    12
    16
    8
    16
    7
    12
    636
    584
    539
    481
    440
    390
    408
    354
    337
    326
    285
    295
    265
    246
    246
    254
    200
    224
    212
    188
    212
    165
    163
    153
    164
    159
    153
    156
    139
    133
    111
    124
    102
    90
    88
    114
    88
    86
    95
    80
    84
    71
    81
    71
    84
    78
    58
    75
    74
    57
    75
    48
    49
    52
    57
    52
    63
    46
    53
    46
    50
    35
    33
    36
    36
    36
    33
    33
    34
    26
    31
    29
    31
    20
    30
    23
    28
    22
    20
    19
    15
    17
    18
    25
    18
    21
    22
    21
    17
    16
    20
    16
    24
    16
    15
    16
    11
    18
    15
    12
    585
    557
    527
    480
    412
    427
    385
    334
    314
    284
    311
    300
    254
    261
    233
    215
    215
    211
    194
    171
    175
    165
    161
    173
    168
    155
    136
    140
    118
    134
    122
    114
    114
    102
    120
    96
    94
    86
    78
    82
    96
    93
    78
    77
    73
    65
    74
    67
    59
    71
    72
    35
    59
    43
    52
    44
    48
    58
    37
    38
    41
    30
    52
    30
    37
    26
    30
    25
    31
    35
    29
    23
    26
    24
    18
    28
    35
    26
    22
    16
    19
    14
    16
    20
    18
    19
    28
    17
    22
    14
    16
    18
    16
    17
    19
    9
    16
    14
    10
    22
    635
    606
    502
    470
    447
    406
    396
    352
    351
    305
    284
    285
    279
    227
    244
    215
    234
    207
    188
    193
    184
    172
    157
    163
    176
    160
    135
    135
    143
    120
    128
    106
    120
    101
    103
    107
    98
    82
    93
    74
    85
    78
    86
    71
    78
    73
    60
    63
    57
    61
    44
    55
    48
    47
    57
    50
    43
    34
    35
    38
    48
    35
    34
    36
    37
    41
    38
    40
    30
    34
    32
    27
    30
    27
    26
    36
    25
    26
    27
    28
    19
    30
    23
    26
    17
    24
    23
    19
    19
    20
    18
    21
    17
    20
    15
    11
    17
    15
    17
    11
    619
    561
    517
    485
    385
    413
    390
    346
    342
    314
    286
    298
    301
    242
    238
    228
    220
    205
    196
    203
    176
    184
    184
    162
    172
    144
    163
    135
    113
    114
    108
    118
    107
    113
    113
    98
    96
    102
    108
    100
    80
    90
    83
    77
    80
    75
    74
    67
    57
    44
    62
    55
    51
    49
    49
    47
    49
    40
    47
    47
    36
    30
    37
    34
    30
    41
    31
    27
    45
    35
    31
    34
    26
    27
    27
    26
    46
    26
    24
    24
    28
    15
    24
    20
    16
    23
    19
    22
    13
    13
    14
    18
    17
    21
    9
    10
    19
    10
    24
    14
    650
    556
    545
    484
    414
    404
    357
    343
    326
    334
    309
    285
    293
    237
    239
    253
    234
    217
    213
    197
    182
    164
    152
    139
    156
    141
    141
    151
    149
    107
    111
    112
    109
    118
    116
    84
    82
    106
    79
    68
    78
    88
    79
    76
    78
    66
    73
    79
    70
    59
    45
    67
    56
    48
    43
    53
    45
    35
    35
    47
    40
    39
    35
    42
    40
    38
    35
    39
    32
    28
    29
    24
    25
    32
    27
    32
    34
    25
    25
    23
    31
    28
    26
    20
    23
    22
    24
    17
    17
    18
    14
    19
    17
    17
    18
    14
    11
    25
    12
    9

Data:
    0
    0
    0
    0
    0
    0
    0
    0
    0
    0
    0
    0
    0
    0
    0
    0
    0
    0
    0
    0
    0
    0
    0
    0
    0
    0
    0
    0
    0
    0
    0
    0
    0
    0
    0
    0
    0
    0
    0
    0
    0
    0
    0
    0
    0
    0
    0
    0
    0
    0
    0
    0
    0
    0
    0
    0
    0
    0
    0
    0
    0
    0
    0
    0
    0
    0
    0
    0
    0
    0
    0
    0
    0
    0
    0
    0
    0
    0
    0
    0
    0
    0
    0
    0
    0
    0
    0
    0
    0
    0
    0
    0
    0
    0
    0
    0
    0
    0
    0
    0
    0
    0
    0
    0
    0
    0
    0
    0
    0
    0
    0
    0
    0
    0
    0
    0
    0
    0
    0
    0
    0
    0
    0
    0
    0
    0
    0
    0
    0
    0
    0
    0
    0
    0
    0
    0
    0
    0
    0
    0
    0
    0
    0
    0
    0
    0
    0
    0
    0
    0
    0
    0
    0
    0
    0
    0
    0
    0
    0
    0
    0
    0
    0
    0
    0
    0
    0
    0
    0
    0
    0
    0
    0
    0
    0
    0
    0
    0
    0
    0
    0
    0
    0
    0
    0
    0
    0
    0
    0
    0
    0
    0
    0
    0
    0
    0
    0
    0
    0
    0
    0
    0
    0
    0
    0
    0
    0
    0
    0
    0
    0
    0
    0
    0
    0
    0
    0
    0
    0
    0
    0
    0
    0
    0
    0
    0
    0
    0
    0
    0
    0
    0
    0
    0
    0
    0
    0
    0
    0
    0
    0
    0
    0
    0
    0
    0
    0
    0
    0
    0
    0
    0
    0
    0
    0
    0
    0
    0
    0
    0
    0
    0
    0
    0
    0
    0
    0
    0
    0
    0
    0
    0
    0
    0
    0
    0
    0
    0
    0
    0
    0
    0
    0
    0
    0
    0
    0
    0
    0
    0
    0
    0
    0
    0
    0
    0
    0
    0
    0
    0
    0
    0
    0
    0
    0
    0
    0
    0
    0
    0
    0
    0
    0
    0
    0
    0
    0
    0
    0
    0
    0
    0
    0
    0
    0
    0
    0
    0
    0
    0
    0
    0
    0
    0
    0
    0
    0
    0
    0
    0
    0
    0
    0
    0
    0
    0
    0
    0
    0
    0
    0
    0
    0
    0
    0
    0
    0
    0
    0
    0
    0
    0
    0
    0
    0
    0
    0
    0
    0
    0
    0
    0
    0
    0
    0
    0
    0
    0
    0
    0
    0
    0
    0
    0
    0
    0
    0
    0
    0
    0
    0
    0
    0
    0
    0
    0
    0
    0
    0
    0
    0
    0
    0
    0
    0
    0
    0
    0
    0
    0
    0
    0
    0
    0
    0
    0
    0
    0
    0
    0
    0
    0
    0
    0
    0
    0
    0
    0
    0
    0
    0
    0
    0
    0
    0
    0
    0
    0
    0
    0
    0
    0
    0
    0
    0
    0
    0
    0
    0
    0
    0
    0
    0
    0
    0
    0
    0
    0
    0
    0
    0
    0
    0
    0
    0
    0
    0
    0
    0
    0
    0
    0
    0
    0
    0
    0
    0
    0
    0
    0
    0
    0
    0
    0
    0
    0
    0
    0
    0
    0
    0
    0
    0
    0
    0
    0
    0
    0
    0
    0
    0
    0
    0
    0
    0
    0
    0
    0
    0
    0
    0
    0
    0
    0
    0
    0
    0
    0
    0
    0
    0
    0
    0
    0
    0
    0
    0
    0
    0
    0
    0
    0
    0
    0
    0
    0
    0
    0
    0
    0
    0
    0
    0
    0
    0
    0
    0
    0
    0
    0
    0
    0
    0
    0
    0
    0
    0
    0
    0
    0
    0
    0
    0
    0
    0
    0
    0
    0
    0
    0
    0
    0
    0
    0
    0
    0
    0
    0
    0
    0
    0
    0
    0
    0
    0
    0
    0
    0
    0
    0
    0
    0
    0
    0
    0
    0
    0
    0
    0
    0
    0
    0
    0
    0
    0
    0
    0
    0
    0
    0
    0
    0
    0
    0
    0
    0
    0
    0
    0
    0
    0
    0
    0
    0
    0
    0
    0
    0
    0
    0
    0
    0
    0
    0
    0
    0
    0
    0
    0
    0
    0
    0
    0
    0
    0
    0
    0
    0
    0
    0
    0
    0
    0
    0
    0
    0
    0
    0
    0
    0
    0
    0
    0
    0
    0
    0
    0
    0
    0
    0
    0
    0
    0
    0
    0
    0
    0
    0
    0
    0
    0
    0
    0
    0
    0
    0
    0
    0
    0
    0
    0
    0
    0
    0
    0
    0
    0
    0
    0
    0
    0
    0
    0
    0
    0
    0
    0
    0
    0
    0
    0
    0
    0
    0
    0
    0
    0
    0
    0
    0
    0
    0
    0
    0
    0
    0
    0
    0
    0
    0
    0
    0
    0
    0
    0
    0
    0
    0
    0
    0
    0
    0
    0
    0
    0
    0
    0
    0
    0
    0
    0
    0
    0
    0
    0
    0
    0
    0
    0
    0
    0
    0
    0
    0
    0
    0
    0
    0
    0
    0
    0
    0
    0
    0
    0
    0
    0
    0
    0
    0
    0
    0
    0
    0
    0
    0
    0
    0
    0
    0
    0
    0
    0
    0
    0
    0
    0
    0
    0
    0
    0
    0
    0
    0
    0
    0
    0
    0
    0
    0
    0
    0
    0
    0
    0
    0
    0
    0
    0
    0
    0
    0
    0
    0
    0
    0
    0
    0
    0
    0
    0
    0
    0
    0
    0
    0
    0
    0
    0
    0
    0
    0
    0
    0
    0
    0
    0
    0
    0
    0
    0
    0
    0
    0
    0
    0
    0
    0
    0
    0
    0
    0
    0
    0
    0
    0
    0
    0
    0
    0
    0
    0
    0
    0
    0
    0
    0
    0
    0
    0
    0
    0
    0
    0
    0
    0
    0
    0
    0
    0
    0
    0
    0
    0
    0
    0
    0
    0
    0
    0
    0
    0
    0
    0
    0
    0
    0
    0
    0
    0
    0
    0
    0
    0
    0
    0
    0
    0
    0
    0
    0
    0
    0
    0
    0
    0
    0
    0
    0
    0
    0
    0
    0
    0
    0
    0
    0
    0
    0
    0
    0
    0
    0
    0
    0
    0
    0
    0
    0
    0
    0
    0
    0
    0
    0
    0
    0
    0
    0
    0
    0
    0
    0
    0
    0
    0
    0
    0
    0
    0
    0
    0
    0
    0
    0
    0
    0
    0
    0
    0
    0
    0
    0
    0
    0
    0
    0
    0
    0
    0
    0
    0
    0
    0
    0
    0
    0
    0
    0
    0
    0
    0
    0
    0
    0
    0
    0
    0
    0
    0
    0
    0
    0
    0
    0
    0
    0
    0
    0
    0
    0
    0
    0
    0
    0
    0
    0
    0
    0
    0
    0
    0
    0
    0
    0
    0
    0
    0
    0
    0
    0
    0
    0
    0
    0
    0
    0
    0
    0
    0
    0
    0
    0
    0
    0
    0
    0
    0
    0
    0
    0
    0
    0
    0
    0
    0
    0
    0
    0
    0
    0
    0
    0
    0
    0
    0
    0
    0
    0
    0
    0
    0
    0
    0
    0
    0
    0
    0
    0
    0
    0
    0
    0
    0
    0
    0
    0
    0
    0
    0
    0
    0
    0
    0
    0
    0
    0
    0
    0
    0
    0
    0
    0
    0
    0
    0
    0
    0
    0
    0
    0
    0
    0
    0
    0
    0
    0
    0
    0
    0
    0
    0
    0
    0
    0
    0
    0
    0
    0
    0
    0
    0
    0
    0
    0
    0
    0
    0
    0
    0
    0
    0
    0
    0
    0
    0
    0
    0
    0
    0
    0
    0
    0
    0
    0
    0
    0
    0
    0
    0
    0
    0
    0
    0
    0
    0
    0
    0
    0
    0
    0
    0
    0
    0
    0
    0
    0
    0
    0
    0
    0
    0
    0
    0
    0
    0
    0
    0
    0
    0
    0
    0
    0
    0
    0
    0
    0
    0
    0
    0
    0
    0
    0
    0
    0
    0
    0
    0
    0
    0
    0
    0
    0
    0
    0
    0
    0
    0
    0
    0
    0
    0
    0
    0
    0
    0
    0
    0
    0
    0
    0
    0
    0
    0
    0
    0
    0
    0
    0
    0
    0
    0
    0
    0
    0
    0
    0
    0
    0
    0
    0
    0
    0
    0
    0
    0
    0
    0
    0
    0
    0
    0
    0
    0
    0
    0
    0
    0
    0
    0
    0
    0
    0
    0
    0
    0
    0
    0
    0
    0
    0
    0
    0
    0
    0
    0
    0
    0
    0
    0
    0
    0
    0
    0
    0
    0
    0
    0
    0
    0
    0
    0
    0
    0
    0
    0
    0
    0
    0
    0
    0
    0
    0
    0
    0
    0
    0
    0
    0
    0
    0
    0
    0
    0
    0
    0
    0
    0
    0
    0
    0
    0
    0
    0
    0
    0
    0
    0
    0
    0
    0
    0
    0
    0
    0
    0
    0
    0
    0
    0
    0
    0
    0
    0
    0
    0
    0
    0
    0
    0
    0
    0
    0
    0
    0
    0
    0
    0
    0
    0
    0
    0
    0
    0
    0
    0
    0
    0
    0
    0
    0
    0
    0
    0
    0
    0
    0
    0
    0
    0
    0
    0
    0
    0
    0
    0
    0
    0
    0
    0
    0
    0
    0
    0
    0
    0
    0
    0
    0
    0
    0
    0
    0
    0
    0
    0
    0
    0
    0
    0
    0
    0
    0
    0
    0
    0
    0
    0
    0
    0
    0
    0
    0
    0
    0
    0
    0
    0
    0
    0
    0
    0
    0
    0
    0
    0
    0
    0
    0
    0
    0
    0
    0
    0
    0
    0
    0
    0
    0
    0
    0
    0
    0
    0
    0
    0
    0
    0
    0
    0
    0
    0
    0
    0
    0
    0
    0
    0
    0
    0
    0
    0
    0
    0
    0
    0
    0
    0
    0
    0
    0
    0
    0
    0
    0
    0
    0
    0
    0
    0
    0
    0
    0
    0
    0
    0
    0
    0
    0
    0
    0
    0
    0
    0
    0
    0
    0
    0
    0
    0
    0
    0
    0
    0
    0
    0
    0
    0
    0
    0
    0
    0
    0
    0
    0
    0
    0
    0
    0
    0
    0
    0
    0
    0
    0
    0
    0
    0
    0
    0
    0
    0
    0
    0
    0
    0
    0
    0
    0
    0
    0
    0
    0
    0
    0
    0
    0
    0
    0
    0
    0
    0
    0
    0
    0
    0
    0
    0
    0
    0
    0
    0
    0
    0
    0
    0
    0
    0
    0
    0
    0
    0
    0
    0
    0
    0
    0
    0
    0
    0
    0
    0
    0
    0
    0
    0
    0
    0
    0
    0
    0
    0
    0
    0
    0
    0
    0
    0
    0
    0
    0
    0
    0
    0
    0
    0
    0
    0
    0
    0
    0
    0
    0
    0
    0
    0
    0
    0
    0
    0
    0
    0
    0
    0
    0
    0
    0
    0
    0
    0
    0
    0
    0
    0
    0
    0
    0
    0
    0
    0
    0
    0
    0
    0
    0
    0
    0
    0
    0
    0
    0
    0
    0
    0
    0
    0
    0
    0
    0
    0
    0
    0
    0
    0
    0
    0
    0
    0
    0
    0
    0
    0
    0
    0
    0
    0
    0
    0
    0
    0
    0
    0
    0
    0
    0
    0
    0
    0
    0
    0
    0
    0
    0
    0
    0
    0
    0
    0
    0
    0
    0
    0
    0
    0
    0
    0
    0
    0
    0
    0
    0
    0
    0
    0
    0
    0
    0
    0
    0
    0
    0
    0
    0
    0
    0
    0
    0
    0
    0
    0
    0
    0
    0
    0
    0
    0
    0
    0
    0
    0
    0
    0
    0
    0
    0
    0
    0
    0
    0
    0
    0
    0
    0
    0
    0
    0
    0
    0
    0
    0
    0
    0
    0
    0
    0
    0
    0
    0
    0
    0
    0
    0
    0
    0
    0
    0
    0
    0
    0
    0
    0
    0
    0
    0
    0
    0
    0
    0
    0
    0
    0
    0
    0
    0
    0
    0
    0
    0
    0
    0
    0
    0
    0
    0
    0
    0
    0
    0
    0
    0
    0
    0
    0
    0
    0
    0
    0
    0
    0
    0
    0
    0
    0
    0
    0
    0
    0
    0
    0
    0
    0
    0
    0
    0
    0
    0
    0
    0
    0
    0
    0
    0
    0
    0
    0
    0
    0
    0
    0
    0
    0
    0
    0
    0
    0
    0
    0
    0
    0
    0
    0
    0
    0
    0
    0
    0
    0
    0
    0
    0
    0
    0
    0
    0
    0
    0
    0
    0
    0
    0
    0
    0
    0
    0
    0
    0
    0
    0
    0
    0
    0
    0
    0
    0
    0
    0
    0
    0
    0
    0
    0
    0
    0
    0
    0
    0
    0
    0
    0
    0
    0
    0
    0
    0
    0
    0
    0
    0
    0
    0
    0
    0
    0
    0
    0
    0
    0
    0
    0
    0
    0
    0
    0
    0
    0
    0
    0
    0
    0
    0
    0
    0
    0
    0
    0
    0
    0
    0
    0
    0
    0
    0
    0
    0
    0
    0
    0
    0
    0
    0
    0
    0
    0
    0
    0
    0
    0
    0
    0
    0
    0
    0
    0
    0
    0
    0
    0
    0
    0
    0
    0
    0
    0
    0
    0
    0
    0
    0
    0
    0
    0
    0
    0
    0
    0
    0
    0
    0
    0
    0
    0
    0
    0
    0
    0
    0
    0
    0
    0
    0
    0
    0
    0
    0
    0
    0
    0
    0
    0
    0
    0
    0
    0
    0
    0
    0
    0
    0
    0
    0
    0
    0
    0
    0
    0
    0
    0
    0
    0
    0
    0
    0
    0
    0
    0
    0
    0
    0
    0
    0
    0
    0
    0
    0
    0
    0
    0
    0
    0
    0
    0
    0
    0
    0
    0
    0
    0
    0
    0
    0
    0
    0
    0
    0
    0
    0
    0
    0
    0
    0
    0
    0
    0
    0
    0
    0
    0
    0
    0
    0
    0
    0
    0
    0
    0
    0
    0
    0
    0
    0
    0
    0
    0
    0
    0
    0
    0
    0
    0
    0
    0
    0
    0
    0
    0
    0
    0
    0
    0
    0
    0
    0
    0
    0
    0
    0
    0
    0
    0
    0
    0
    0
    0
    0
    0
    0
    0
    0
    0
    0
    0
    0
    0
    0
    0
    0
    0
    0
    0
    0
    0
    0
    0
    0
    0
    0
    0
    0
    0
    0
    0
    0
    0
    0
    0
    0
    0
    0
    0
    0
    0
    0
    0
    0
    0
    0
    0
    0
    0
    0
    0
    0
    0
    0
    0
    0
    0
    0
    0
    0
    0
    0
    0
    0
    0
    0
    0
    0
    0
    0
    0
    0
    0
    0
    0
    0
    0
    0
    0
    0
    0
    0
    0
    0
    0
    0
    0
    0
    0
    0
    0
    0
    0
    0
    0
    0
    0
    0
    0
    0
    0
    0
    0
    0
    0
    0
    0
    0
    0
    0
    0
    0
    0
    0
    0
    0
    0
    0
    0
    0
    0
    0
    0
    0
    0
    0
    0
    0
    0
    0
    0
    0
    0
    0
    0
    0
    0
    0
    0
    0
    0
    0
    0
    0
    0
    0
    0
    0
    0
    0
    0
    0
    0
    0
    0
    0
    0
    0
    0
    0
    0
    0
    0
    0
    0
    0
    0
    0
    0
    0
    0
    0
    0
    0
    0
    0
    0
    0
    0
    0
    0
    0
    0
    0
    0
    0
    0
    0
    0
    0
    0
    0
    0
    0
    0
    0
    0
    0
    0
    0
    0
    0
    0
    0
    0
    0
    0
    0
    0
    0
    0
    0
    0
    0
    0
    0
    0
    0
    0
    0
    0
    0
    0
    0
    0
    0
    0
    0
    0
    0
    0
    0
    0
    0
    0
    0
    0
    0
    0
    0
    0
    0
    0
    0
    0
    0
    0
    0
    0
    0
    0
    0
    0
    0
    0
    0
    0
    0
    0
    0
    0
    0
    0
    0
    0
    0
    0
    0
    0
    0
    0
    0
    0
    0
    0
    0
    0
    0
    0
    0
    0
    0
    0
    0
    0
    0
    0
    0
    0
    0
    0
    0
    0
    0
    0
    0
    0
    0
    0
    0
    0
    0
    0
    0
    0
    0
    0
    0
    0
    0
    0
    0
    0
    0
    0
    0
    0
    0
    0
    0
    0
    0
    0
    0
    0
    0
    0
    0
    0
    0
    0
    0
    0
    0
    0
    0
    0
    0
    0
    0
    0
    0
    0
    0
    0
    0
    0
    0
    0
    0
    0
    0
    0
    0
    0
    0
    0
    0
    0
    0
    0
    0
    0
    0
    0
    0
    0
    0
    0
    0
    0
    0
    0
    0
    0
    0
    0
    0
    0
    0
    0
    0
    0
    0
    0
    0
    0
    0
    0
    0
    0
    0
    0
    0
    0
    0
    0
    0
    0
    0
    0
    0
    0
    0
    0
    0
    0
    0
    0
    0
    0
    0
    0
    0
    0
    0
    0
    0
    0
    0
    0
    0
    0
    0
    0
    0
    0
    0
    0
    0
    0
    0
    0
    0
    0
    0
    0
    0
    0
    0
    0
    0
    0
    0
    0
    0
    0
    0
    0
    0
    0
    0
    0
    0
    0
    0
    0
    0
    0
    0
    0
    0
    0
    0
    0
    0
    0
    0
    0
    0
    0
    0
    0
    0
    0
    0
    0
    0
    0
    0
    0
    0
    0
    0
    0
    0
    0
    0
    0
    0
    0
    0
    0
    0
    0
    0
    0
    0
    0
    0
    0
    0
    0
    0
    0
    0
    0
    0
    0
    0
    0
    0
    0
    0
    0
    0
    0
    0
    0
    0
    0
    0
    0
    0
    0
    0
    0
    0
    0
    0
    0
    0
    0
    0
    0
    0
    0
    0
    0
    0
    0
    0
    0
    0
    0
    0
    0
    0
    0
    0
    0
    0
    0
    0
    0
    0
    0
    0
    0
    0
    0
    0
    0
    0
    0
    0
    0
    0
    0
    0
    0
    0
    0
    0
    0
    0
    0
    0
    0
    0
    0
    0
    0
    0
    0
    0
    0
    0
    0
    0
    0
    0
    0
    0
    0
    0
    0
    0
    0
    0
    0
    0
    0
    0
    0
    0
    0
    0
    0
    0
    0
    0
    0
    0
    0
    0
    0
    0
    0
    0
    0
    0
    0
    0
    0
    0
    0
    0
    0
    0
    0
    0
    0
    0
    0
    0
    0
    0
    0
    0
    0
    0
    0
    0
    0
    0
    0
    0
    0
    0
    0
    0
    0
    0
    0
    0
    0
    0
    0
    0
    0
    0
    0
    0
    0
    0
    0
    0
    0
    0
    0
    0
    0
    0
    0
    0
    0
    0
    0
    0
    0
    0
    0
    0
    0
    0
    0
    0
    0
    0
    0
    0
    0
    0
    0
    0
    0
    0
    0
    0
    0
    0
    0
    0
    0
    0
    0
    0
    0
    0
    0
    0
    0
    0
    0
    0
    0
    0
    0
    0
    0
    0
    0
    0
    0
    0
    0
    0
    0
    0
    0
    0
    0
    0
    0
    0
    0
    0
    0
    0
    0
    0
    0
    0
    0
    0
    0
    0
    0
    0
    0
    0
    0
    0
    0
    0
    0
    0
    0
    0
    0
    0
    0
    0
    0
    0
    0
    0
    0
    0
    0
    0
    0
    0
    0
    0
    0
    0
    0
    0
    0
    0
    0
    0
    0
    0
    0
    0
    0
    0
    0
    0
    0
    0
    0
    0
    0
    0
    0
    0
    0
    0
    0
    0
    0
    0
    0
    0
    0
    0
    0
    0
    0
    0
    0
    0
    0
    0
    0
    0
    0
    0
    0
    0
    0
    0
    0
    0
    0
    0
    0
    0
    0
    0
    0
    0
    0
    0
    0
    0
    0
    0
    0
    0
    0
    0
    0
    0
    0
    0
    0
    0
    0
    0
    0
    0
    0
    0
    0
    0
    0
    0
    0
    0
    0
    0
    0
    0
    0
    0
    0
    0
    0
    0
    0
    0
    0
    0
    0
    0
    0
    0
    0
    0
    0
    0
    0
    0
    0
    0
    0
    0
    0
    0
    0
    0
    0
    0
    0
    0
    0
    0
    0
    0
    0
    0
    0
    0
    0
    0
    0
    0
    0
    0
    0
    0
    0
    0
    0
    0
    0
    0
    0
    0
    0
    0
    0
    0
    0
    0
    0
    0
    0
    0
    0
    0
    0
    0
    0
    0
    0
    0
    0
    0
    0
    0
    0
    0
    0
    0
    0
    0
    0
    0
    0
    0
    0
    0
    0
    0
    0
    0
    0
    0
    0
    0
    0
    0
    0
    0
    0
    0
    0
    0
    0
    0
    0
    0
    0
    0
    0
    0
    0
    0
    0
    0
    0
    0
    0
    0
    0
    0
    0
    0
    0
    0
    0
    0
    0
    0
    0
    0
    0
    0
    0
    0
    0
    0
    0
    0
    0
    0
    0
    0
    0
    0
    0
    0
    0
    0
    0
    0
    0
    0
    0
    0
    0
    0
    0
    0
    0
    0
    0
    0
    0
    0
    0
    0
    0
    0
    0
    0
    0
    0
    0
    0
    0
    0
    0
    0
    0
    0
    0
    0
    0
    0
    0
    0
    0
    0
    0
    0
    0
    0
    0
    0
    0
    0
    0
    0
    0
    0
    0
    0
    0
    0
    0
    0
    0
    0
    0
    0
    0
    0
    0
    0
    0
    0
    0
    0
    0
    0
    0
    0
    0
    0
    0
    0
    0
    0
    0
    0
    0
    0
    0
    0
    0
    0
    0
    0
    0
    0
    0
    0
    0
    0
    0
    0
    0
    0
    0
    0
    0
    0
    0
    0
    0
    0
    0
    0
    0
    0
    0
    0
    0
    0
    0
    0
    0
    0
    0
    0
    0
    0
    0
    0
    0
    0
    0
    0
    0
    0
    0
    0
    0
    0
    0
    0
    0
    0
    0
    0
    0
    0
    0
    0
    0
    0
    0
    0
    0
    0
    0
    0
    0
    0
    0
    0
    0
    0
    0
    0
    0
    0
    0
    0
    0
    0
    0
    0
    0
    0
    0
    0
    0
    0
    0
    0
    0
    0
    0
    0
    0
    0
    0
    0
    0
    0
    0
    0
    0
    0
    0
    0
    0
    0
    0
    0
    0
    0
    0
    0
    0
    0
    0
    0
    0
    0
    0
    0
    0
    0
    0
    0
    0
    0
    0
    0
    0
    0
    0
    0
    0
    0
    0
    0
    0
    0
    0
    0
    0
    0
    0
    0
    0
    0
    0
    0
    0
    0
    0
    0
    0
    0
    0
    0
    0
    0
    0
    0
    0
    0
    0
    0
    0
    0
    0
    0
    0
    0
    0
    0
    0
    0
    0
    0
    0
    0
    0
    0
    0
    0
    0
    0
    0
    0
    0
    0
    0
    0
    0
    0
    0
    0
    0
    0
    0
    0
    0
    0
    0
    0
    0
    0
    0
    0
    0
    0
    0
    0
    0
    0
    0
    0
    0
    0
    0
    0
    0
    0
    0
    0
    0
    0
    0
    0
    0
    0
    0
    0
    0
    0
    0
    0
    0
    0
    0
    0
    0
    0
    0
    0
    0
    0
    0
    0
    0
    0
    0
    0
    0
    0
    0
    0
    0
    0
    0
    0
    0
    0
    0
    0
    0
    0
    0
    0
    0
    0
    0
    0
    0
    0
    0
    0
    0
    0
    0
    0
    0
    0
    0
    0
    0
    0
    0
    0
    0
    0
    0
    0
    0
    0
    0
    0
    0
    0
    0
    0
    0
    0
    0
    0
    0
    0
    0
    0
    0
    0
    0
    0
    0
    0
    0
    0
    0
    0
    0
    0
    0
    0
    0
    0
    0
    0
    0
    0
    0
    0
    0
    0
    0
    0
    0
    0
    0
    0
    0
    0
    0
    0
    0
    0
    0
    0
    0
    0
    0
    0
    0
    0
    0
    0
    0
    0
    0
    0
    0
    0
    0
    0
    0
    0
    0
    0
    0
    0
    0
    0
    0
    0
    0
    0
    0
    0
    0
    0
    0
    0
    0
    0
    0
    0
    0
    0
    0
    0
    0
    0
    0
    0
    0
    0
    0
    0
    0
    0
    0
    0
    0
    0
    0
    0
    0
    0
    0
    0
    0
    0
    0
    0
    0
    0
    0
    0
    0
    0
    0
    0
    0
    0
    0
    0
    0
    0
    0
    0
    0
    0
    0
    0
    0
    0
    0
    0
    0
    0
    0
    0
    0
    0
    0
    0
    0
    0
    0
    0
    0
    0
    0
    0
    0
    0
    0
    0
    0
    0
    0
    0
    0
    0
    0
    0
    0
    0
    0
    0
    0
    0
    0
    0
    0
    0
    0
    0
    0
    0
    0
    0
    0
    0
    0
    0
    0
    0
    0
    0
    0
    0
    0
    0
    0
    0
    0
    0
    0
    0
    0
    0
    0
    0
    0
    0
    0
    0
    0
    0
    0
    0
    0
    0
    0
    0
    0
    0
    0
    0
    0
    0
    0
    0
    0
    0
    0
    0
    0
    0
    0
    0
    0
    0
    0
    0
    0
    0
    0
    0
    0
    0
    0
    0
    0
    0
    0
    0
    0
    0
    0
    0
    0
    0
    0
    0
    0
    0
    0
    0
    0
    0
    0
    0
    0
    0
    0
    0
    0
    0
    0
    0
    0
    0
    0
    0
    0
    0
    0
    0
    0
    0
    0
    0
    0
    0
    0
    0
    0
    0
    0
    0
    0
    0
    0
    0
    0
    0
    0
    0
    0
    0
    0
    0
    0
    0
    0
    0
    0
    0
    0
    0
    0
    0
    0
    0
    0
    0
    0
    0
    0
    0
    0
    0
    0
    0
    0
    0
    0
    0
    0
    0
    0
    0
    0
    0
    0
    0
    0
    0
    0
    0
    0
    0
    0
    0
    0
    0
    0
    0
    0
    0
    0
    0
    0
    0
    0
    0
    0
    0
    0
    0
    0
    0
    0
    0
    0
    0
    0
    0
    0
    0
    0
    0
    0
    0
    0
    0
    0
    0
    0
    0
    0
    0
    0
    0
    0
    0
    0
    0
    0
    0
    0
    0
    0
    0
    0
    0
    0
    0
    0
    0
    0
    0
    0
    0
    0
    0
    0
    0
    0
    0
    0
    0
    0
    0
    0
    0
    0
    0
    0
    0
    0
    0
    0
    0
    0
    0
    0
    0
    0
    0
    0
    0
    0
    0
    0
    0
    0
    0
    0
    0
    0
    0
    0
    0
    0
    0
    0
    0
    0
    0
    0
    0
    0
    0
    0
    0
    0
    0
    0
    0
    0
    0
    0
    0
    0
    0
    0
    0
    0
    0
    0
    0
    0
    0
    0
    0
    0
    0
    0
    0
    0
    0
    0
    0
    0
    0
    0
    0
    0
    0
    0
    0
    0
    0
    0
    0
    0
    0
    0
    0
    0
    0
    0
    0
    0
    0
    0
    0
    0
    0
    0
    0
    0
    0
    0
    0
    0
    0
    0
    0
    0
    0
    0
    0
    0
    0
    0
    0
    0
    0
    0
    0
    0
    0
    0
    0
    0
    0
    0
    0
    0
    0
    0
    0
    0
    0
    0
    0
    0
    0
    0
    0
    0
    0
    0
    0
    0
    0
    0
    0
    0
    0
    0
    0
    0
    0
    0
    0
    0
    0
    0
    0
    0
    0
    0
    0
    0
    0
    0
    0
    0
    0
    0
    0
    0
    0
    0
    0
    0
    0
    0
    0
    0
    0
    0
    0
    0
    0
    0
    0
    0
    0
    0
    0
    0
    0
    0
    0
    0
    0
    0
    0
    0
    0
    0
    0
    0
    0
    0
    0
    0
    0
    0
    0
    0
    0
    0
    0
    0
    0
    0
    0
    0
    0
    0
    0
    0
    0
    0
    0
    0
    0
    0
    0
    0
    0
    0
    0
    0
    0
    0
    0
    0
    0
    0
    0
    0
    0
    0
    0
    0
    0
    0
    0
    0
    0
    0
    0
    0
    0
    0
    0
    0
    0
    0
    0
    0
    0
    0
    0
    0
    0
    0
    0
    0
    0
    0
    0
    0
    0
    0
    0
    0
    0
    0
    0
    0
    0
    0
    0
    0
    0
    0
    0
    0
    0
    0
    0
    0
    0
    0
    0
    0
    0
    0
    0
    0
    0
    0
    0
    0
    0
    0
    0
    0
    0
    0
    0
    0
    0
    0
    0
    0
    0
    0
    0
    0
    0
    0
    0
    0
    0
    0
    0
    0
    0
    0
    0
    0
    0
    0
    0
    0
    0
    0
    0
    0
    0
    0
    0
    0
    0
    0
    0
    0
    0
    0
    0
    0
    0
    0
    0
    0
    0
    0
    0
    0
    0
    0
    0
    0
    0
    0
    0
    0
    0
    0
    0
    0
    0
    0
    0
    0
    0
    0
    0
    0
    0
    0
    0
    0
    0
    0
    0
    0
    0
    0
    0
    0
    0
    0
    0
    0
    0
    0
    0
    0
    0
    0
    0
    0
    0
    0
    0
    0
    0
    0
    0
    0
    0
    0
    0
    0
    0
    0
    0
    0
    0
    0
    0
    0
    0
    0
    0
    0
    0
    0
    0
    0
    0
    0
    0
    0
    0
    0
    0
    0
    0
    0
    0
    0
    0
    0
    0
    0
    0
    0
    0
    0
    0
    0
    0
    0
    0
    0
    0
    0
    0
    0
    0
    0
    0
    0
    0
    0
    0
    0
    0
    0
    0
    0
    0
    0
    0
    0
    0
    0
    0
    0
    0
    0
    0
    0
    0
    0
    0
    0
    0
    0
    0
    0
    0
    0
    0
    0
    0
    0
    0
    0
    0
    0
    0
    0
    0
    0
    0
    0
    0
    0
    0
    0
    0
    0
    0
    0
    0
    0
    0
    0
    0
    0
    0
    0
    0
    0
    0
    0
    0
    0
    0
    0
    0
    0
    0
    0
    0
    0
    0
    0
    0
    0
    0
    0
    0
    0
    0
    0
    0
    0
    0
    0
    0
    0
    0
    0
    0
    0
    0
    0
    0
    0
    0
    0
    0
    0
    0
    0
    0
    0
    0
    0
    0
    0
    0
    0
    0
    0
    0
    0
    0
    0
    0
    0
    0
    0
    0
    0
    0
    0
    0
    0
    0
    0
    0
    0
    0
    0
    0
    0
    0
    0
    0
    0
    0
    0
    0
    0
    0
    0
    0
    0
    0
    0
    0
    0
    0
    0
    0
    0
    0
    0
    0
    0
    0
    0
    0
    0
    0
    0
    0
    0
    0
    0
    0
    0
    0
    0
    0
    0
    0
    0
    0
    0
    0
    0
    0
    0
    0
    0
    0
    0
    0
    0
    0
    0
    0
    0
    0
    0
    0
    0
    0
    0
    0
    0
    0
    0
    0
    0
    0
    0
    0
    0
    0
    0
    0
    0
    0
    0
    0
    0
    0
    0
    0
    0
    0
    0
    0
    0
    0
    0
    0
    0
    0
    0
    0
    0
    0
    0
    0
    0
    0
    0
    0
    0
    0
    0
    0
    0
    0
    0
    0
    0
    0
    0
    0
    0
    0
    0
    0
    0
    0
    0
    0
    0
    0
    0
    0
    0
    0
    0
    0
    0
    0
    0
    0
    0
    0
    0
    0
    0
    0
    0
    0
    0
    0
    0
    0
    0
    0
    0
    0
    0
    0
    0
    0
    0
    0
    0
    0
    0
    0
    0
    0
    0
    0
    0
    0
    0
    0
    0
    0
    0
    0
    0
    0
    0
    0
    0
    0
    0
    0
    0
    0
    0
    0
    0
    0
    0
    0
    0
    0
    0
    0
    0
    0
    0
    0
    0
    0
    0
    0
    0
    0
    0
    0
    0
    0
    0
    0
    0
    0
    0
    0
    0
    0
    0
    0
    0
    0
    0
    0
    0
    0
    0
    0
    0
    0
    0
    0
    0
    0
    0
    0
    0
    0
    0
    0
    0
    0
    0
    0
    0
    0
    0
    0
    0
    0
    0
    0
    0
    0
    0
    0
    0
    0
    0
    0
    0
    0
    0
    0
    0
    0
    0
    0
    0
    0
    0
    0
    0
    0
    0
    0
    0
    0
    0
    0
    0
    0
    0
    0
    0
    0
    0
    0
    0
    0
    0
    0
    0
    0
    0
    0
    0
    0
    0
    0
    0
    0
    0
    0
    0
    0
    0
    0
    0
    0
    0
    0
    0
    0
    0
    0
    0
    0
    0
    0
    0
    0
    0
    0
    0
    0
    0
    0
    0
    0
    0
    0
    0
    0
    0
    0
    0
    0
    0
    0
    0
    0
    0
    0
    0
    0
    0
    0
    0
    0
    0
    0
    0
    0
    0
    0
    0
    0
    0
    0
    0
    0
    0
    0
    0
    0
    0
    0
    0
    0
    0
    0
    0
    0
    0
    0
    0
    0
    0
    0
    0
    0
    0
    0
    0
    0
    0
    0
    0
    0
    0
    0
    0
    0
    0
    0
    0
    0
    0
    0
    0
    0
    0
    0
    0
    0
    0
    0
    0
    0
    0
    0
    0
    0
