Project Info:
    ACQ Time: 2019- 9-24   9:29:17: 995 .
    Project: tq左侧足三里（加深红药水）
    Name: 
    Part:  
    Operator:  
    Desc.:  
    Sample Data Acquired.

ACQ Parameters:
    Excited Peroid(ms): 50
    Excited Time(ms): 10
    Acq Delay Time(us): 10
    Gate Time(ms): 20
    Count Num per gate: 100
    Repeat Times: 50
    Acq Gate Times: 1
    Interval per Gate(us): 100
    Channel Number: 2

Data:
    348
    322
    318
    298
    242
    211
    219
    179
    180
    163
    164
    143
    161
    143
    122
    102
    120
    83
    103
    117
    107
    91
    83
    87
    71
    76
    86
    94
    69
    57
    67
    65
    64
    59
    51
    48
    37
    30
    35
    47
    47
    36
    39
    40
    27
    36
    35
    28
    31
    27
    35
    28
    26
    24
    23
    34
    19
    20
    18
    20
    17
    18
    12
    13
    21
    13
    20
    16
    23
    24
    16
    17
    16
    13
    14
    25
    7
    9
    9
    19
    13
    6
    8
    8
    4
    12
    11
    5
    10
    6
    13
    4
    5
    13
    12
    6
    7
    8
    8
    6
    351
    339
    310
    268
    245
    238
    211
    195
    186
    154
    180
    149
    144
    126
    117
    131
    105
    95
    94
    108
    83
    93
    108
    74
    95
    73
    76
    61
    89
    41
    53
    52
    51
    47
    43
    57
    42
    51
    43
    46
    40
    30
    43
    28
    36
    37
    43
    32
    22
    21
    28
    28
    30
    29
    18
    24
    20
    23
    32
    15
    28
    14
    19
    21
    17
    17
    19
    15
    16
    14
    13
    17
    14
    18
    18
    8
    12
    9
    6
    12
    8
    12
    5
    7
    11
    15
    13
    7
    8
    8
    8
    9
    8
    8
    9
    9
    6
    9
    7
    8
    327
    324
    298
    283
    244
    231
    203
    185
    196
    181
    156
    152
    162
    160
    111
    128
    125
    105
    111
    87
    109
    94
    104
    71
    85
    65
    53
    63
    52
    70
    64
    62
    70
    54
    57
    44
    47
    49
    41
    43
    36
    29
    44
    33
    33
    36
    35
    33
    43
    30
    30
    33
    24
    23
    27
    22
    17
    23
    18
    15
    17
    17
    16
    16
    14
    14
    19
    18
    18
    21
    11
    16
    15
    9
    17
    10
    11
    13
    14
    13
    11
    4
    11
    10
    17
    11
    3
    13
    10
    5
    5
    8
    12
    5
    8
    10
    10
    5
    11
    9
    377
    350
    326
    273
    241
    228
    215
    217
    176
    197
    167
    152
    145
    149
    120
    139
    109
    127
    103
    103
    87
    108
    82
    89
    78
    83
    60
    69
    57
    51
    68
    68
    58
    59
    42
    53
    51
    44
    47
    47
    42
    41
    37
    39
    27
    38
    34
    29
    36
    26
    24
    25
    30
    25
    32
    22
    28
    18
    22
    15
    19
    13
    20
    19
    15
    15
    17
    17
    14
    11
    18
    9
    21
    8
    13
    12
    14
    10
    13
    9
    12
    13
    8
    12
    7
    10
    3
    7
    12
    7
    12
    5
    6
    4
    11
    4
    11
    4
    7
    7
    370
    359
    305
    267
    222
    234
    236
    195
    183
    166
    178
    144
    136
    145
    123
    128
    108
    115
    113
    124
    101
    94
    89
    92
    76
    72
    64
    71
    71
    54
    67
    71
    61
    48
    53
    40
    38
    48
    37
    30
    52
    35
    31
    45
    40
    34
    32
    30
    28
    21
    13
    30
    31
    27
    29
    18
    14
    37
    22
    28
    18
    30
    17
    29
    20
    18
    12
    4
    13
    10
    17
    21
    11
    9
    17
    11
    14
    13
    10
    6
    13
    6
    11
    12
    7
    14
    8
    7
    9
    12
    4
    7
    7
    9
    8
    11
    6
    9
    9
    8
    381
    336
    328
    289
    246
    238
    241
    183
    182
    186
    185
    141
    132
    166
    125
    118
    126
    108
    114
    97
    105
    105
    106
    81
    87
    93
    88
    62
    52
    57
    49
    53
    68
    67
    38
    48
    52
    46
    42
    39
    29
    51
    40
    34
    32
    35
    29
    30
    35
    33
    28
    30
    32
    20
    24
    22
    24
    23
    25
    16
    28
    18
    23
    16
    15
    13
    15
    23
    17
    23
    14
    16
    17
    22
    11
    18
    11
    12
    15
    11
    16
    7
    7
    13
    6
    9
    11
    12
    13
    10
    7
    9
    5
    8
    4
    9
    6
    10
    9
    11
    369
    306
    291
    265
    265
    229
    208
    190
    180
    189
    168
    143
    143
    132
    134
    112
    115
    117
    94
    113
    89
    107
    100
    83
    88
    69
    79
    52
    69
    63
    53
    48
    63
    50
    54
    46
    53
    46
    40
    55
    48
    42
    37
    38
    32
    38
    42
    37
    37
    28
    23
    20
    23
    23
    21
    21
    33
    23
    27
    26
    23
    16
    13
    20
    12
    17
    16
    12
    11
    15
    11
    14
    14
    18
    18
    10
    11
    11
    18
    5
    8
    9
    10
    13
    7
    11
    10
    9
    7
    7
    6
    10
    15
    6
    8
    11
    7
    3
    4
    3
    399
    365
    304
    290
    250
    211
    211
    234
    179
    181
    191
    143
    152
    123
    134
    119
    124
    104
    109
    99
    92
    80
    98
    94
    100
    92
    56
    66
    68
    55
    75
    55
    71
    57
    42
    44
    45
    45
    39
    43
    47
    46
    40
    30
    33
    37
    38
    37
    29
    38
    24
    30
    29
    21
    31
    22
    16
    15
    19
    29
    17
    17
    18
    17
    24
    11
    20
    24
    15
    15
    17
    13
    13
    10
    12
    13
    18
    11
    13
    12
    10
    13
    16
    12
    12
    10
    10
    20
    6
    12
    4
    3
    10
    7
    12
    10
    7
    9
    3
    7
    354
    371
    312
    289
    258
    231
    219
    224
    215
    187
    159
    170
    154
    128
    147
    105
    104
    119
    119
    97
    99
    94
    96
    92
    77
    75
    88
    63
    72
    81
    57
    41
    59
    42
    45
    37
    54
    46
    41
    47
    41
    30
    50
    35
    41
    19
    34
    32
    29
    17
    23
    22
    30
    24
    16
    27
    22
    23
    20
    17
    20
    20
    15
    14
    13
    17
    21
    25
    13
    26
    16
    12
    8
    16
    7
    7
    13
    18
    9
    6
    10
    13
    8
    11
    7
    4
    15
    9
    5
    8
    9
    7
    9
    5
    6
    8
    6
    5
    8
    8
    391
    317
    325
    248
    260
    230
    198
    206
    190
    193
    193
    147
    133
    132
    162
    117
    119
    128
    117
    109
    109
    84
    76
    84
    81
    86
    77
    76
    56
    71
    73
    62
    69
    51
    41
    47
    45
    45
    52
    38
    33
    41
    55
    50
    30
    37
    24
    18
    30
    41
    14
    31
    17
    24
    15
    16
    17
    31
    13
    28
    22
    18
    13
    20
    13
    18
    19
    15
    15
    17
    16
    18
    15
    15
    13
    11
    13
    9
    7
    22
    8
    8
    8
    19
    14
    16
    9
    12
    19
    12
    9
    4
    14
    11
    6
    7
    9
    13
    10
    9
    387
    354
    302
    267
    263
    236
    229
    187
    181
    174
    161
    147
    154
    154
    127
    125
    105
    117
    109
    86
    96
    99
    79
    77
    66
    86
    69
    60
    77
    66
    61
    54
    44
    59
    43
    51
    35
    35
    54
    37
    34
    26
    46
    31
    33
    29
    29
    42
    32
    28
    32
    32
    25
    26
    28
    19
    28
    29
    23
    17
    20
    10
    18
    16
    19
    14
    9
    13
    20
    16
    15
    16
    12
    11
    15
    15
    8
    23
    12
    14
    14
    11
    9
    7
    8
    5
    10
    9
    9
    9
    7
    9
    9
    6
    11
    8
    5
    6
    4
    6
    389
    331
    329
    312
    256
    253
    206
    191
    202
    175
    172
    183
    163
    138
    128
    108
    133
    118
    93
    103
    94
    76
    80
    69
    77
    76
    72
    71
    65
    81
    53
    58
    59
    65
    48
    51
    48
    42
    32
    43
    43
    45
    50
    38
    24
    39
    36
    24
    33
    30
    30
    25
    34
    31
    25
    24
    15
    23
    23
    21
    25
    25
    16
    28
    26
    19
    8
    18
    15
    21
    18
    14
    19
    9
    25
    7
    17
    13
    14
    12
    13
    17
    17
    9
    2
    4
    13
    14
    6
    11
    15
    6
    7
    7
    6
    6
    5
    7
    11
    6
    375
    344
    324
    275
    262
    232
    203
    216
    173
    192
    150
    168
    136
    151
    136
    136
    105
    88
    111
    106
    103
    97
    100
    91
    96
    95
    65
    76
    73
    58
    64
    54
    56
    49
    46
    59
    44
    44
    56
    38
    49
    43
    37
    40
    37
    43
    35
    26
    30
    27
    28
    21
    31
    29
    28
    29
    17
    27
    19
    22
    13
    24
    21
    17
    9
    13
    17
    17
    21
    17
    16
    15
    13
    9
    12
    13
    13
    12
    6
    11
    14
    12
    7
    12
    16
    9
    13
    6
    12
    7
    10
    10
    9
    7
    7
    12
    8
    6
    9
    5
    373
    343
    296
    275
    254
    257
    208
    192
    220
    170
    172
    154
    150
    140
    120
    139
    131
    112
    92
    94
    87
    89
    76
    77
    74
    81
    77
    64
    69
    74
    62
    57
    75
    67
    52
    31
    43
    52
    52
    37
    40
    36
    39
    46
    28
    38
    30
    37
    39
    29
    33
    27
    37
    29
    30
    30
    26
    23
    24
    22
    21
    26
    17
    18
    21
    26
    20
    11
    18
    15
    12
    11
    24
    17
    15
    9
    16
    14
    16
    13
    21
    12
    16
    9
    8
    15
    9
    7
    10
    9
    13
    4
    10
    7
    9
    5
    10
    8
    12
    6
    400
    324
    290
    281
    249
    236
    239
    190
    193
    184
    178
    167
    157
    141
    116
    114
    127
    135
    113
    101
    107
    87
    71
    91
    84
    66
    98
    58
    64
    67
    60
    54
    56
    62
    62
    36
    54
    51
    37
    49
    32
    44
    43
    32
    42
    26
    39
    32
    34
    35
    24
    32
    32
    19
    30
    25
    26
    29
    16
    23
    20
    24
    16
    22
    25
    17
    14
    18
    15
    20
    18
    11
    11
    13
    13
    12
    16
    12
    12
    13
    14
    13
    14
    5
    11
    11
    7
    8
    12
    7
    9
    4
    9
    10
    5
    7
    9
    5
    7
    9
    399
    329
    316
    296
    251
    237
    205
    199
    202
    174
    158
    166
    127
    137
    155
    119
    135
    115
    98
    105
    99
    85
    90
    97
    84
    76
    79
    74
    59
    82
    58
    62
    64
    65
    50
    44
    61
    53
    56
    50
    44
    41
    51
    43
    47
    33
    38
    30
    29
    31
    31
    25
    34
    30
    30
    17
    19
    14
    28
    27
    20
    16
    29
    18
    24
    25
    14
    15
    14
    17
    11
    11
    20
    14
    11
    18
    13
    14
    8
    10
    20
    8
    12
    15
    12
    7
    13
    17
    16
    6
    5
    9
    10
    8
    5
    7
    13
    11
    7
    5
    398
    331
    315
    303
    233
    218
    210
    208
    169
    177
    172
    155
    150
    138
    126
    126
    118
    132
    124
    91
    107
    93
    89
    92
    83
    69
    83
    65
    78
    64
    51
    50
    59
    53
    43
    64
    57
    47
    48
    39
    42
    50
    48
    34
    36
    35
    28
    30
    27
    28
    23
    25
    23
    20
    22
    28
    22
    24
    19
    17
    30
    18
    17
    14
    23
    16
    27
    23
    20
    16
    14
    20
    19
    17
    14
    10
    8
    15
    22
    10
    15
    13
    5
    14
    14
    10
    6
    6
    10
    18
    12
    5
    11
    13
    9
    6
    8
    2
    4
    9
    420
    386
    310
    267
    239
    244
    222
    226
    209
    187
    173
    156
    130
    143
    143
    121
    125
    110
    119
    90
    96
    84
    84
    91
    79
    93
    82
    74
    74
    60
    64
    61
    53
    58
    50
    60
    47
    44
    42
    44
    47
    41
    32
    29
    37
    31
    34
    43
    38
    22
    28
    35
    27
    24
    25
    21
    22
    19
    17
    25
    21
    25
    19
    17
    15
    21
    17
    14
    16
    18
    11
    19
    8
    13
    17
    16
    16
    16
    19
    7
    12
    14
    13
    12
    9
    14
    9
    8
    17
    15
    13
    11
    7
    6
    6
    11
    12
    8
    5
    8
    388
    334
    296
    295
    244
    245
    235
    189
    168
    186
    154
    171
    146
    135
    133
    138
    125
    118
    112
    99
    105
    81
    91
    83
    80
    81
    69
    58
    69
    57
    72
    65
    53
    49
    58
    67
    37
    47
    53
    36
    41
    34
    35
    38
    41
    41
    29
    46
    37
    28
    28
    23
    25
    28
    24
    24
    20
    26
    13
    24
    16
    26
    33
    19
    13
    18
    15
    21
    18
    7
    15
    15
    17
    14
    17
    13
    12
    18
    13
    12
    14
    13
    7
    9
    19
    5
    6
    12
    11
    11
    8
    13
    6
    5
    7
    9
    10
    14
    8
    2
    372
    344
    313
    267
    260
    242
    243
    210
    209
    184
    175
    153
    185
    146
    140
    126
    138
    119
    103
    102
    109
    104
    76
    85
    81
    70
    83
    89
    64
    60
    59
    60
    54
    55
    59
    50
    56
    41
    39
    37
    44
    47
    41
    34
    35
    36
    41
    35
    32
    30
    30
    22
    33
    29
    25
    22
    29
    18
    23
    24
    24
    16
    22
    23
    21
    18
    20
    13
    19
    15
    17
    12
    13
    12
    13
    12
    14
    17
    7
    12
    13
    13
    16
    9
    14
    11
    10
    12
    10
    7
    10
    11
    6
    5
    4
    10
    7
    9
    11
    4
    395
    327
    349
    295
    289
    229
    217
    193
    195
    170
    157
    149
    157
    156
    149
    134
    133
    113
    119
    87
    103
    106
    86
    78
    80
    84
    75
    66
    67
    51
    63
    59
    55
    63
    70
    64
    55
    56
    36
    45
    39
    50
    45
    45
    38
    24
    32
    40
    30
    27
    31
    28
    38
    26
    31
    17
    22
    21
    29
    29
    24
    20
    25
    10
    19
    13
    24
    17
    8
    20
    13
    10
    13
    16
    8
    12
    9
    13
    18
    12
    7
    13
    14
    10
    13
    10
    12
    9
    14
    10
    5
    11
    5
    7
    7
    10
    10
    9
    12
    6
    406
    375
    278
    234
    276
    253
    206
    172
    195
    166
    160
    166
    150
    144
    130
    127
    123
    121
    119
    109
    119
    109
    74
    77
    91
    77
    77
    67
    61
    73
    63
    72
    53
    56
    57
    68
    56
    51
    52
    44
    34
    39
    57
    39
    36
    35
    36
    27
    34
    28
    28
    24
    29
    27
    24
    29
    24
    10
    19
    20
    18
    13
    19
    22
    16
    22
    29
    16
    26
    12
    19
    13
    14
    15
    12
    12
    12
    14
    13
    10
    11
    15
    8
    13
    13
    13
    19
    7
    6
    10
    15
    9
    8
    12
    4
    9
    6
    5
    7
    3
    398
    356
    312
    288
    258
    222
    215
    205
    191
    169
    161
    176
    153
    162
    151
    116
    120
    110
    106
    107
    100
    114
    91
    77
    85
    66
    83
    77
    71
    79
    71
    81
    61
    69
    62
    46
    55
    43
    45
    49
    32
    35
    34
    34
    34
    40
    35
    39
    30
    20
    26
    32
    24
    25
    26
    26
    18
    21
    36
    20
    17
    15
    24
    16
    19
    14
    17
    12
    18
    10
    12
    17
    18
    21
    14
    11
    17
    11
    10
    11
    8
    10
    8
    14
    10
    15
    12
    12
    11
    10
    11
    12
    9
    13
    8
    10
    16
    6
    7
    6
    389
    358
    299
    280
    245
    244
    234
    179
    174
    181
    182
    151
    151
    127
    156
    125
    121
    122
    106
    100
    103
    111
    90
    93
    86
    92
    72
    82
    73
    82
    60
    48
    61
    49
    50
    63
    49
    48
    39
    47
    40
    46
    47
    36
    38
    33
    26
    34
    41
    32
    27
    29
    31
    20
    24
    20
    19
    21
    21
    27
    29
    20
    23
    20
    23
    18
    21
    21
    19
    13
    14
    18
    18
    13
    13
    13
    10
    11
    14
    15
    11
    15
    10
    9
    6
    11
    14
    9
    10
    13
    10
    7
    8
    12
    5
    12
    8
    13
    14
    5
    389
    353
    298
    269
    237
    226
    214
    192
    188
    164
    180
    170
    127
    156
    113
    118
    124
    108
    127
    105
    92
    102
    96
    71
    91
    86
    67
    69
    60
    63
    56
    68
    55
    48
    60
    57
    50
    59
    53
    30
    33
    41
    39
    30
    34
    33
    33
    36
    39
    32
    39
    37
    32
    33
    33
    26
    20
    20
    21
    22
    24
    22
    22
    24
    18
    23
    18
    17
    26
    11
    15
    21
    12
    10
    8
    8
    20
    10
    14
    9
    11
    7
    9
    14
    9
    12
    15
    8
    9
    17
    7
    11
    7
    12
    10
    9
    7
    6
    11
    13
    385
    323
    295
    308
    236
    232
    230
    188
    187
    168
    168
    173
    170
    147
    136
    116
    134
    108
    100
    121
    97
    95
    89
    93
    75
    72
    66
    88
    74
    57
    66
    64
    64
    55
    57
    48
    51
    46
    39
    50
    49
    37
    40
    33
    35
    40
    31
    30
    26
    35
    28
    30
    30
    21
    24
    27
    20
    28
    21
    24
    22
    17
    14
    12
    21
    19
    26
    11
    12
    14
    16
    19
    17
    18
    10
    15
    12
    13
    11
    9
    12
    15
    18
    15
    14
    10
    15
    11
    11
    13
    7
    10
    5
    10
    9
    14
    9
    7
    9
    3
    378
    330
    286
    284
    265
    237
    234
    194
    194
    189
    166
    164
    152
    120
    137
    130
    124
    98
    121
    93
    111
    109
    67
    76
    87
    89
    80
    90
    78
    65
    67
    66
    55
    60
    56
    45
    52
    52
    42
    47
    48
    35
    41
    37
    24
    38
    35
    43
    33
    26
    31
    29
    26
    30
    28
    20
    18
    24
    24
    26
    18
    23
    16
    14
    22
    11
    20
    17
    18
    21
    19
    17
    15
    15
    13
    18
    17
    19
    19
    13
    6
    5
    11
    11
    9
    6
    16
    7
    7
    8
    8
    12
    13
    6
    10
    5
    7
    10
    7
    5
    364
    394
    312
    276
    253
    269
    212
    196
    178
    154
    175
    158
    164
    124
    140
    143
    115
    112
    112
    92
    94
    96
    94
    93
    91
    86
    64
    80
    60
    87
    62
    60
    52
    68
    45
    45
    54
    42
    32
    53
    46
    47
    36
    27
    40
    37
    39
    34
    42
    25
    30
    23
    25
    19
    31
    25
    25
    17
    26
    27
    21
    19
    15
    18
    19
    23
    12
    17
    12
    19
    11
    17
    13
    14
    15
    14
    18
    12
    10
    11
    8
    6
    10
    14
    9
    5
    11
    11
    9
    5
    10
    9
    14
    9
    7
    11
    6
    2
    9
    9
    377
    364
    285
    273
    269
    238
    213
    208
    191
    178
    146
    174
    134
    137
    150
    126
    122
    123
    118
    122
    117
    109
    79
    77
    70
    84
    84
    79
    75
    71
    66
    56
    61
    59
    61
    54
    56
    36
    51
    44
    45
    42
    35
    36
    21
    37
    41
    45
    38
    29
    29
    30
    35
    25
    25
    23
    21
    18
    24
    23
    17
    25
    21
    16
    16
    22
    29
    19
    16
    17
    15
    16
    15
    13
    12
    17
    12
    14
    12
    14
    10
    12
    15
    1
    13
    12
    12
    11
    8
    11
    6
    8
    7
    3
    8
    7
    7
    4
    8
    6
    372
    347
    313
    270
    225
    264
    228
    198
    192
    188
    170
    135
    154
    125
    124
    129
    130
    125
    104
    112
    90
    97
    86
    90
    81
    74
    81
    77
    69
    62
    53
    71
    48
    57
    55
    59
    49
    43
    39
    39
    49
    39
    35
    29
    32
    39
    43
    37
    35
    26
    25
    29
    19
    18
    16
    21
    19
    17
    26
    24
    25
    19
    19
    26
    11
    20
    19
    16
    22
    22
    16
    20
    12
    12
    15
    21
    11
    12
    12
    15
    18
    16
    11
    6
    10
    14
    10
    7
    5
    7
    6
    9
    6
    7
    7
    9
    4
    13
    3
    11
    388
    347
    323
    287
    269
    230
    235
    207
    183
    195
    176
    158
    152
    150
    136
    124
    114
    94
    108
    110
    93
    93
    104
    83
    92
    76
    66
    72
    64
    72
    54
    51
    60
    44
    65
    46
    55
    37
    57
    51
    46
    37
    43
    36
    38
    35
    32
    35
    32
    28
    31
    30
    30
    26
    32
    28
    27
    21
    19
    29
    28
    21
    17
    20
    16
    10
    18
    13
    18
    13
    13
    13
    17
    16
    13
    16
    18
    13
    12
    13
    12
    21
    8
    6
    12
    10
    7
    6
    6
    6
    9
    9
    7
    4
    7
    5
    6
    8
    7
    8
    370
    355
    301
    270
    226
    236
    199
    222
    166
    177
    174
    174
    128
    138
    111
    132
    135
    95
    127
    91
    113
    104
    99
    73
    89
    79
    80
    70
    68
    59
    61
    63
    55
    51
    55
    52
    41
    51
    43
    37
    35
    44
    38
    39
    36
    33
    42
    28
    27
    33
    27
    19
    26
    22
    24
    28
    19
    28
    19
    26
    19
    21
    22
    18
    20
    22
    21
    16
    18
    16
    16
    21
    19
    17
    16
    14
    15
    9
    9
    13
    7
    11
    15
    7
    11
    13
    13
    6
    9
    11
    10
    11
    12
    3
    8
    14
    9
    11
    8
    11
    367
    343
    316
    268
    282
    219
    193
    229
    193
    179
    148
    146
    162
    152
    141
    133
    147
    93
    111
    102
    104
    88
    77
    83
    64
    90
    76
    70
    81
    77
    62
    62
    54
    71
    56
    51
    48
    36
    38
    35
    43
    42
    25
    45
    48
    28
    37
    37
    24
    27
    26
    18
    29
    30
    28
    33
    27
    18
    26
    17
    19
    20
    26
    22
    13
    22
    21
    22
    16
    17
    17
    15
    14
    9
    14
    14
    15
    13
    9
    14
    13
    12
    13
    10
    8
    12
    7
    13
    5
    9
    7
    9
    7
    6
    7
    10
    11
    13
    7
    10
    345
    342
    325
    311
    255
    225
    213
    232
    184
    190
    174
    127
    140
    133
    129
    127
    116
    104
    104
    110
    111
    98
    97
    82
    79
    97
    75
    66
    59
    66
    72
    64
    50
    57
    48
    52
    55
    61
    53
    35
    46
    52
    39
    47
    35
    47
    38
    27
    16
    24
    24
    25
    21
    24
    17
    32
    22
    28
    12
    24
    32
    29
    23
    24
    21
    22
    19
    18
    10
    14
    16
    9
    13
    17
    12
    15
    8
    17
    8
    15
    12
    12
    7
    12
    14
    7
    10
    15
    10
    11
    10
    8
    8
    7
    10
    6
    8
    8
    6
    7
    392
    339
    301
    299
    237
    228
    182
    198
    214
    169
    159
    152
    151
    143
    137
    138
    127
    114
    131
    103
    97
    91
    89
    100
    79
    66
    69
    80
    72
    52
    62
    54
    47
    54
    56
    51
    54
    46
    47
    42
    40
    35
    42
    41
    52
    49
    26
    29
    30
    32
    45
    31
    25
    32
    25
    22
    20
    21
    21
    16
    24
    23
    25
    18
    18
    19
    14
    12
    16
    20
    10
    14
    14
    17
    17
    18
    20
    9
    10
    7
    19
    15
    14
    16
    11
    9
    9
    6
    9
    10
    7
    5
    4
    8
    6
    7
    8
    3
    6
    11
    406
    337
    300
    271
    259
    212
    211
    218
    194
    172
    185
    172
    145
    137
    146
    119
    123
    103
    113
    107
    94
    93
    102
    67
    81
    79
    87
    75
    60
    79
    58
    66
    62
    63
    61
    58
    49
    48
    49
    45
    41
    35
    45
    50
    35
    32
    30
    29
    31
    31
    33
    24
    32
    28
    24
    30
    29
    20
    25
    19
    22
    18
    14
    18
    14
    20
    18
    20
    22
    13
    9
    5
    19
    14
    23
    18
    14
    11
    14
    11
    8
    9
    10
    11
    9
    9
    11
    15
    8
    8
    11
    6
    13
    11
    8
    6
    7
    4
    10
    9
    379
    352
    320
    274
    264
    219
    216
    202
    215
    181
    154
    160
    144
    128
    139
    130
    132
    102
    97
    106
    124
    91
    89
    103
    91
    80
    80
    69
    81
    70
    81
    63
    59
    59
    38
    58
    37
    54
    51
    33
    34
    42
    35
    37
    35
    35
    30
    42
    42
    37
    34
    33
    30
    29
    25
    22
    23
    27
    21
    20
    25
    13
    15
    15
    25
    15
    18
    14
    18
    21
    21
    15
    16
    18
    16
    15
    12
    7
    14
    10
    13
    18
    8
    9
    13
    16
    9
    12
    9
    8
    9
    5
    9
    13
    10
    13
    7
    9
    7
    4
    381
    386
    365
    270
    268
    255
    234
    195
    194
    180
    158
    153
    154
    151
    151
    125
    118
    107
    102
    102
    89
    85
    84
    82
    94
    79
    71
    83
    81
    66
    58
    63
    64
    50
    71
    64
    48
    40
    51
    50
    37
    41
    38
    37
    50
    33
    45
    25
    38
    34
    31
    25
    41
    27
    29
    28
    25
    26
    29
    29
    22
    21
    17
    14
    21
    17
    25
    20
    23
    22
    18
    16
    15
    15
    23
    19
    11
    18
    10
    12
    14
    14
    13
    18
    12
    15
    8
    12
    17
    12
    11
    10
    12
    10
    4
    9
    7
    5
    12
    7
    364
    333
    338
    301
    243
    246
    206
    194
    172
    192
    154
    153
    170
    146
    141
    150
    145
    124
    123
    105
    98
    100
    80
    72
    83
    86
    77
    67
    73
    86
    65
    61
    50
    59
    49
    58
    53
    44
    45
    35
    47
    50
    40
    32
    44
    39
    30
    35
    35
    27
    25
    27
    23
    19
    25
    38
    25
    15
    16
    24
    23
    30
    19
    19
    11
    15
    20
    12
    17
    16
    24
    17
    14
    9
    17
    19
    13
    8
    15
    9
    9
    6
    10
    10
    16
    14
    9
    10
    7
    10
    5
    5
    8
    9
    7
    10
    2
    7
    6
    7
    390
    345
    296
    301
    244
    268
    227
    224
    182
    191
    177
    156
    135
    135
    149
    129
    120
    107
    121
    105
    97
    94
    73
    86
    78
    82
    73
    86
    66
    68
    66
    54
    49
    54
    70
    46
    41
    58
    53
    53
    38
    34
    39
    61
    37
    43
    26
    32
    31
    35
    26
    31
    25
    26
    24
    28
    23
    36
    22
    25
    15
    21
    18
    13
    20
    19
    16
    15
    17
    16
    11
    7
    14
    11
    19
    15
    9
    14
    12
    10
    10
    14
    11
    14
    11
    14
    6
    15
    13
    13
    7
    11
    6
    11
    7
    5
    8
    2
    5
    7
    395
    340
    314
    298
    258
    257
    227
    212
    184
    180
    181
    147
    153
    141
    147
    121
    112
    111
    104
    107
    89
    107
    84
    93
    82
    66
    84
    60
    62
    65
    60
    75
    53
    57
    52
    45
    56
    42
    56
    52
    38
    41
    40
    38
    38
    31
    37
    36
    38
    21
    25
    34
    25
    26
    17
    19
    18
    25
    20
    25
    26
    21
    15
    16
    17
    9
    14
    22
    22
    18
    16
    10
    10
    11
    12
    18
    18
    15
    14
    12
    14
    9
    7
    9
    11
    9
    10
    5
    9
    6
    13
    13
    7
    9
    8
    7
    7
    11
    8
    10
    388
    318
    283
    271
    240
    223
    222
    240
    210
    194
    161
    158
    139
    134
    133
    135
    125
    133
    123
    107
    106
    95
    107
    96
    93
    77
    76
    70
    65
    68
    63
    72
    55
    51
    54
    46
    53
    50
    49
    39
    43
    50
    59
    24
    38
    43
    43
    37
    34
    37
    31
    28
    33
    17
    23
    26
    21
    24
    17
    25
    20
    21
    18
    20
    19
    16
    14
    14
    17
    17
    16
    18
    16
    16
    12
    13
    13
    9
    13
    13
    11
    10
    15
    13
    10
    11
    14
    15
    10
    6
    7
    9
    13
    9
    2
    9
    10
    7
    5
    11
    385
    351
    304
    288
    244
    242
    225
    189
    163
    194
    165
    151
    165
    133
    139
    116
    124
    129
    110
    110
    97
    105
    94
    82
    104
    95
    76
    83
    83
    75
    66
    75
    62
    49
    56
    64
    51
    45
    47
    42
    51
    36
    39
    40
    33
    34
    31
    32
    35
    28
    28
    32
    36
    20
    22
    24
    19
    19
    12
    25
    18
    26
    26
    25
    21
    16
    13
    12
    10
    14
    19
    10
    15
    16
    20
    16
    13
    10
    11
    16
    13
    7
    8
    9
    12
    5
    6
    11
    8
    10
    9
    10
    10
    10
    10
    3
    12
    3
    9
    7
    390
    328
    293
    249
    268
    228
    213
    208
    175
    175
    164
    169
    152
    136
    134
    127
    129
    126
    108
    104
    99
    102
    97
    88
    91
    76
    70
    70
    47
    76
    80
    56
    63
    55
    61
    50
    37
    43
    39
    38
    37
    46
    47
    36
    46
    36
    34
    32
    32
    26
    27
    26
    21
    26
    20
    23
    32
    30
    25
    16
    20
    22
    17
    28
    14
    15
    23
    18
    15
    13
    11
    15
    14
    7
    13
    14
    15
    13
    13
    8
    15
    9
    9
    13
    12
    11
    9
    8
    12
    13
    10
    6
    9
    1
    12
    6
    6
    4
    7
    5
    363
    307
    302
    276
    236
    240
    199
    221
    180
    178
    176
    171
    152
    155
    140
    123
    131
    118
    98
    92
    98
    86
    111
    107
    88
    82
    89
    80
    77
    76
    68
    62
    69
    69
    44
    59
    49
    50
    41
    50
    37
    38
    41
    40
    28
    40
    38
    33
    34
    38
    31
    31
    31
    26
    27
    30
    34
    25
    26
    21
    31
    14
    19
    23
    25
    24
    22
    16
    17
    18
    15
    10
    9
    20
    15
    12
    16
    14
    19
    12
    11
    8
    10
    10
    9
    3
    12
    10
    12
    8
    3
    11
    5
    9
    7
    10
    4
    6
    14
    7
    388
    336
    311
    290
    220
    244
    204
    199
    213
    195
    173
    163
    167
    136
    137
    123
    108
    110
    133
    98
    109
    95
    107
    82
    80
    82
    92
    65
    74
    76
    60
    69
    58
    45
    54
    49
    51
    41
    36
    42
    38
    46
    37
    37
    28
    39
    32
    38
    29
    30
    29
    31
    25
    25
    25
    34
    32
    19
    21
    28
    20
    19
    27
    23
    18
    12
    19
    17
    16
    12
    16
    14
    16
    8
    12
    8
    10
    11
    14
    17
    11
    11
    16
    5
    14
    12
    17
    9
    4
    15
    7
    8
    7
    8
    12
    8
    4
    6
    10
    4
    389
    329
    299
    260
    230
    253
    221
    186
    191
    178
    184
    168
    152
    152
    131
    120
    120
    114
    112
    108
    90
    81
    98
    69
    70
    77
    72
    87
    57
    61
    66
    69
    52
    57
    63
    46
    63
    37
    27
    56
    47
    36
    30
    30
    37
    37
    22
    31
    26
    35
    32
    30
    23
    32
    23
    30
    16
    18
    24
    25
    11
    29
    20
    21
    23
    20
    22
    19
    20
    20
    4
    15
    12
    17
    14
    17
    10
    15
    14
    15
    22
    12
    10
    13
    10
    12
    7
    6
    9
    9
    12
    6
    7
    10
    15
    12
    5
    10
    8
    9
    376
    350
    302
    289
    259
    217
    218
    219
    197
    168
    173
    155
    151
    152
    138
    134
    107
    120
    112
    102
    113
    85
    103
    97
    93
    60
    68
    81
    68
    60
    68
    63
    44
    53
    49
    55
    62
    52
    55
    40
    41
    42
    38
    40
    38
    40
    33
    24
    33
    43
    26
    24
    30
    32
    33
    23
    20
    22
    34
    22
    17
    13
    17
    19
    30
    21
    18
    20
    20
    18
    16
    15
    15
    15
    13
    16
    17
    16
    8
    9
    13
    10
    10
    9
    7
    8
    10
    4
    13
    11
    7
    9
    6
    12
    5
    13
    2
    9
    2
    7
    367
    333
    309
    293
    269
    249
    223
    193
    184
    177
    179
    147
    138
    141
    157
    122
    108
    112
    99
    117
    103
    110
    81
    94
    78
    69
    91
    80
    69
    78
    72
    42
    58
    56
    50
    37
    54
    39
    47
    51
    37
    45
    43
    32
    41
    34
    39
    38
    34
    28
    35
    21
    28
    27
    29
    22
    30
    28
    20
    26
    20
    17
    21
    25
    27
    24
    15
    18
    27
    14
    15
    18
    22
    15
    17
    18
    14
    7
    9
    13
    15
    12
    7
    8
    16
    14
    10
    8
    7
    10
    7
    6
    12
    7
    8
    7
    7
    8
    11
    5
    373
    327
    290
    284
    240
    234
    204
    214
    176
    176
    190
    149
    175
    129
    113
    135
    127
    105
    105
    95
    124
    88
    83
    99
    97
    90
    64
    76
    60
    65
    73
    73
    53
    60
    49
    48
    61
    52
    45
    44
    42
    40
    48
    31
    44
    36
    40
    35
    38
    21
    33
    27
    30
    24
    38
    25
    30
    28
    22
    21
    16
    17
    15
    25
    16
    17
    14
    18
    13
    25
    11
    15
    16
    17
    10
    11
    11
    7
    13
    16
    11
    11
    11
    13
    9
    4
    5
    10
    6
    10
    10
    5
    9
    8
    5
    9
    4
    11
    10
    7

Data:
    0
    0
    0
    0
    0
    0
    0
    0
    0
    0
    0
    0
    0
    0
    0
    0
    0
    0
    0
    0
    0
    0
    0
    0
    0
    0
    0
    0
    0
    0
    0
    0
    0
    0
    0
    0
    0
    0
    0
    0
    0
    0
    0
    0
    0
    0
    0
    0
    0
    0
    0
    0
    0
    0
    0
    0
    0
    0
    0
    0
    0
    0
    0
    0
    0
    0
    0
    0
    0
    0
    0
    0
    0
    0
    0
    0
    0
    0
    0
    0
    0
    0
    0
    0
    0
    0
    0
    0
    0
    0
    0
    0
    0
    0
    0
    0
    0
    0
    0
    0
    0
    0
    0
    0
    0
    0
    0
    0
    0
    0
    0
    0
    0
    0
    0
    0
    0
    0
    0
    0
    0
    0
    0
    0
    0
    0
    0
    0
    0
    0
    0
    0
    0
    0
    0
    0
    0
    0
    0
    0
    0
    0
    0
    0
    0
    0
    0
    0
    0
    0
    0
    0
    0
    0
    0
    0
    0
    0
    0
    0
    0
    0
    0
    0
    0
    0
    0
    0
    0
    0
    0
    0
    0
    0
    0
    0
    0
    0
    0
    0
    0
    0
    0
    0
    0
    0
    0
    0
    0
    0
    0
    0
    0
    0
    0
    0
    0
    0
    0
    0
    0
    0
    0
    0
    0
    0
    0
    0
    0
    0
    0
    0
    0
    0
    0
    0
    0
    0
    0
    0
    0
    0
    0
    0
    0
    0
    0
    0
    0
    0
    0
    0
    0
    0
    0
    0
    0
    0
    0
    0
    0
    0
    0
    0
    0
    0
    0
    0
    0
    0
    0
    0
    0
    0
    0
    0
    0
    0
    0
    0
    0
    0
    0
    0
    0
    0
    0
    0
    0
    0
    0
    0
    0
    0
    0
    0
    0
    0
    0
    0
    0
    0
    0
    0
    0
    0
    0
    0
    0
    0
    0
    0
    0
    0
    0
    0
    0
    0
    0
    0
    0
    0
    0
    0
    0
    0
    0
    0
    0
    0
    0
    0
    0
    0
    0
    0
    0
    0
    0
    0
    0
    0
    0
    0
    0
    0
    0
    0
    0
    0
    0
    0
    0
    0
    0
    0
    0
    0
    0
    0
    0
    0
    0
    0
    0
    0
    0
    0
    0
    0
    0
    0
    0
    0
    0
    0
    0
    0
    0
    0
    0
    0
    0
    0
    0
    0
    0
    0
    0
    0
    0
    0
    0
    0
    0
    0
    0
    0
    0
    0
    0
    0
    0
    0
    0
    0
    0
    0
    0
    0
    0
    0
    0
    0
    0
    0
    0
    0
    0
    0
    0
    0
    0
    0
    0
    0
    0
    0
    0
    0
    0
    0
    0
    0
    0
    0
    0
    0
    0
    0
    0
    0
    0
    0
    0
    0
    0
    0
    0
    0
    0
    0
    0
    0
    0
    0
    0
    0
    0
    0
    0
    0
    0
    0
    0
    0
    0
    0
    0
    0
    0
    0
    0
    0
    0
    0
    0
    0
    0
    0
    0
    0
    0
    0
    0
    0
    0
    0
    0
    0
    0
    0
    0
    0
    0
    0
    0
    0
    0
    0
    0
    0
    0
    0
    0
    0
    0
    0
    0
    0
    0
    0
    0
    0
    0
    0
    0
    0
    0
    0
    0
    0
    0
    0
    0
    0
    0
    0
    0
    0
    0
    0
    0
    0
    0
    0
    0
    0
    0
    0
    0
    0
    0
    0
    0
    0
    0
    0
    0
    0
    0
    0
    0
    0
    0
    0
    0
    0
    0
    0
    0
    0
    0
    0
    0
    0
    0
    0
    0
    0
    0
    0
    0
    0
    0
    0
    0
    0
    0
    0
    0
    0
    0
    0
    0
    0
    0
    0
    0
    0
    0
    0
    0
    0
    0
    0
    0
    0
    0
    0
    0
    0
    0
    0
    0
    0
    0
    0
    0
    0
    0
    0
    0
    0
    0
    0
    0
    0
    0
    0
    0
    0
    0
    0
    0
    0
    0
    0
    0
    0
    0
    0
    0
    0
    0
    0
    0
    0
    0
    0
    0
    0
    0
    0
    0
    0
    0
    0
    0
    0
    0
    0
    0
    0
    0
    0
    0
    0
    0
    0
    0
    0
    0
    0
    0
    0
    0
    0
    0
    0
    0
    0
    0
    0
    0
    0
    0
    0
    0
    0
    0
    0
    0
    0
    0
    0
    0
    0
    0
    0
    0
    0
    0
    0
    0
    0
    0
    0
    0
    0
    0
    0
    0
    0
    0
    0
    0
    0
    0
    0
    0
    0
    0
    0
    0
    0
    0
    0
    0
    0
    0
    0
    0
    0
    0
    0
    0
    0
    0
    0
    0
    0
    0
    0
    0
    0
    0
    0
    0
    0
    0
    0
    0
    0
    0
    0
    0
    0
    0
    0
    0
    0
    0
    0
    0
    0
    0
    0
    0
    0
    0
    0
    0
    0
    0
    0
    0
    0
    0
    0
    0
    0
    0
    0
    0
    0
    0
    0
    0
    0
    0
    0
    0
    0
    0
    0
    0
    0
    0
    0
    0
    0
    0
    0
    0
    0
    0
    0
    0
    0
    0
    0
    0
    0
    0
    0
    0
    0
    0
    0
    0
    0
    0
    0
    0
    0
    0
    0
    0
    0
    0
    0
    0
    0
    0
    0
    0
    0
    0
    0
    0
    0
    0
    0
    0
    0
    0
    0
    0
    0
    0
    0
    0
    0
    0
    0
    0
    0
    0
    0
    0
    0
    0
    0
    0
    0
    0
    0
    0
    0
    0
    0
    0
    0
    0
    0
    0
    0
    0
    0
    0
    0
    0
    0
    0
    0
    0
    0
    0
    0
    0
    0
    0
    0
    0
    0
    0
    0
    0
    0
    0
    0
    0
    0
    0
    0
    0
    0
    0
    0
    0
    0
    0
    0
    0
    0
    0
    0
    0
    0
    0
    0
    0
    0
    0
    0
    0
    0
    0
    0
    0
    0
    0
    0
    0
    0
    0
    0
    0
    0
    0
    0
    0
    0
    0
    0
    0
    0
    0
    0
    0
    0
    0
    0
    0
    0
    0
    0
    0
    0
    0
    0
    0
    0
    0
    0
    0
    0
    0
    0
    0
    0
    0
    0
    0
    0
    0
    0
    0
    0
    0
    0
    0
    0
    0
    0
    0
    0
    0
    0
    0
    0
    0
    0
    0
    0
    0
    0
    0
    0
    0
    0
    0
    0
    0
    0
    0
    0
    0
    0
    0
    0
    0
    0
    0
    0
    0
    0
    0
    0
    0
    0
    0
    0
    0
    0
    0
    0
    0
    0
    0
    0
    0
    0
    0
    0
    0
    0
    0
    0
    0
    0
    0
    0
    0
    0
    0
    0
    0
    0
    0
    0
    0
    0
    0
    0
    0
    0
    0
    0
    0
    0
    0
    0
    0
    0
    0
    0
    0
    0
    0
    0
    0
    0
    0
    0
    0
    0
    0
    0
    0
    0
    0
    0
    0
    0
    0
    0
    0
    0
    0
    0
    0
    0
    0
    0
    0
    0
    0
    0
    0
    0
    0
    0
    0
    0
    0
    0
    0
    0
    0
    0
    0
    0
    0
    0
    0
    0
    0
    0
    0
    0
    0
    0
    0
    0
    0
    0
    0
    0
    0
    0
    0
    0
    0
    0
    0
    0
    0
    0
    0
    0
    0
    0
    0
    0
    0
    0
    0
    0
    0
    0
    0
    0
    0
    0
    0
    0
    0
    0
    0
    0
    0
    0
    0
    0
    0
    0
    0
    0
    0
    0
    0
    0
    0
    0
    0
    0
    0
    0
    0
    0
    0
    0
    0
    0
    0
    0
    0
    0
    0
    0
    0
    0
    0
    0
    0
    0
    0
    0
    0
    0
    0
    0
    0
    0
    0
    0
    0
    0
    0
    0
    0
    0
    0
    0
    0
    0
    0
    0
    0
    0
    0
    0
    0
    0
    0
    0
    0
    0
    0
    0
    0
    0
    0
    0
    0
    0
    0
    0
    0
    0
    0
    0
    0
    0
    0
    0
    0
    0
    0
    0
    0
    0
    0
    0
    0
    0
    0
    0
    0
    0
    0
    0
    0
    0
    0
    0
    0
    0
    0
    0
    0
    0
    0
    0
    0
    0
    0
    0
    0
    0
    0
    0
    0
    0
    0
    0
    0
    0
    0
    0
    0
    0
    0
    0
    0
    0
    0
    0
    0
    0
    0
    0
    0
    0
    0
    0
    0
    0
    0
    0
    0
    0
    0
    0
    0
    0
    0
    0
    0
    0
    0
    0
    0
    0
    0
    0
    0
    0
    0
    0
    0
    0
    0
    0
    0
    0
    0
    0
    0
    0
    0
    0
    0
    0
    0
    0
    0
    0
    0
    0
    0
    0
    0
    0
    0
    0
    0
    0
    0
    0
    0
    0
    0
    0
    0
    0
    0
    0
    0
    0
    0
    0
    0
    0
    0
    0
    0
    0
    0
    0
    0
    0
    0
    0
    0
    0
    0
    0
    0
    0
    0
    0
    0
    0
    0
    0
    0
    0
    0
    0
    0
    0
    0
    0
    0
    0
    0
    0
    0
    0
    0
    0
    0
    0
    0
    0
    0
    0
    0
    0
    0
    0
    0
    0
    0
    0
    0
    0
    0
    0
    0
    0
    0
    0
    0
    0
    0
    0
    0
    0
    0
    0
    0
    0
    0
    0
    0
    0
    0
    0
    0
    0
    0
    0
    0
    0
    0
    0
    0
    0
    0
    0
    0
    0
    0
    0
    0
    0
    0
    0
    0
    0
    0
    0
    0
    0
    0
    0
    0
    0
    0
    0
    0
    0
    0
    0
    0
    0
    0
    0
    0
    0
    0
    0
    0
    0
    0
    0
    0
    0
    0
    0
    0
    0
    0
    0
    0
    0
    0
    0
    0
    0
    0
    0
    0
    0
    0
    0
    0
    0
    0
    0
    0
    0
    0
    0
    0
    0
    0
    0
    0
    0
    0
    0
    0
    0
    0
    0
    0
    0
    0
    0
    0
    0
    0
    0
    0
    0
    0
    0
    0
    0
    0
    0
    0
    0
    0
    0
    0
    0
    0
    0
    0
    0
    0
    0
    0
    0
    0
    0
    0
    0
    0
    0
    0
    0
    0
    0
    0
    0
    0
    0
    0
    0
    0
    0
    0
    0
    0
    0
    0
    0
    0
    0
    0
    0
    0
    0
    0
    0
    0
    0
    0
    0
    0
    0
    0
    0
    0
    0
    0
    0
    0
    0
    0
    0
    0
    0
    0
    0
    0
    0
    0
    0
    0
    0
    0
    0
    0
    0
    0
    0
    0
    0
    0
    0
    0
    0
    0
    0
    0
    0
    0
    0
    0
    0
    0
    0
    0
    0
    0
    0
    0
    0
    0
    0
    0
    0
    0
    0
    0
    0
    0
    0
    0
    0
    0
    0
    0
    0
    0
    0
    0
    0
    0
    0
    0
    0
    0
    0
    0
    0
    0
    0
    0
    0
    0
    0
    0
    0
    0
    0
    0
    0
    0
    0
    0
    0
    0
    0
    0
    0
    0
    0
    0
    0
    0
    0
    0
    0
    0
    0
    0
    0
    0
    0
    0
    0
    0
    0
    0
    0
    0
    0
    0
    0
    0
    0
    0
    0
    0
    0
    0
    0
    0
    0
    0
    0
    0
    0
    0
    0
    0
    0
    0
    0
    0
    0
    0
    0
    0
    0
    0
    0
    0
    0
    0
    0
    0
    0
    0
    0
    0
    0
    0
    0
    0
    0
    0
    0
    0
    0
    0
    0
    0
    0
    0
    0
    0
    0
    0
    0
    0
    0
    0
    0
    0
    0
    0
    0
    0
    0
    0
    0
    0
    0
    0
    0
    0
    0
    0
    0
    0
    0
    0
    0
    0
    0
    0
    0
    0
    0
    0
    0
    0
    0
    0
    0
    0
    0
    0
    0
    0
    0
    0
    0
    0
    0
    0
    0
    0
    0
    0
    0
    0
    0
    0
    0
    0
    0
    0
    0
    0
    0
    0
    0
    0
    0
    0
    0
    0
    0
    0
    0
    0
    0
    0
    0
    0
    0
    0
    0
    0
    0
    0
    0
    0
    0
    0
    0
    0
    0
    0
    0
    0
    0
    0
    0
    0
    0
    0
    0
    0
    0
    0
    0
    0
    0
    0
    0
    0
    0
    0
    0
    0
    0
    0
    0
    0
    0
    0
    0
    0
    0
    0
    0
    0
    0
    0
    0
    0
    0
    0
    0
    0
    0
    0
    0
    0
    0
    0
    0
    0
    0
    0
    0
    0
    0
    0
    0
    0
    0
    0
    0
    0
    0
    0
    0
    0
    0
    0
    0
    0
    0
    0
    0
    0
    0
    0
    0
    0
    0
    0
    0
    0
    0
    0
    0
    0
    0
    0
    0
    0
    0
    0
    0
    0
    0
    0
    0
    0
    0
    0
    0
    0
    0
    0
    0
    0
    0
    0
    0
    0
    0
    0
    0
    0
    0
    0
    0
    0
    0
    0
    0
    0
    0
    0
    0
    0
    0
    0
    0
    0
    0
    0
    0
    0
    0
    0
    0
    0
    0
    0
    0
    0
    0
    0
    0
    0
    0
    0
    0
    0
    0
    0
    0
    0
    0
    0
    0
    0
    0
    0
    0
    0
    0
    0
    0
    0
    0
    0
    0
    0
    0
    0
    0
    0
    0
    0
    0
    0
    0
    0
    0
    0
    0
    0
    0
    0
    0
    0
    0
    0
    0
    0
    0
    0
    0
    0
    0
    0
    0
    0
    0
    0
    0
    0
    0
    0
    0
    0
    0
    0
    0
    0
    0
    0
    0
    0
    0
    0
    0
    0
    0
    0
    0
    0
    0
    0
    0
    0
    0
    0
    0
    0
    0
    0
    0
    0
    0
    0
    0
    0
    0
    0
    0
    0
    0
    0
    0
    0
    0
    0
    0
    0
    0
    0
    0
    0
    0
    0
    0
    0
    0
    0
    0
    0
    0
    0
    0
    0
    0
    0
    0
    0
    0
    0
    0
    0
    0
    0
    0
    0
    0
    0
    0
    0
    0
    0
    0
    0
    0
    0
    0
    0
    0
    0
    0
    0
    0
    0
    0
    0
    0
    0
    0
    0
    0
    0
    0
    0
    0
    0
    0
    0
    0
    0
    0
    0
    0
    0
    0
    0
    0
    0
    0
    0
    0
    0
    0
    0
    0
    0
    0
    0
    0
    0
    0
    0
    0
    0
    0
    0
    0
    0
    0
    0
    0
    0
    0
    0
    0
    0
    0
    0
    0
    0
    0
    0
    0
    0
    0
    0
    0
    0
    0
    0
    0
    0
    0
    0
    0
    0
    0
    0
    0
    0
    0
    0
    0
    0
    0
    0
    0
    0
    0
    0
    0
    0
    0
    0
    0
    0
    0
    0
    0
    0
    0
    0
    0
    0
    0
    0
    0
    0
    0
    0
    0
    0
    0
    0
    0
    0
    0
    0
    0
    0
    0
    0
    0
    0
    0
    0
    0
    0
    0
    0
    0
    0
    0
    0
    0
    0
    0
    0
    0
    0
    0
    0
    0
    0
    0
    0
    0
    0
    0
    0
    0
    0
    0
    0
    0
    0
    0
    0
    0
    0
    0
    0
    0
    0
    0
    0
    0
    0
    0
    0
    0
    0
    0
    0
    0
    0
    0
    0
    0
    0
    0
    0
    0
    0
    0
    0
    0
    0
    0
    0
    0
    0
    0
    0
    0
    0
    0
    0
    0
    0
    0
    0
    0
    0
    0
    0
    0
    0
    0
    0
    0
    0
    0
    0
    0
    0
    0
    0
    0
    0
    0
    0
    0
    0
    0
    0
    0
    0
    0
    0
    0
    0
    0
    0
    0
    0
    0
    0
    0
    0
    0
    0
    0
    0
    0
    0
    0
    0
    0
    0
    0
    0
    0
    0
    0
    0
    0
    0
    0
    0
    0
    0
    0
    0
    0
    0
    0
    0
    0
    0
    0
    0
    0
    0
    0
    0
    0
    0
    0
    0
    0
    0
    0
    0
    0
    0
    0
    0
    0
    0
    0
    0
    0
    0
    0
    0
    0
    0
    0
    0
    0
    0
    0
    0
    0
    0
    0
    0
    0
    0
    0
    0
    0
    0
    0
    0
    0
    0
    0
    0
    0
    0
    0
    0
    0
    0
    0
    0
    0
    0
    0
    0
    0
    0
    0
    0
    0
    0
    0
    0
    0
    0
    0
    0
    0
    0
    0
    0
    0
    0
    0
    0
    0
    0
    0
    0
    0
    0
    0
    0
    0
    0
    0
    0
    0
    0
    0
    0
    0
    0
    0
    0
    0
    0
    0
    0
    0
    0
    0
    0
    0
    0
    0
    0
    0
    0
    0
    0
    0
    0
    0
    0
    0
    0
    0
    0
    0
    0
    0
    0
    0
    0
    0
    0
    0
    0
    0
    0
    0
    0
    0
    0
    0
    0
    0
    0
    0
    0
    0
    0
    0
    0
    0
    0
    0
    0
    0
    0
    0
    0
    0
    0
    0
    0
    0
    0
    0
    0
    0
    0
    0
    0
    0
    0
    0
    0
    0
    0
    0
    0
    0
    0
    0
    0
    0
    0
    0
    0
    0
    0
    0
    0
    0
    0
    0
    0
    0
    0
    0
    0
    0
    0
    0
    0
    0
    0
    0
    0
    0
    0
    0
    0
    0
    0
    0
    0
    0
    0
    0
    0
    0
    0
    0
    0
    0
    0
    0
    0
    0
    0
    0
    0
    0
    0
    0
    0
    0
    0
    0
    0
    0
    0
    0
    0
    0
    0
    0
    0
    0
    0
    0
    0
    0
    0
    0
    0
    0
    0
    0
    0
    0
    0
    0
    0
    0
    0
    0
    0
    0
    0
    0
    0
    0
    0
    0
    0
    0
    0
    0
    0
    0
    0
    0
    0
    0
    0
    0
    0
    0
    0
    0
    0
    0
    0
    0
    0
    0
    0
    0
    0
    0
    0
    0
    0
    0
    0
    0
    0
    0
    0
    0
    0
    0
    0
    0
    0
    0
    0
    0
    0
    0
    0
    0
    0
    0
    0
    0
    0
    0
    0
    0
    0
    0
    0
    0
    0
    0
    0
    0
    0
    0
    0
    0
    0
    0
    0
    0
    0
    0
    0
    0
    0
    0
    0
    0
    0
    0
    0
    0
    0
    0
    0
    0
    0
    0
    0
    0
    0
    0
    0
    0
    0
    0
    0
    0
    0
    0
    0
    0
    0
    0
    0
    0
    0
    0
    0
    0
    0
    0
    0
    0
    0
    0
    0
    0
    0
    0
    0
    0
    0
    0
    0
    0
    0
    0
    0
    0
    0
    0
    0
    0
    0
    0
    0
    0
    0
    0
    0
    0
    0
    0
    0
    0
    0
    0
    0
    0
    0
    0
    0
    0
    0
    0
    0
    0
    0
    0
    0
    0
    0
    0
    0
    0
    0
    0
    0
    0
    0
    0
    0
    0
    0
    0
    0
    0
    0
    0
    0
    0
    0
    0
    0
    0
    0
    0
    0
    0
    0
    0
    0
    0
    0
    0
    0
    0
    0
    0
    0
    0
    0
    0
    0
    0
    0
    0
    0
    0
    0
    0
    0
    0
    0
    0
    0
    0
    0
    0
    0
    0
    0
    0
    0
    0
    0
    0
    0
    0
    0
    0
    0
    0
    0
    0
    0
    0
    0
    0
    0
    0
    0
    0
    0
    0
    0
    0
    0
    0
    0
    0
    0
    0
    0
    0
    0
    0
    0
    0
    0
    0
    0
    0
    0
    0
    0
    0
    0
    0
    0
    0
    0
    0
    0
    0
    0
    0
    0
    0
    0
    0
    0
    0
    0
    0
    0
    0
    0
    0
    0
    0
    0
    0
    0
    0
    0
    0
    0
    0
    0
    0
    0
    0
    0
    0
    0
    0
    0
    0
    0
    0
    0
    0
    0
    0
    0
    0
    0
    0
    0
    0
    0
    0
    0
    0
    0
    0
    0
    0
    0
    0
    0
    0
    0
    0
    0
    0
    0
    0
    0
    0
    0
    0
    0
    0
    0
    0
    0
    0
    0
    0
    0
    0
    0
    0
    0
    0
    0
    0
    0
    0
    0
    0
    0
    0
    0
    0
    0
    0
    0
    0
    0
    0
    0
    0
    0
    0
    0
    0
    0
    0
    0
    0
    0
    0
    0
    0
    0
    0
    0
    0
    0
    0
    0
    0
    0
    0
    0
    0
    0
    0
    0
    0
    0
    0
    0
    0
    0
    0
    0
    0
    0
    0
    0
    0
    0
    0
    0
    0
    0
    0
    0
    0
    0
    0
    0
    0
    0
    0
    0
    0
    0
    0
    0
    0
    0
    0
    0
    0
    0
    0
    0
    0
    0
    0
    0
    0
    0
    0
    0
    0
    0
    0
    0
    0
    0
    0
    0
    0
    0
    0
    0
    0
    0
    0
    0
    0
    0
    0
    0
    0
    0
    0
    0
    0
    0
    0
    0
    0
    0
    0
    0
    0
    0
    0
    0
    0
    0
    0
    0
    0
    0
    0
    0
    0
    0
    0
    0
    0
    0
    0
    0
    0
    0
    0
    0
    0
    0
    0
    0
    0
    0
    0
    0
    0
    0
    0
    0
    0
    0
    0
    0
    0
    0
    0
    0
    0
    0
    0
    0
    0
    0
    0
    0
    0
    0
    0
    0
    0
    0
    0
    0
    0
    0
    0
    0
    0
    0
    0
    0
    0
    0
    0
    0
    0
    0
    0
    0
    0
    0
    0
    0
    0
    0
    0
    0
    0
    0
    0
    0
    0
    0
    0
    0
    0
    0
    0
    0
    0
    0
    0
    0
    0
    0
    0
    0
    0
    0
    0
    0
    0
    0
    0
    0
    0
    0
    0
    0
    0
    0
    0
    0
    0
    0
    0
    0
    0
    0
    0
    0
    0
    0
    0
    0
    0
    0
    0
    0
    0
    0
    0
    0
    0
    0
    0
    0
    0
    0
    0
    0
    0
    0
    0
    0
    0
    0
    0
    0
    0
    0
    0
    0
    0
    0
    0
    0
    0
    0
    0
    0
    0
    0
    0
    0
    0
    0
    0
    0
    0
    0
    0
    0
    0
    0
    0
    0
    0
    0
    0
    0
    0
    0
    0
    0
    0
    0
    0
    0
    0
    0
    0
    0
    0
    0
    0
    0
    0
    0
    0
    0
    0
    0
    0
    0
    0
    0
    0
    0
    0
    0
    0
    0
    0
    0
    0
    0
    0
    0
    0
    0
    0
    0
    0
    0
    0
    0
    0
    0
    0
    0
    0
    0
    0
    0
    0
    0
    0
    0
    0
    0
    0
    0
    0
    0
    0
    0
    0
    0
    0
    0
    0
    0
    0
    0
    0
    0
    0
    0
    0
    0
    0
    0
    0
    0
    0
    0
    0
    0
    0
    0
    0
    0
    0
    0
    0
    0
    0
    0
    0
    0
    0
    0
    0
    0
    0
    0
    0
    0
    0
    0
    0
    0
    0
    0
    0
    0
    0
    0
    0
    0
    0
    0
    0
    0
    0
    0
    0
    0
    0
    0
    0
    0
    0
    0
    0
    0
    0
    0
    0
    0
    0
    0
    0
    0
    0
    0
    0
    0
    0
    0
    0
    0
    0
    0
    0
    0
    0
    0
    0
    0
    0
    0
    0
    0
    0
    0
    0
    0
    0
    0
    0
    0
    0
    0
    0
    0
    0
    0
    0
    0
    0
    0
    0
    0
    0
    0
    0
    0
    0
    0
    0
    0
    0
    0
    0
    0
    0
    0
    0
    0
    0
    0
    0
    0
    0
    0
    0
    0
    0
    0
    0
    0
    0
    0
    0
    0
    0
    0
    0
    0
    0
    0
    0
    0
    0
    0
    0
    0
    0
    0
    0
    0
    0
    0
    0
    0
    0
    0
    0
    0
    0
    0
    0
    0
    0
    0
    0
    0
    0
    0
    0
    0
    0
    0
    0
    0
    0
    0
    0
    0
    0
    0
    0
    0
    0
    0
    0
    0
    0
    0
    0
    0
    0
    0
    0
    0
    0
    0
    0
    0
    0
    0
    0
    0
    0
    0
    0
    0
    0
    0
    0
    0
    0
    0
    0
    0
    0
    0
    0
    0
    0
    0
    0
    0
    0
    0
    0
    0
    0
    0
    0
    0
    0
    0
    0
    0
    0
    0
    0
    0
    0
    0
    0
    0
    0
    0
    0
    0
    0
    0
    0
    0
    0
    0
    0
    0
    0
    0
    0
    0
    0
    0
    0
    0
    0
    0
    0
    0
    0
    0
    0
    0
    0
    0
    0
    0
    0
    0
    0
    0
    0
    0
    0
    0
    0
    0
    0
    0
    0
    0
    0
    0
    0
    0
    0
    0
    0
    0
    0
    0
    0
    0
    0
    0
    0
    0
    0
    0
    0
    0
    0
    0
    0
    0
    0
    0
    0
    0
    0
    0
    0
    0
    0
    0
    0
    0
    0
    0
    0
    0
    0
    0
    0
    0
    0
    0
    0
    0
    0
    0
    0
    0
    0
    0
    0
    0
    0
    0
    0
    0
    0
    0
    0
    0
    0
    0
    0
    0
    0
    0
    0
    0
    0
    0
    0
    0
    0
    0
    0
    0
    0
    0
    0
    0
    0
    0
    0
    0
    0
    0
    0
    0
    0
    0
    0
    0
    0
    0
    0
    0
    0
    0
    0
    0
    0
    0
    0
    0
    0
    0
    0
    0
    0
    0
    0
    0
    0
    0
    0
    0
    0
    0
    0
    0
    0
    0
    0
    0
    0
    0
    0
    0
    0
    0
    0
    0
    0
    0
    0
    0
    0
    0
    0
    0
    0
    0
    0
    0
    0
    0
    0
    0
    0
    0
    0
    0
    0
    0
    0
    0
    0
    0
    0
    0
    0
    0
    0
    0
    0
    0
    0
    0
    0
    0
    0
    0
    0
    0
    0
    0
    0
    0
    0
    0
    0
    0
    0
    0
    0
    0
    0
    0
    0
    0
    0
    0
    0
    0
    0
    0
    0
    0
    0
    0
    0
    0
    0
    0
    0
    0
    0
    0
    0
    0
    0
    0
    0
    0
    0
    0
    0
    0
    0
    0
    0
    0
    0
    0
    0
    0
    0
    0
    0
    0
    0
    0
    0
    0
    0
    0
    0
    0
    0
    0
    0
    0
    0
    0
    0
    0
    0
    0
    0
    0
    0
    0
    0
    0
    0
    0
    0
    0
    0
    0
    0
    0
    0
    0
    0
    0
    0
    0
    0
    0
    0
    0
    0
    0
    0
    0
    0
    0
    0
    0
    0
    0
    0
    0
    0
    0
    0
    0
    0
    0
    0
    0
    0
    0
    0
    0
    0
    0
    0
    0
    0
    0
    0
    0
    0
    0
    0
    0
    0
    0
    0
    0
    0
    0
    0
    0
    0
    0
    0
    0
    0
    0
    0
    0
    0
    0
    0
    0
    0
    0
    0
    0
    0
    0
    0
    0
    0
    0
    0
    0
    0
    0
    0
    0
    0
    0
    0
    0
    0
    0
    0
    0
    0
    0
    0
    0
    0
    0
    0
    0
    0
    0
    0
    0
    0
    0
    0
    0
    0
    0
    0
    0
    0
    0
    0
    0
    0
    0
    0
    0
    0
    0
    0
    0
    0
    0
    0
    0
    0
    0
    0
    0
    0
    0
    0
    0
    0
    0
    0
    0
    0
    0
    0
    0
    0
    0
    0
    0
    0
    0
    0
    0
    0
    0
    0
    0
    0
    0
    0
    0
    0
    0
    0
    0
    0
    0
    0
    0
    0
    0
    0
    0
    0
    0
    0
    0
    0
    0
    0
    0
    0
    0
    0
    0
    0
    0
    0
    0
    0
    0
    0
    0
    0
    0
    0
    0
    0
    0
    0
    0
    0
    0
    0
    0
    0
    0
    0
    0
    0
    0
    0
    0
    0
    0
    0
    0
    0
    0
    0
    0
    0
    0
    0
    0
    0
    0
    0
    0
    0
    0
    0
    0
    0
    0
    0
    0
    0
    0
    0
    0
    0
    0
    0
    0
    0
    0
    0
    0
    0
    0
    0
    0
    0
    0
    0
    0
    0
    0
    0
    0
    0
    0
    0
    0
    0
    0
    0
    0
    0
    0
    0
    0
    0
    0
    0
    0
    0
    0
    0
    0
    0
    0
    0
    0
    0
    0
    0
    0
    0
    0
    0
    0
    0
    0
    0
    0
    0
    0
    0
    0
    0
    0
    0
    0
    0
    0
    0
    0
    0
    0
    0
    0
    0
    0
    0
    0
    0
    0
    0
    0
    0
    0
    0
    0
    0
    0
    0
    0
    0
    0
    0
    0
    0
    0
    0
    0
    0
    0
    0
    0
    0
    0
    0
    0
    0
    0
    0
    0
    0
    0
    0
    0
    0
    0
    0
    0
    0
    0
    0
    0
    0
    0
    0
    0
    0
    0
    0
    0
    0
    0
    0
    0
    0
    0
    0
    0
    0
    0
    0
    0
    0
    0
    0
    0
    0
    0
    0
    0
    0
    0
    0
    0
    0
    0
    0
    0
    0
    0
    0
    0
    0
    0
    0
    0
    0
    0
    0
    0
    0
    0
    0
    0
    0
    0
    0
    0
    0
    0
    0
    0
    0
    0
    0
    0
    0
    0
    0
    0
    0
    0
    0
    0
    0
    0
    0
    0
    0
    0
    0
    0
    0
    0
    0
    0
    0
    0
    0
    0
    0
    0
    0
    0
    0
    0
    0
    0
    0
    0
    0
    0
    0
    0
    0
    0
    0
    0
    0
    0
    0
    0
    0
    0
    0
    0
    0
    0
    0
    0
    0
    0
    0
    0
    0
    0
    0
    0
    0
    0
    0
    0
    0
    0
    0
    0
    0
    0
    0
    0
    0
    0
    0
    0
    0
    0
    0
    0
    0
    0
    0
    0
    0
    0
    0
    0
    0
    0
    0
    0
    0
    0
    0
    0
    0
    0
    0
    0
    0
    0
    0
    0
    0
    0
    0
    0
    0
    0
    0
    0
    0
    0
    0
    0
    0
    0
    0
    0
    0
    0
    0
    0
    0
    0
    0
    0
    0
    0
    0
    0
    0
    0
    0
    0
    0
    0
    0
    0
    0
    0
    0
    0
    0
    0
    0
    0
    0
    0
    0
    0
    0
    0
    0
    0
    0
    0
    0
    0
    0
    0
    0
    0
    0
    0
    0
    0
    0
    0
    0
    0
    0
    0
    0
    0
    0
    0
    0
    0
    0
    0
    0
    0
    0
    0
    0
    0
    0
    0
    0
    0
    0
    0
    0
    0
    0
    0
    0
    0
    0
    0
    0
    0
    0
    0
    0
    0
    0
    0
    0
    0
    0
    0
    0
    0
    0
    0
    0
    0
    0
    0
    0
    0
    0
    0
    0
    0
    0
    0
    0
    0
    0
    0
    0
    0
    0
    0
    0
    0
    0
    0
    0
    0
    0
    0
    0
    0
    0
    0
    0
    0
    0
    0
    0
    0
    0
    0
    0
    0
    0
    0
    0
    0
    0
    0
    0
    0
    0
    0
    0
    0
    0
    0
    0
    0
    0
    0
    0
    0
    0
    0
    0
    0
    0
    0
    0
    0
    0
    0
    0
    0
    0
    0
    0
    0
    0
    0
    0
    0
    0
    0
    0
    0
    0
    0
    0
    0
    0
    0
    0
    0
    0
    0
    0
    0
    0
    0
    0
    0
    0
    0
    0
    0
    0
    0
    0
    0
    0
    0
    0
    0
    0
    0
    0
    0
    0
    0
    0
    0
    0
    0
    0
    0
    0
    0
    0
    0
    0
    0
    0
    0
    0
    0
    0
    0
    0
    0
    0
    0
    0
    0
    0
    0
    0
    0
    0
    0
    0
    0
    0
    0
    0
    0
    0
    0
    0
    0
    0
    0
    0
    0
    0
    0
    0
    0
    0
    0
    0
    0
    0
    0
    0
    0
    0
    0
    0
    0
    0
    0
    0
    0
    0
    0
    0
    0
    0
    0
    0
    0
    0
    0
    0
    0
    0
    0
    0
    0
    0
    0
    0
    0
    0
    0
    0
    0
    0
    0
    0
    0
    0
    0
    0
    0
    0
    0
    0
    0
    0
    0
    0
    0
    0
    0
    0
    0
    0
    0
    0
    0
    0
    0
    0
    0
    0
    0
    0
    0
    0
    0
    0
    0
    0
    0
    0
    0
    0
    0
    0
    0
    0
    0
    0
    0
    0
    0
    0
    0
    0
    0
    0
    0
    0
    0
    0
    0
    0
    0
    0
    0
    0
    0
    0
    0
    0
    0
    0
    0
    0
    0
    0
    0
    0
    0
    0
    0
    0
    0
    0
    0
    0
    0
    0
    0
    0
    0
    0
    0
    0
    0
    0
    0
    0
    0
    0
    0
    0
    0
    0
    0
    0
    0
    0
    0
    0
    0
    0
    0
    0
    0
    0
    0
    0
    0
    0
    0
    0
    0
    0
    0
    0
    0
    0
    0
    0
    0
    0
    0
    0
    0
    0
    0
    0
    0
    0
    0
    0
    0
    0
    0
    0
    0
    0
    0
    0
    0
    0
    0
    0
    0
    0
    0
    0
