Project Info:
    ACQ Time: 2019- 9-24   9:34:20: 635 .
    Project: tq左侧足三里下循经非穴（昨天涂红药水）
    Name: 
    Part:  
    Operator:  
    Desc.:  
    Sample Data Acquired.

ACQ Parameters:
    Excited Peroid(ms): 50
    Excited Time(ms): 10
    Acq Delay Time(us): 10
    Gate Time(ms): 20
    Count Num per gate: 100
    Repeat Times: 50
    Acq Gate Times: 1
    Interval per Gate(us): 100
    Channel Number: 2

Data:
    661
    551
    483
    401
    386
    374
    351
    300
    254
    245
    261
    256
    234
    220
    198
    203
    187
    184
    186
    145
    143
    153
    137
    127
    128
    121
    127
    115
    113
    97
    121
    90
    103
    79
    86
    85
    86
    79
    78
    84
    62
    65
    64
    64
    54
    48
    48
    49
    44
    62
    36
    34
    42
    35
    40
    45
    37
    44
    25
    29
    30
    36
    31
    23
    30
    29
    30
    28
    21
    18
    21
    22
    26
    15
    25
    22
    23
    23
    28
    20
    17
    20
    14
    24
    12
    19
    12
    18
    16
    19
    12
    10
    14
    21
    14
    8
    20
    9
    18
    7
    612
    564
    470
    436
    358
    375
    351
    313
    290
    264
    253
    260
    216
    211
    198
    214
    204
    193
    162
    174
    122
    142
    129
    138
    125
    129
    110
    104
    103
    105
    117
    106
    104
    101
    79
    90
    75
    80
    67
    62
    75
    67
    66
    48
    57
    51
    51
    45
    48
    57
    45
    35
    43
    47
    37
    42
    49
    39
    43
    32
    29
    36
    22
    29
    35
    33
    33
    28
    25
    27
    22
    21
    15
    16
    16
    27
    14
    18
    20
    11
    12
    20
    15
    19
    14
    15
    14
    16
    14
    17
    21
    8
    8
    15
    17
    14
    16
    8
    11
    12
    588
    539
    428
    443
    368
    345
    355
    311
    300
    311
    255
    261
    250
    209
    208
    198
    195
    169
    166
    145
    158
    153
    136
    134
    112
    109
    136
    111
    115
    106
    96
    87
    97
    80
    64
    86
    77
    79
    57
    69
    59
    51
    51
    54
    54
    49
    57
    64
    55
    45
    57
    56
    44
    45
    32
    45
    34
    37
    24
    37
    33
    34
    32
    32
    30
    35
    35
    20
    30
    24
    21
    21
    22
    20
    22
    19
    19
    21
    17
    25
    17
    22
    22
    16
    14
    16
    17
    8
    18
    12
    16
    11
    8
    10
    5
    13
    7
    14
    10
    15
    579
    553
    493
    405
    384
    346
    347
    338
    323
    257
    291
    231
    223
    174
    210
    181
    188
    160
    184
    162
    149
    155
    140
    132
    136
    129
    111
    111
    113
    102
    110
    102
    90
    100
    95
    81
    79
    71
    74
    71
    56
    66
    68
    58
    53
    51
    64
    69
    38
    59
    38
    56
    40
    44
    38
    50
    15
    41
    25
    36
    47
    34
    31
    27
    41
    39
    26
    19
    31
    35
    29
    30
    35
    20
    21
    13
    20
    21
    15
    22
    13
    18
    19
    6
    14
    15
    16
    22
    29
    13
    15
    22
    8
    15
    6
    10
    11
    13
    13
    15
    628
    557
    483
    455
    393
    377
    335
    326
    273
    301
    265
    240
    224
    211
    192
    214
    175
    175
    176
    155
    162
    160
    148
    151
    112
    121
    108
    113
    115
    107
    91
    122
    98
    104
    82
    60
    79
    85
    65
    65
    45
    66
    73
    56
    71
    51
    60
    51
    58
    52
    61
    42
    45
    47
    34
    34
    33
    29
    44
    32
    25
    30
    31
    29
    29
    36
    26
    33
    27
    22
    20
    23
    22
    16
    18
    24
    21
    22
    17
    13
    24
    30
    9
    14
    19
    10
    18
    13
    13
    19
    17
    13
    14
    8
    16
    7
    7
    14
    11
    11
    608
    540
    526
    454
    424
    384
    333
    336
    293
    288
    267
    253
    225
    256
    227
    212
    189
    183
    187
    179
    164
    137
    139
    129
    145
    119
    121
    119
    111
    119
    102
    81
    110
    97
    101
    87
    96
    74
    67
    77
    75
    67
    81
    65
    53
    56
    56
    67
    41
    39
    54
    48
    42
    49
    34
    39
    37
    41
    45
    42
    36
    22
    37
    36
    32
    34
    27
    33
    39
    26
    22
    24
    20
    26
    36
    24
    17
    22
    19
    27
    23
    19
    27
    26
    17
    15
    23
    19
    18
    13
    12
    17
    11
    19
    13
    13
    13
    16
    4
    9
    607
    542
    455
    430
    414
    354
    349
    316
    300
    260
    243
    251
    223
    226
    214
    215
    175
    159
    183
    168
    144
    164
    138
    168
    141
    114
    134
    115
    107
    95
    100
    118
    85
    69
    89
    91
    79
    68
    87
    70
    68
    74
    55
    68
    66
    50
    42
    48
    53
    47
    49
    64
    47
    42
    50
    36
    28
    34
    35
    38
    33
    23
    30
    30
    34
    34
    35
    29
    22
    36
    29
    34
    25
    26
    29
    18
    23
    21
    20
    23
    22
    16
    17
    20
    17
    20
    21
    14
    12
    15
    18
    13
    13
    16
    19
    17
    15
    16
    8
    15
    606
    563
    503
    432
    384
    361
    354
    353
    361
    290
    293
    239
    247
    201
    236
    217
    179
    212
    213
    169
    178
    144
    135
    140
    153
    141
    127
    113
    121
    99
    103
    94
    95
    92
    86
    79
    95
    74
    77
    73
    68
    59
    70
    61
    64
    83
    59
    50
    52
    48
    40
    44
    40
    38
    42
    45
    35
    30
    42
    30
    36
    34
    39
    29
    39
    37
    21
    22
    33
    31
    17
    27
    23
    25
    24
    24
    18
    28
    35
    20
    25
    20
    25
    18
    21
    24
    8
    19
    16
    12
    14
    18
    11
    16
    15
    6
    16
    8
    18
    9
    596
    525
    467
    433
    414
    352
    336
    316
    297
    278
    261
    251
    236
    198
    226
    177
    185
    183
    181
    157
    170
    164
    148
    141
    127
    120
    136
    109
    102
    108
    97
    79
    112
    98
    121
    73
    74
    78
    80
    78
    54
    81
    60
    55
    62
    52
    70
    59
    45
    49
    47
    55
    51
    48
    44
    55
    38
    37
    47
    32
    40
    34
    33
    27
    36
    30
    24
    31
    21
    29
    33
    32
    27
    24
    32
    19
    23
    14
    26
    22
    20
    23
    17
    10
    16
    15
    16
    8
    16
    15
    22
    9
    25
    20
    9
    8
    12
    18
    19
    12
    630
    524
    556
    432
    400
    380
    339
    329
    317
    295
    284
    254
    257
    245
    228
    197
    204
    190
    193
    176
    166
    155
    147
    155
    121
    147
    123
    138
    130
    96
    95
    97
    90
    107
    91
    96
    96
    76
    70
    70
    66
    60
    48
    69
    60
    49
    60
    66
    47
    47
    51
    39
    40
    45
    51
    35
    42
    43
    35
    33
    44
    39
    35
    39
    38
    31
    32
    32
    33
    28
    24
    20
    23
    22
    28
    26
    20
    25
    27
    20
    16
    11
    14
    29
    17
    16
    18
    15
    17
    12
    14
    16
    21
    15
    23
    17
    10
    8
    18
    16
    583
    585
    503
    467
    411
    343
    342
    326
    316
    286
    270
    259
    234
    232
    230
    206
    213
    183
    197
    149
    160
    165
    157
    143
    134
    136
    129
    135
    104
    127
    116
    89
    94
    81
    86
    92
    76
    87
    79
    88
    58
    61
    51
    74
    70
    56
    52
    54
    60
    44
    56
    51
    50
    38
    56
    50
    53
    33
    36
    41
    39
    33
    31
    44
    39
    41
    27
    32
    26
    29
    25
    21
    24
    33
    27
    23
    22
    19
    34
    21
    23
    17
    23
    15
    20
    30
    16
    6
    12
    17
    14
    10
    26
    15
    14
    17
    11
    15
    23
    12
    604
    536
    468
    451
    402
    393
    382
    321
    287
    268
    259
    260
    245
    223
    203
    192
    193
    187
    164
    158
    171
    163
    152
    154
    134
    140
    130
    136
    116
    99
    103
    100
    90
    79
    85
    104
    88
    65
    83
    43
    74
    61
    55
    56
    61
    55
    38
    46
    56
    48
    44
    56
    42
    44
    52
    43
    36
    42
    46
    29
    51
    48
    41
    36
    24
    32
    27
    40
    21
    23
    26
    30
    20
    16
    23
    23
    24
    24
    19
    26
    17
    12
    15
    13
    26
    30
    17
    18
    26
    17
    22
    15
    19
    17
    21
    20
    10
    16
    11
    17
    634
    587
    494
    466
    387
    375
    345
    319
    312
    267
    296
    259
    237
    224
    224
    217
    206
    165
    161
    186
    161
    163
    147
    150
    141
    135
    148
    131
    106
    113
    93
    107
    94
    102
    84
    97
    90
    69
    86
    82
    70
    55
    75
    57
    67
    67
    60
    45
    45
    54
    51
    49
    55
    52
    56
    59
    45
    58
    36
    44
    37
    39
    41
    34
    27
    30
    35
    37
    25
    33
    20
    19
    26
    27
    20
    19
    18
    16
    27
    17
    23
    16
    28
    22
    15
    26
    22
    17
    14
    17
    27
    13
    14
    16
    20
    16
    7
    17
    13
    11
    635
    609
    496
    455
    415
    375
    337
    315
    308
    256
    292
    268
    243
    228
    225
    212
    216
    178
    212
    182
    171
    162
    156
    136
    146
    163
    128
    131
    127
    116
    117
    112
    95
    102
    88
    90
    88
    85
    93
    77
    86
    67
    71
    55
    51
    54
    57
    69
    65
    61
    44
    37
    46
    51
    37
    53
    39
    36
    42
    40
    40
    31
    26
    32
    33
    28
    47
    27
    31
    28
    19
    39
    22
    24
    18
    20
    25
    17
    29
    23
    26
    20
    19
    20
    23
    15
    15
    23
    15
    25
    18
    15
    17
    25
    20
    17
    8
    14
    14
    14
    586
    565
    499
    445
    418
    367
    367
    355
    310
    272
    251
    261
    227
    234
    222
    211
    201
    183
    201
    162
    158
    183
    151
    132
    134
    130
    109
    117
    147
    108
    127
    104
    89
    82
    108
    87
    105
    98
    65
    96
    80
    68
    62
    64
    69
    65
    56
    57
    53
    51
    50
    43
    50
    45
    48
    45
    33
    37
    37
    50
    32
    36
    36
    35
    30
    39
    30
    27
    37
    32
    25
    28
    29
    21
    27
    24
    27
    22
    18
    24
    16
    14
    23
    12
    23
    16
    10
    11
    15
    13
    20
    21
    15
    13
    15
    13
    15
    11
    13
    5
    606
    556
    513
    451
    412
    390
    349
    309
    328
    313
    284
    246
    241
    234
    197
    218
    197
    169
    177
    181
    169
    186
    154
    169
    135
    127
    133
    110
    111
    131
    105
    116
    103
    101
    80
    89
    83
    77
    75
    79
    68
    82
    62
    70
    63
    66
    67
    45
    53
    55
    47
    49
    61
    61
    39
    46
    49
    44
    33
    37
    39
    28
    26
    31
    39
    31
    35
    35
    28
    28
    19
    20
    31
    28
    25
    24
    25
    23
    20
    21
    25
    25
    22
    15
    24
    14
    20
    14
    25
    17
    19
    17
    11
    15
    16
    21
    14
    16
    17
    15
    658
    557
    504
    452
    430
    403
    345
    332
    257
    328
    258
    257
    218
    224
    218
    221
    210
    225
    183
    184
    161
    168
    160
    143
    119
    134
    144
    105
    117
    117
    98
    120
    120
    104
    91
    106
    81
    96
    83
    59
    85
    98
    78
    73
    76
    71
    48
    81
    68
    55
    57
    51
    49
    46
    52
    50
    47
    50
    39
    26
    35
    40
    30
    32
    25
    31
    43
    35
    21
    21
    30
    35
    26
    30
    17
    20
    20
    17
    22
    16
    20
    20
    21
    22
    19
    18
    20
    20
    16
    29
    18
    16
    17
    11
    18
    13
    14
    12
    15
    16
    642
    544
    464
    466
    411
    366
    361
    359
    282
    275
    284
    270
    249
    225
    223
    224
    223
    192
    218
    159
    155
    157
    153
    145
    149
    143
    141
    126
    126
    117
    101
    99
    110
    86
    95
    96
    77
    77
    89
    85
    66
    58
    71
    74
    64
    51
    82
    64
    55
    54
    51
    52
    55
    50
    42
    44
    49
    37
    35
    44
    48
    31
    23
    38
    37
    32
    43
    27
    29
    23
    23
    22
    19
    25
    31
    25
    31
    22
    31
    19
    16
    16
    27
    22
    19
    32
    21
    21
    19
    16
    9
    12
    19
    12
    17
    16
    18
    12
    19
    9
    637
    523
    486
    476
    384
    367
    362
    301
    306
    291
    291
    259
    272
    240
    223
    209
    198
    192
    182
    170
    171
    177
    149
    143
    136
    120
    130
    135
    137
    120
    113
    102
    90
    92
    96
    93
    87
    92
    77
    56
    82
    78
    71
    79
    60
    51
    57
    65
    52
    59
    58
    54
    66
    53
    41
    45
    37
    41
    44
    40
    36
    40
    35
    37
    38
    40
    33
    25
    23
    24
    22
    21
    29
    30
    21
    24
    27
    33
    22
    25
    18
    17
    21
    13
    19
    20
    17
    22
    10
    19
    15
    22
    13
    20
    12
    17
    16
    13
    16
    16
    628
    549
    530
    459
    392
    393
    368
    332
    304
    285
    255
    265
    241
    221
    209
    205
    188
    202
    162
    198
    189
    174
    166
    129
    170
    133
    112
    147
    121
    105
    119
    79
    103
    93
    78
    76
    91
    57
    87
    81
    61
    62
    74
    61
    67
    70
    69
    64
    65
    62
    48
    54
    46
    53
    34
    47
    40
    40
    36
    37
    37
    38
    39
    30
    32
    41
    26
    43
    28
    22
    25
    29
    32
    21
    25
    22
    29
    19
    17
    20
    22
    16
    22
    18
    18
    18
    23
    19
    23
    18
    16
    13
    15
    22
    16
    16
    16
    17
    11
    10
    616
    544
    464
    428
    408
    375
    354
    290
    309
    308
    276
    248
    212
    219
    221
    193
    188
    201
    160
    180
    156
    157
    157
    141
    144
    131
    145
    111
    126
    105
    133
    113
    107
    106
    101
    85
    96
    94
    69
    84
    80
    97
    82
    66
    53
    59
    63
    66
    45
    44
    42
    48
    46
    46
    42
    43
    43
    47
    30
    53
    35
    38
    45
    34
    37
    39
    35
    29
    22
    18
    27
    29
    22
    28
    30
    26
    36
    31
    23
    22
    26
    14
    23
    20
    15
    23
    18
    23
    22
    22
    15
    12
    12
    20
    17
    10
    13
    14
    18
    12
    594
    556
    474
    434
    402
    372
    331
    303
    308
    273
    273
    273
    220
    255
    235
    204
    187
    181
    165
    191
    180
    175
    150
    130
    133
    135
    141
    109
    121
    137
    101
    112
    90
    87
    90
    106
    82
    93
    98
    72
    74
    67
    75
    70
    83
    61
    56
    59
    62
    51
    52
    62
    52
    44
    46
    45
    33
    39
    31
    42
    36
    33
    29
    38
    38
    33
    25
    28
    28
    25
    32
    25
    29
    20
    23
    29
    34
    22
    29
    15
    26
    30
    29
    20
    19
    16
    20
    14
    21
    18
    15
    12
    16
    18
    7
    11
    11
    17
    18
    14
    636
    563
    447
    456
    427
    379
    350
    330
    273
    277
    286
    252
    251
    227
    229
    221
    184
    190
    183
    182
    151
    151
    140
    157
    145
    136
    128
    127
    120
    111
    105
    110
    110
    97
    88
    93
    96
    94
    85
    85
    67
    70
    78
    59
    63
    52
    64
    47
    54
    55
    56
    54
    50
    59
    45
    44
    43
    38
    33
    36
    40
    26
    40
    38
    33
    24
    38
    22
    23
    26
    34
    29
    23
    34
    33
    15
    17
    25
    18
    16
    23
    22
    23
    13
    20
    22
    17
    20
    22
    15
    14
    19
    15
    21
    22
    16
    12
    11
    10
    14
    595
    558
    540
    469
    382
    382
    372
    348
    318
    312
    284
    238
    255
    222
    235
    200
    211
    193
    186
    160
    147
    172
    149
    137
    153
    143
    127
    114
    131
    104
    108
    86
    104
    89
    106
    82
    81
    81
    75
    81
    60
    61
    61
    71
    58
    54
    59
    64
    53
    57
    48
    57
    56
    47
    39
    39
    45
    44
    44
    35
    37
    37
    36
    38
    38
    32
    29
    40
    35
    40
    23
    24
    18
    25
    30
    29
    22
    31
    23
    22
    25
    27
    19
    18
    22
    18
    24
    25
    17
    16
    20
    15
    19
    14
    18
    8
    18
    16
    17
    18
    588
    515
    495
    425
    390
    378
    385
    330
    318
    280
    269
    235
    238
    239
    211
    213
    195
    178
    171
    166
    182
    148
    165
    138
    131
    114
    114
    143
    122
    115
    112
    86
    112
    99
    77
    86
    78
    74
    81
    75
    71
    66
    61
    80
    75
    61
    58
    51
    60
    72
    49
    53
    58
    48
    39
    53
    33
    40
    25
    47
    32
    42
    39
    37
    43
    28
    31
    32
    21
    38
    30
    27
    24
    28
    28
    24
    17
    18
    18
    20
    16
    21
    24
    15
    21
    21
    21
    22
    22
    11
    23
    21
    11
    14
    17
    15
    10
    6
    17
    12
    610
    547
    488
    423
    406
    384
    351
    337
    296
    250
    286
    264
    227
    245
    222
    213
    197
    169
    184
    166
    176
    163
    152
    154
    136
    140
    124
    135
    117
    111
    104
    98
    94
    86
    99
    99
    84
    71
    79
    77
    67
    67
    72
    66
    63
    61
    58
    57
    54
    50
    51
    55
    60
    46
    55
    45
    46
    36
    25
    34
    35
    35
    38
    32
    35
    38
    26
    29
    31
    26
    36
    22
    28
    32
    20
    19
    21
    14
    32
    22
    22
    19
    17
    21
    17
    23
    15
    24
    17
    11
    10
    12
    15
    16
    18
    12
    9
    15
    13
    20
    605
    542
    498
    416
    444
    357
    341
    296
    305
    323
    231
    251
    278
    264
    237
    216
    211
    196
    183
    171
    152
    159
    153
    133
    142
    132
    136
    137
    119
    110
    112
    104
    99
    87
    87
    92
    87
    73
    73
    84
    63
    63
    74
    65
    67
    71
    76
    56
    60
    60
    73
    63
    57
    41
    46
    38
    46
    37
    45
    48
    40
    42
    33
    40
    30
    34
    32
    30
    33
    19
    27
    26
    23
    27
    19
    29
    25
    25
    26
    26
    21
    21
    25
    18
    23
    15
    18
    24
    16
    14
    18
    15
    9
    17
    14
    9
    11
    24
    11
    19
    578
    559
    513
    451
    376
    399
    346
    342
    318
    297
    277
    275
    253
    254
    232
    246
    202
    220
    168
    197
    146
    151
    128
    133
    137
    138
    139
    123
    104
    118
    103
    109
    109
    102
    81
    83
    91
    86
    81
    82
    56
    83
    53
    75
    56
    76
    70
    60
    53
    46
    48
    63
    49
    38
    52
    52
    49
    52
    48
    38
    35
    33
    36
    35
    44
    27
    36
    25
    34
    30
    25
    41
    32
    35
    33
    28
    18
    29
    21
    29
    27
    18
    15
    19
    23
    22
    17
    13
    9
    12
    16
    24
    19
    18
    22
    11
    7
    10
    16
    17
    614
    574
    513
    428
    430
    376
    362
    322
    254
    292
    278
    294
    242
    244
    223
    225
    201
    210
    210
    167
    167
    164
    161
    148
    127
    135
    117
    133
    126
    113
    115
    99
    115
    102
    96
    100
    87
    97
    78
    77
    72
    53
    75
    65
    69
    67
    56
    46
    42
    57
    43
    49
    53
    44
    39
    55
    39
    39
    37
    41
    31
    40
    40
    32
    30
    34
    29
    29
    37
    18
    45
    23
    23
    31
    32
    29
    34
    20
    21
    21
    20
    22
    21
    20
    20
    18
    21
    12
    15
    17
    23
    25
    11
    17
    23
    21
    14
    12
    13
    22
    607
    556
    466
    432
    402
    385
    348
    323
    328
    312
    250
    268
    242
    240
    216
    212
    213
    187
    175
    170
    159
    168
    161
    131
    150
    134
    130
    147
    124
    122
    131
    99
    101
    106
    99
    77
    86
    83
    83
    80
    64
    74
    71
    69
    71
    58
    53
    60
    54
    52
    51
    62
    56
    44
    45
    35
    27
    51
    46
    37
    54
    37
    42
    40
    39
    33
    38
    27
    27
    25
    22
    22
    28
    23
    34
    21
    17
    25
    25
    21
    18
    30
    24
    16
    15
    22
    20
    19
    15
    12
    25
    12
    22
    18
    22
    10
    13
    19
    19
    15
    645
    588
    532
    448
    425
    395
    338
    355
    299
    299
    262
    258
    253
    249
    219
    204
    202
    202
    167
    188
    174
    184
    164
    157
    148
    124
    128
    136
    116
    114
    120
    99
    93
    83
    91
    98
    83
    77
    88
    83
    70
    72
    70
    75
    63
    64
    68
    60
    53
    55
    57
    48
    53
    51
    52
    50
    52
    44
    51
    51
    34
    47
    46
    26
    40
    34
    45
    32
    32
    30
    33
    32
    26
    30
    27
    19
    16
    25
    27
    22
    26
    23
    22
    15
    15
    17
    17
    15
    19
    22
    11
    14
    18
    12
    21
    14
    14
    23
    15
    12
    621
    557
    510
    459
    385
    382
    336
    339
    286
    283
    279
    263
    228
    253
    222
    223
    209
    227
    188
    173
    159
    156
    163
    122
    161
    136
    121
    116
    113
    112
    112
    116
    101
    107
    95
    84
    79
    85
    66
    94
    70
    57
    72
    66
    61
    50
    72
    58
    41
    55
    41
    38
    54
    43
    37
    45
    40
    46
    47
    46
    33
    36
    36
    33
    29
    41
    37
    29
    31
    36
    32
    23
    28
    38
    26
    30
    25
    19
    29
    18
    16
    20
    14
    20
    23
    25
    15
    19
    15
    16
    21
    16
    20
    11
    10
    16
    16
    10
    18
    11
    573
    540
    509
    454
    416
    359
    357
    335
    311
    292
    271
    265
    229
    227
    204
    234
    224
    196
    174
    179
    155
    161
    150
    119
    128
    141
    120
    138
    146
    97
    111
    109
    106
    102
    95
    70
    91
    85
    98
    81
    80
    82
    71
    55
    63
    58
    68
    48
    55
    53
    50
    67
    44
    42
    46
    48
    34
    39
    34
    48
    41
    42
    37
    30
    39
    30
    37
    35
    37
    25
    23
    23
    27
    26
    26
    29
    22
    24
    28
    22
    28
    15
    11
    17
    19
    27
    18
    18
    19
    16
    23
    13
    15
    15
    16
    11
    16
    8
    15
    9
    614
    560
    481
    465
    400
    413
    344
    349
    312
    298
    322
    249
    258
    227
    237
    206
    179
    192
    159
    176
    173
    135
    148
    133
    138
    125
    107
    126
    127
    117
    116
    114
    96
    110
    101
    95
    84
    86
    85
    77
    69
    74
    60
    64
    69
    52
    69
    53
    63
    57
    43
    53
    67
    54
    60
    47
    27
    35
    53
    34
    41
    37
    33
    46
    32
    34
    28
    30
    35
    25
    37
    35
    29
    32
    25
    19
    28
    24
    23
    16
    20
    20
    20
    22
    24
    23
    15
    22
    12
    15
    22
    17
    20
    13
    13
    10
    15
    20
    11
    17
    607
    557
    508
    438
    401
    394
    337
    315
    334
    301
    230
    300
    256
    220
    233
    195
    204
    190
    182
    173
    139
    162
    131
    154
    143
    138
    118
    119
    118
    123
    111
    88
    105
    109
    85
    101
    69
    89
    82
    84
    76
    58
    68
    70
    60
    58
    50
    51
    51
    49
    56
    45
    45
    53
    57
    53
    48
    49
    47
    46
    42
    53
    36
    26
    35
    31
    30
    30
    32
    41
    32
    27
    27
    25
    27
    19
    23
    23
    35
    22
    21
    22
    23
    22
    14
    19
    21
    17
    19
    17
    19
    13
    8
    9
    16
    17
    9
    17
    13
    13
    577
    519
    482
    438
    421
    360
    359
    330
    339
    250
    294
    252
    229
    223
    222
    211
    187
    194
    203
    179
    173
    148
    134
    154
    145
    128
    132
    125
    118
    104
    96
    107
    95
    124
    112
    97
    102
    91
    79
    88
    76
    77
    74
    62
    84
    61
    60
    76
    63
    55
    60
    68
    44
    41
    46
    47
    38
    47
    35
    40
    41
    29
    31
    26
    36
    34
    42
    22
    30
    24
    33
    27
    21
    19
    23
    45
    20
    27
    27
    14
    22
    14
    23
    32
    22
    28
    12
    12
    14
    17
    17
    24
    22
    19
    19
    19
    11
    23
    19
    16
    587
    582
    499
    474
    445
    365
    346
    347
    329
    316
    283
    252
    267
    265
    206
    228
    200
    200
    212
    173
    177
    161
    162
    152
    128
    128
    125
    136
    128
    91
    110
    99
    116
    112
    83
    86
    92
    69
    73
    62
    66
    59
    61
    66
    69
    54
    53
    61
    54
    56
    46
    53
    39
    45
    52
    35
    66
    56
    40
    24
    48
    32
    31
    38
    31
    30
    32
    30
    32
    25
    26
    31
    29
    35
    29
    26
    18
    25
    26
    21
    27
    24
    16
    30
    12
    10
    16
    19
    25
    19
    11
    14
    21
    14
    14
    11
    13
    15
    6
    19
    623
    580
    499
    444
    390
    402
    357
    329
    283
    293
    284
    229
    221
    232
    221
    207
    207
    200
    169
    160
    163
    161
    159
    150
    139
    136
    119
    111
    111
    99
    97
    123
    109
    110
    78
    89
    80
    109
    89
    64
    61
    80
    67
    70
    84
    57
    67
    60
    55
    50
    46
    59
    44
    42
    50
    44
    51
    39
    24
    47
    43
    43
    41
    31
    32
    26
    33
    34
    22
    27
    26
    36
    25
    30
    20
    27
    29
    26
    26
    26
    26
    24
    18
    22
    25
    22
    21
    20
    19
    15
    21
    19
    15
    10
    17
    14
    16
    9
    12
    17
    637
    568
    478
    430
    447
    366
    364
    334
    301
    265
    283
    251
    250
    234
    225
    218
    183
    214
    201
    167
    152
    154
    162
    151
    133
    134
    138
    100
    118
    114
    126
    108
    109
    104
    100
    94
    93
    84
    96
    56
    59
    66
    66
    64
    59
    56
    54
    66
    56
    58
    45
    53
    60
    48
    54
    47
    63
    52
    38
    34
    43
    42
    44
    38
    28
    34
    31
    26
    25
    33
    23
    32
    22
    23
    24
    30
    24
    22
    22
    22
    22
    23
    16
    17
    24
    17
    20
    18
    15
    9
    19
    9
    19
    19
    14
    16
    19
    17
    18
    21
    601
    552
    497
    423
    439
    351
    370
    348
    310
    294
    255
    297
    259
    220
    230
    211
    210
    195
    189
    177
    188
    149
    151
    151
    139
    148
    135
    154
    127
    106
    104
    93
    102
    90
    116
    83
    93
    82
    82
    73
    75
    72
    72
    79
    72
    59
    60
    61
    53
    57
    54
    64
    48
    51
    37
    50
    43
    45
    30
    40
    43
    39
    55
    36
    40
    34
    34
    43
    24
    37
    25
    25
    30
    27
    33
    29
    22
    19
    28
    25
    26
    15
    25
    18
    19
    24
    10
    19
    29
    18
    26
    16
    13
    12
    14
    9
    9
    11
    15
    17
    608
    579
    519
    413
    408
    392
    353
    321
    311
    268
    232
    255
    254
    196
    244
    223
    195
    191
    157
    190
    162
    159
    148
    149
    136
    136
    120
    139
    113
    114
    109
    94
    93
    90
    96
    83
    81
    94
    79
    74
    78
    76
    68
    79
    62
    56
    60
    66
    61
    67
    50
    66
    56
    57
    57
    55
    35
    45
    27
    28
    40
    42
    35
    37
    31
    22
    45
    26
    30
    35
    29
    27
    32
    27
    34
    18
    20
    30
    19
    25
    26
    18
    20
    19
    12
    17
    22
    18
    11
    18
    16
    16
    21
    15
    14
    20
    10
    19
    15
    22
    618
    543
    505
    410
    390
    360
    391
    332
    290
    297
    259
    257
    236
    237
    236
    224
    197
    207
    177
    183
    157
    162
    174
    164
    152
    133
    140
    111
    119
    111
    107
    101
    94
    87
    95
    85
    104
    88
    94
    91
    85
    83
    59
    74
    64
    70
    60
    53
    55
    65
    52
    64
    46
    45
    49
    37
    35
    44
    33
    41
    45
    37
    29
    32
    34
    28
    40
    29
    38
    34
    30
    35
    24
    22
    26
    30
    23
    25
    22
    28
    19
    12
    23
    16
    15
    21
    25
    16
    17
    22
    16
    26
    16
    18
    11
    16
    19
    13
    10
    16
    600
    566
    540
    461
    408
    359
    346
    315
    309
    279
    275
    271
    241
    198
    227
    207
    202
    199
    187
    148
    170
    166
    142
    150
    154
    131
    143
    125
    110
    105
    113
    102
    107
    100
    86
    72
    78
    91
    78
    65
    81
    65
    66
    64
    73
    58
    66
    61
    62
    62
    56
    59
    66
    49
    37
    58
    45
    41
    30
    35
    41
    39
    37
    30
    38
    26
    36
    30
    35
    30
    25
    30
    27
    18
    17
    25
    31
    22
    23
    18
    25
    20
    19
    18
    35
    23
    18
    10
    14
    21
    22
    14
    27
    24
    18
    17
    8
    22
    15
    15
    601
    553
    525
    456
    449
    355
    360
    362
    315
    320
    266
    280
    252
    221
    224
    197
    191
    181
    210
    176
    176
    157
    153
    148
    142
    141
    141
    122
    106
    115
    111
    98
    118
    102
    95
    102
    75
    81
    82
    75
    87
    75
    67
    70
    72
    66
    42
    65
    61
    51
    45
    63
    43
    49
    57
    37
    33
    50
    40
    41
    39
    28
    31
    41
    39
    35
    37
    32
    33
    23
    42
    34
    20
    30
    29
    26
    25
    23
    22
    18
    22
    15
    17
    15
    23
    17
    19
    20
    19
    19
    22
    18
    23
    15
    18
    15
    13
    21
    15
    20
    645
    572
    480
    462
    420
    372
    359
    322
    332
    278
    285
    261
    253
    248
    238
    227
    216
    190
    202
    177
    177
    172
    134
    155
    153
    133
    117
    130
    122
    121
    125
    105
    120
    108
    86
    88
    87
    86
    82
    89
    77
    75
    55
    59
    68
    76
    65
    58
    53
    68
    67
    56
    55
    49
    57
    46
    48
    41
    50
    39
    38
    28
    40
    40
    39
    42
    42
    27
    32
    25
    29
    28
    31
    29
    26
    21
    21
    22
    25
    24
    24
    29
    20
    26
    19
    16
    22
    19
    11
    13
    15
    19
    15
    7
    16
    20
    14
    18
    11
    17
    663
    610
    518
    456
    411
    389
    349
    314
    321
    285
    263
    258
    242
    261
    229
    196
    231
    224
    186
    166
    160
    151
    161
    144
    130
    121
    114
    136
    122
    124
    109
    109
    101
    100
    105
    97
    81
    92
    77
    73
    75
    70
    69
    64
    77
    68
    66
    64
    51
    40
    49
    49
    35
    53
    52
    34
    43
    52
    42
    38
    48
    40
    42
    37
    25
    34
    25
    25
    31
    31
    13
    27
    22
    37
    13
    16
    35
    22
    23
    28
    31
    30
    20
    23
    12
    26
    29
    15
    17
    17
    16
    19
    14
    8
    24
    18
    17
    17
    15
    10
    626
    517
    515
    414
    397
    384
    354
    331
    317
    276
    283
    246
    253
    247
    237
    204
    195
    179
    172
    187
    153
    147
    194
    161
    151
    142
    128
    135
    115
    129
    113
    112
    86
    108
    81
    78
    96
    91
    70
    70
    61
    66
    60
    62
    60
    61
    74
    58
    61
    57
    56
    69
    52
    41
    55
    48
    37
    41
    38
    27
    40
    54
    33
    25
    39
    34
    22
    33
    25
    36
    30
    27
    22
    31
    19
    22
    23
    17
    26
    17
    19
    14
    18
    18
    24
    25
    19
    15
    14
    18
    31
    22
    23
    11
    14
    12
    17
    9
    16
    8
    624
    533
    508
    479
    401
    367
    364
    352
    318
    278
    286
    242
    260
    219
    229
    215
    195
    199
    165
    180
    180
    165
    149
    155
    148
    133
    134
    142
    107
    116
    130
    118
    107
    106
    96
    72
    84
    88
    69
    75
    66
    65
    70
    60
    52
    62
    64
    56
    55
    56
    53
    64
    53
    43
    55
    51
    42
    36
    41
    34
    38
    36
    38
    36
    25
    44
    33
    22
    36
    27
    26
    27
    36
    30
    27
    33
    23
    23
    18
    27
    28
    25
    13
    16
    28
    20
    15
    21
    11
    12
    14
    21
    17
    15
    24
    14
    14
    16
    13
    15
    592
    551
    522
    443
    414
    387
    359
    359
    330
    285
    281
    247
    262
    212
    236
    217
    241
    207
    170
    196
    173
    158
    149
    122
    152
    99
    131
    153
    128
    121
    103
    114
    104
    99
    86
    101
    87
    87
    91
    75
    57
    78
    72
    74
    61
    55
    60
    63
    44
    55
    53
    52
    47
    58
    42
    50
    46
    31
    32
    33
    43
    42
    30
    29
    23
    43
    32
    34
    24
    25
    29
    22
    31
    26
    35
    29
    16
    21
    19
    31
    28
    21
    17
    18
    13
    10
    24
    27
    20
    19
    23
    22
    19
    15
    14
    18
    18
    7
    19
    13
    634
    576
    510
    413
    439
    376
    343
    325
    315
    288
    257
    295
    240
    231
    201
    208
    209
    209
    182
    175
    153
    153
    123
    152
    120
    123
    115
    131
    122
    115
    122
    126
    85
    111
    90
    100
    68
    71
    92
    70
    73
    70
    64
    63
    70
    56
    54
    56
    80
    52
    52
    50
    51
    42
    53
    53
    43
    46
    54
    43
    39
    55
    36
    44
    34
    35
    38
    31
    28
    33
    26
    24
    21
    29
    22
    29
    18
    19
    29
    35
    17
    20
    19
    26
    22
    18
    14
    17
    16
    9
    16
    8
    19
    9
    14
    11
    13
    12
    14
    14

Data:
    0
    0
    0
    0
    0
    0
    0
    0
    0
    0
    0
    0
    0
    0
    0
    0
    0
    0
    0
    0
    0
    0
    0
    0
    0
    0
    0
    0
    0
    0
    0
    0
    0
    0
    0
    0
    0
    0
    0
    0
    0
    0
    0
    0
    0
    0
    0
    0
    0
    0
    0
    0
    0
    0
    0
    0
    0
    0
    0
    0
    0
    0
    0
    0
    0
    0
    0
    0
    0
    0
    0
    0
    0
    0
    0
    0
    0
    0
    0
    0
    0
    0
    0
    0
    0
    0
    0
    0
    0
    0
    0
    0
    0
    0
    0
    0
    0
    0
    0
    0
    0
    0
    0
    0
    0
    0
    0
    0
    0
    0
    0
    0
    0
    0
    0
    0
    0
    0
    0
    0
    0
    0
    0
    0
    0
    0
    0
    0
    0
    0
    0
    0
    0
    0
    0
    0
    0
    0
    0
    0
    0
    0
    0
    0
    0
    0
    0
    0
    0
    0
    0
    0
    0
    0
    0
    0
    0
    0
    0
    0
    0
    0
    0
    0
    0
    0
    0
    0
    0
    0
    0
    0
    0
    0
    0
    0
    0
    0
    0
    0
    0
    0
    0
    0
    0
    0
    0
    0
    0
    0
    0
    0
    0
    0
    0
    0
    0
    0
    0
    0
    0
    0
    0
    0
    0
    0
    0
    0
    0
    0
    0
    0
    0
    0
    0
    0
    0
    0
    0
    0
    0
    0
    0
    0
    0
    0
    0
    0
    0
    0
    0
    0
    0
    0
    0
    0
    0
    0
    0
    0
    0
    0
    0
    0
    0
    0
    0
    0
    0
    0
    0
    0
    0
    0
    0
    0
    0
    0
    0
    0
    0
    0
    0
    0
    0
    0
    0
    0
    0
    0
    0
    0
    0
    0
    0
    0
    0
    0
    0
    0
    0
    0
    0
    0
    0
    0
    0
    0
    0
    0
    0
    0
    0
    0
    0
    0
    0
    0
    0
    0
    0
    0
    0
    0
    0
    0
    0
    0
    0
    0
    0
    0
    0
    0
    0
    0
    0
    0
    0
    0
    0
    0
    0
    0
    0
    0
    0
    0
    0
    0
    0
    0
    0
    0
    0
    0
    0
    0
    0
    0
    0
    0
    0
    0
    0
    0
    0
    0
    0
    0
    0
    0
    0
    0
    0
    0
    0
    0
    0
    0
    0
    0
    0
    0
    0
    0
    0
    0
    0
    0
    0
    0
    0
    0
    0
    0
    0
    0
    0
    0
    0
    0
    0
    0
    0
    0
    0
    0
    0
    0
    0
    0
    0
    0
    0
    0
    0
    0
    0
    0
    0
    0
    0
    0
    0
    0
    0
    0
    0
    0
    0
    0
    0
    0
    0
    0
    0
    0
    0
    0
    0
    0
    0
    0
    0
    0
    0
    0
    0
    0
    0
    0
    0
    0
    0
    0
    0
    0
    0
    0
    0
    0
    0
    0
    0
    0
    0
    0
    0
    0
    0
    0
    0
    0
    0
    0
    0
    0
    0
    0
    0
    0
    0
    0
    0
    0
    0
    0
    0
    0
    0
    0
    0
    0
    0
    0
    0
    0
    0
    0
    0
    0
    0
    0
    0
    0
    0
    0
    0
    0
    0
    0
    0
    0
    0
    0
    0
    0
    0
    0
    0
    0
    0
    0
    0
    0
    0
    0
    0
    0
    0
    0
    0
    0
    0
    0
    0
    0
    0
    0
    0
    0
    0
    0
    0
    0
    0
    0
    0
    0
    0
    0
    0
    0
    0
    0
    0
    0
    0
    0
    0
    0
    0
    0
    0
    0
    0
    0
    0
    0
    0
    0
    0
    0
    0
    0
    0
    0
    0
    0
    0
    0
    0
    0
    0
    0
    0
    0
    0
    0
    0
    0
    0
    0
    0
    0
    0
    0
    0
    0
    0
    0
    0
    0
    0
    0
    0
    0
    0
    0
    0
    0
    0
    0
    0
    0
    0
    0
    0
    0
    0
    0
    0
    0
    0
    0
    0
    0
    0
    0
    0
    0
    0
    0
    0
    0
    0
    0
    0
    0
    0
    0
    0
    0
    0
    0
    0
    0
    0
    0
    0
    0
    0
    0
    0
    0
    0
    0
    0
    0
    0
    0
    0
    0
    0
    0
    0
    0
    0
    0
    0
    0
    0
    0
    0
    0
    0
    0
    0
    0
    0
    0
    0
    0
    0
    0
    0
    0
    0
    0
    0
    0
    0
    0
    0
    0
    0
    0
    0
    0
    0
    0
    0
    0
    0
    0
    0
    0
    0
    0
    0
    0
    0
    0
    0
    0
    0
    0
    0
    0
    0
    0
    0
    0
    0
    0
    0
    0
    0
    0
    0
    0
    0
    0
    0
    0
    0
    0
    0
    0
    0
    0
    0
    0
    0
    0
    0
    0
    0
    0
    0
    0
    0
    0
    0
    0
    0
    0
    0
    0
    0
    0
    0
    0
    0
    0
    0
    0
    0
    0
    0
    0
    0
    0
    0
    0
    0
    0
    0
    0
    0
    0
    0
    0
    0
    0
    0
    0
    0
    0
    0
    0
    0
    0
    0
    0
    0
    0
    0
    0
    0
    0
    0
    0
    0
    0
    0
    0
    0
    0
    0
    0
    0
    0
    0
    0
    0
    0
    0
    0
    0
    0
    0
    0
    0
    0
    0
    0
    0
    0
    0
    0
    0
    0
    0
    0
    0
    0
    0
    0
    0
    0
    0
    0
    0
    0
    0
    0
    0
    0
    0
    0
    0
    0
    0
    0
    0
    0
    0
    0
    0
    0
    0
    0
    0
    0
    0
    0
    0
    0
    0
    0
    0
    0
    0
    0
    0
    0
    0
    0
    0
    0
    0
    0
    0
    0
    0
    0
    0
    0
    0
    0
    0
    0
    0
    0
    0
    0
    0
    0
    0
    0
    0
    0
    0
    0
    0
    0
    0
    0
    0
    0
    0
    0
    0
    0
    0
    0
    0
    0
    0
    0
    0
    0
    0
    0
    0
    0
    0
    0
    0
    0
    0
    0
    0
    0
    0
    0
    0
    0
    0
    0
    0
    0
    0
    0
    0
    0
    0
    0
    0
    0
    0
    0
    0
    0
    0
    0
    0
    0
    0
    0
    0
    0
    0
    0
    0
    0
    0
    0
    0
    0
    0
    0
    0
    0
    0
    0
    0
    0
    0
    0
    0
    0
    0
    0
    0
    0
    0
    0
    0
    0
    0
    0
    0
    0
    0
    0
    0
    0
    0
    0
    0
    0
    0
    0
    0
    0
    0
    0
    0
    0
    0
    0
    0
    0
    0
    0
    0
    0
    0
    0
    0
    0
    0
    0
    0
    0
    0
    0
    0
    0
    0
    0
    0
    0
    0
    0
    0
    0
    0
    0
    0
    0
    0
    0
    0
    0
    0
    0
    0
    0
    0
    0
    0
    0
    0
    0
    0
    0
    0
    0
    0
    0
    0
    0
    0
    0
    0
    0
    0
    0
    0
    0
    0
    0
    0
    0
    0
    0
    0
    0
    0
    0
    0
    0
    0
    0
    0
    0
    0
    0
    0
    0
    0
    0
    0
    0
    0
    0
    0
    0
    0
    0
    0
    0
    0
    0
    0
    0
    0
    0
    0
    0
    0
    0
    0
    0
    0
    0
    0
    0
    0
    0
    0
    0
    0
    0
    0
    0
    0
    0
    0
    0
    0
    0
    0
    0
    0
    0
    0
    0
    0
    0
    0
    0
    0
    0
    0
    0
    0
    0
    0
    0
    0
    0
    0
    0
    0
    0
    0
    0
    0
    0
    0
    0
    0
    0
    0
    0
    0
    0
    0
    0
    0
    0
    0
    0
    0
    0
    0
    0
    0
    0
    0
    0
    0
    0
    0
    0
    0
    0
    0
    0
    0
    0
    0
    0
    0
    0
    0
    0
    0
    0
    0
    0
    0
    0
    0
    0
    0
    0
    0
    0
    0
    0
    0
    0
    0
    0
    0
    0
    0
    0
    0
    0
    0
    0
    0
    0
    0
    0
    0
    0
    0
    0
    0
    0
    0
    0
    0
    0
    0
    0
    0
    0
    0
    0
    0
    0
    0
    0
    0
    0
    0
    0
    0
    0
    0
    0
    0
    0
    0
    0
    0
    0
    0
    0
    0
    0
    0
    0
    0
    0
    0
    0
    0
    0
    0
    0
    0
    0
    0
    0
    0
    0
    0
    0
    0
    0
    0
    0
    0
    0
    0
    0
    0
    0
    0
    0
    0
    0
    0
    0
    0
    0
    0
    0
    0
    0
    0
    0
    0
    0
    0
    0
    0
    0
    0
    0
    0
    0
    0
    0
    0
    0
    0
    0
    0
    0
    0
    0
    0
    0
    0
    0
    0
    0
    0
    0
    0
    0
    0
    0
    0
    0
    0
    0
    0
    0
    0
    0
    0
    0
    0
    0
    0
    0
    0
    0
    0
    0
    0
    0
    0
    0
    0
    0
    0
    0
    0
    0
    0
    0
    0
    0
    0
    0
    0
    0
    0
    0
    0
    0
    0
    0
    0
    0
    0
    0
    0
    0
    0
    0
    0
    0
    0
    0
    0
    0
    0
    0
    0
    0
    0
    0
    0
    0
    0
    0
    0
    0
    0
    0
    0
    0
    0
    0
    0
    0
    0
    0
    0
    0
    0
    0
    0
    0
    0
    0
    0
    0
    0
    0
    0
    0
    0
    0
    0
    0
    0
    0
    0
    0
    0
    0
    0
    0
    0
    0
    0
    0
    0
    0
    0
    0
    0
    0
    0
    0
    0
    0
    0
    0
    0
    0
    0
    0
    0
    0
    0
    0
    0
    0
    0
    0
    0
    0
    0
    0
    0
    0
    0
    0
    0
    0
    0
    0
    0
    0
    0
    0
    0
    0
    0
    0
    0
    0
    0
    0
    0
    0
    0
    0
    0
    0
    0
    0
    0
    0
    0
    0
    0
    0
    0
    0
    0
    0
    0
    0
    0
    0
    0
    0
    0
    0
    0
    0
    0
    0
    0
    0
    0
    0
    0
    0
    0
    0
    0
    0
    0
    0
    0
    0
    0
    0
    0
    0
    0
    0
    0
    0
    0
    0
    0
    0
    0
    0
    0
    0
    0
    0
    0
    0
    0
    0
    0
    0
    0
    0
    0
    0
    0
    0
    0
    0
    0
    0
    0
    0
    0
    0
    0
    0
    0
    0
    0
    0
    0
    0
    0
    0
    0
    0
    0
    0
    0
    0
    0
    0
    0
    0
    0
    0
    0
    0
    0
    0
    0
    0
    0
    0
    0
    0
    0
    0
    0
    0
    0
    0
    0
    0
    0
    0
    0
    0
    0
    0
    0
    0
    0
    0
    0
    0
    0
    0
    0
    0
    0
    0
    0
    0
    0
    0
    0
    0
    0
    0
    0
    0
    0
    0
    0
    0
    0
    0
    0
    0
    0
    0
    0
    0
    0
    0
    0
    0
    0
    0
    0
    0
    0
    0
    0
    0
    0
    0
    0
    0
    0
    0
    0
    0
    0
    0
    0
    0
    0
    0
    0
    0
    0
    0
    0
    0
    0
    0
    0
    0
    0
    0
    0
    0
    0
    0
    0
    0
    0
    0
    0
    0
    0
    0
    0
    0
    0
    0
    0
    0
    0
    0
    0
    0
    0
    0
    0
    0
    0
    0
    0
    0
    0
    0
    0
    0
    0
    0
    0
    0
    0
    0
    0
    0
    0
    0
    0
    0
    0
    0
    0
    0
    0
    0
    0
    0
    0
    0
    0
    0
    0
    0
    0
    0
    0
    0
    0
    0
    0
    0
    0
    0
    0
    0
    0
    0
    0
    0
    0
    0
    0
    0
    0
    0
    0
    0
    0
    0
    0
    0
    0
    0
    0
    0
    0
    0
    0
    0
    0
    0
    0
    0
    0
    0
    0
    0
    0
    0
    0
    0
    0
    0
    0
    0
    0
    0
    0
    0
    0
    0
    0
    0
    0
    0
    0
    0
    0
    0
    0
    0
    0
    0
    0
    0
    0
    0
    0
    0
    0
    0
    0
    0
    0
    0
    0
    0
    0
    0
    0
    0
    0
    0
    0
    0
    0
    0
    0
    0
    0
    0
    0
    0
    0
    0
    0
    0
    0
    0
    0
    0
    0
    0
    0
    0
    0
    0
    0
    0
    0
    0
    0
    0
    0
    0
    0
    0
    0
    0
    0
    0
    0
    0
    0
    0
    0
    0
    0
    0
    0
    0
    0
    0
    0
    0
    0
    0
    0
    0
    0
    0
    0
    0
    0
    0
    0
    0
    0
    0
    0
    0
    0
    0
    0
    0
    0
    0
    0
    0
    0
    0
    0
    0
    0
    0
    0
    0
    0
    0
    0
    0
    0
    0
    0
    0
    0
    0
    0
    0
    0
    0
    0
    0
    0
    0
    0
    0
    0
    0
    0
    0
    0
    0
    0
    0
    0
    0
    0
    0
    0
    0
    0
    0
    0
    0
    0
    0
    0
    0
    0
    0
    0
    0
    0
    0
    0
    0
    0
    0
    0
    0
    0
    0
    0
    0
    0
    0
    0
    0
    0
    0
    0
    0
    0
    0
    0
    0
    0
    0
    0
    0
    0
    0
    0
    0
    0
    0
    0
    0
    0
    0
    0
    0
    0
    0
    0
    0
    0
    0
    0
    0
    0
    0
    0
    0
    0
    0
    0
    0
    0
    0
    0
    0
    0
    0
    0
    0
    0
    0
    0
    0
    0
    0
    0
    0
    0
    0
    0
    0
    0
    0
    0
    0
    0
    0
    0
    0
    0
    0
    0
    0
    0
    0
    0
    0
    0
    0
    0
    0
    0
    0
    0
    0
    0
    0
    0
    0
    0
    0
    0
    0
    0
    0
    0
    0
    0
    0
    0
    0
    0
    0
    0
    0
    0
    0
    0
    0
    0
    0
    0
    0
    0
    0
    0
    0
    0
    0
    0
    0
    0
    0
    0
    0
    0
    0
    0
    0
    0
    0
    0
    0
    0
    0
    0
    0
    0
    0
    0
    0
    0
    0
    0
    0
    0
    0
    0
    0
    0
    0
    0
    0
    0
    0
    0
    0
    0
    0
    0
    0
    0
    0
    0
    0
    0
    0
    0
    0
    0
    0
    0
    0
    0
    0
    0
    0
    0
    0
    0
    0
    0
    0
    0
    0
    0
    0
    0
    0
    0
    0
    0
    0
    0
    0
    0
    0
    0
    0
    0
    0
    0
    0
    0
    0
    0
    0
    0
    0
    0
    0
    0
    0
    0
    0
    0
    0
    0
    0
    0
    0
    0
    0
    0
    0
    0
    0
    0
    0
    0
    0
    0
    0
    0
    0
    0
    0
    0
    0
    0
    0
    0
    0
    0
    0
    0
    0
    0
    0
    0
    0
    0
    0
    0
    0
    0
    0
    0
    0
    0
    0
    0
    0
    0
    0
    0
    0
    0
    0
    0
    0
    0
    0
    0
    0
    0
    0
    0
    0
    0
    0
    0
    0
    0
    0
    0
    0
    0
    0
    0
    0
    0
    0
    0
    0
    0
    0
    0
    0
    0
    0
    0
    0
    0
    0
    0
    0
    0
    0
    0
    0
    0
    0
    0
    0
    0
    0
    0
    0
    0
    0
    0
    0
    0
    0
    0
    0
    0
    0
    0
    0
    0
    0
    0
    0
    0
    0
    0
    0
    0
    0
    0
    0
    0
    0
    0
    0
    0
    0
    0
    0
    0
    0
    0
    0
    0
    0
    0
    0
    0
    0
    0
    0
    0
    0
    0
    0
    0
    0
    0
    0
    0
    0
    0
    0
    0
    0
    0
    0
    0
    0
    0
    0
    0
    0
    0
    0
    0
    0
    0
    0
    0
    0
    0
    0
    0
    0
    0
    0
    0
    0
    0
    0
    0
    0
    0
    0
    0
    0
    0
    0
    0
    0
    0
    0
    0
    0
    0
    0
    0
    0
    0
    0
    0
    0
    0
    0
    0
    0
    0
    0
    0
    0
    0
    0
    0
    0
    0
    0
    0
    0
    0
    0
    0
    0
    0
    0
    0
    0
    0
    0
    0
    0
    0
    0
    0
    0
    0
    0
    0
    0
    0
    0
    0
    0
    0
    0
    0
    0
    0
    0
    0
    0
    0
    0
    0
    0
    0
    0
    0
    0
    0
    0
    0
    0
    0
    0
    0
    0
    0
    0
    0
    0
    0
    0
    0
    0
    0
    0
    0
    0
    0
    0
    0
    0
    0
    0
    0
    0
    0
    0
    0
    0
    0
    0
    0
    0
    0
    0
    0
    0
    0
    0
    0
    0
    0
    0
    0
    0
    0
    0
    0
    0
    0
    0
    0
    0
    0
    0
    0
    0
    0
    0
    0
    0
    0
    0
    0
    0
    0
    0
    0
    0
    0
    0
    0
    0
    0
    0
    0
    0
    0
    0
    0
    0
    0
    0
    0
    0
    0
    0
    0
    0
    0
    0
    0
    0
    0
    0
    0
    0
    0
    0
    0
    0
    0
    0
    0
    0
    0
    0
    0
    0
    0
    0
    0
    0
    0
    0
    0
    0
    0
    0
    0
    0
    0
    0
    0
    0
    0
    0
    0
    0
    0
    0
    0
    0
    0
    0
    0
    0
    0
    0
    0
    0
    0
    0
    0
    0
    0
    0
    0
    0
    0
    0
    0
    0
    0
    0
    0
    0
    0
    0
    0
    0
    0
    0
    0
    0
    0
    0
    0
    0
    0
    0
    0
    0
    0
    0
    0
    0
    0
    0
    0
    0
    0
    0
    0
    0
    0
    0
    0
    0
    0
    0
    0
    0
    0
    0
    0
    0
    0
    0
    0
    0
    0
    0
    0
    0
    0
    0
    0
    0
    0
    0
    0
    0
    0
    0
    0
    0
    0
    0
    0
    0
    0
    0
    0
    0
    0
    0
    0
    0
    0
    0
    0
    0
    0
    0
    0
    0
    0
    0
    0
    0
    0
    0
    0
    0
    0
    0
    0
    0
    0
    0
    0
    0
    0
    0
    0
    0
    0
    0
    0
    0
    0
    0
    0
    0
    0
    0
    0
    0
    0
    0
    0
    0
    0
    0
    0
    0
    0
    0
    0
    0
    0
    0
    0
    0
    0
    0
    0
    0
    0
    0
    0
    0
    0
    0
    0
    0
    0
    0
    0
    0
    0
    0
    0
    0
    0
    0
    0
    0
    0
    0
    0
    0
    0
    0
    0
    0
    0
    0
    0
    0
    0
    0
    0
    0
    0
    0
    0
    0
    0
    0
    0
    0
    0
    0
    0
    0
    0
    0
    0
    0
    0
    0
    0
    0
    0
    0
    0
    0
    0
    0
    0
    0
    0
    0
    0
    0
    0
    0
    0
    0
    0
    0
    0
    0
    0
    0
    0
    0
    0
    0
    0
    0
    0
    0
    0
    0
    0
    0
    0
    0
    0
    0
    0
    0
    0
    0
    0
    0
    0
    0
    0
    0
    0
    0
    0
    0
    0
    0
    0
    0
    0
    0
    0
    0
    0
    0
    0
    0
    0
    0
    0
    0
    0
    0
    0
    0
    0
    0
    0
    0
    0
    0
    0
    0
    0
    0
    0
    0
    0
    0
    0
    0
    0
    0
    0
    0
    0
    0
    0
    0
    0
    0
    0
    0
    0
    0
    0
    0
    0
    0
    0
    0
    0
    0
    0
    0
    0
    0
    0
    0
    0
    0
    0
    0
    0
    0
    0
    0
    0
    0
    0
    0
    0
    0
    0
    0
    0
    0
    0
    0
    0
    0
    0
    0
    0
    0
    0
    0
    0
    0
    0
    0
    0
    0
    0
    0
    0
    0
    0
    0
    0
    0
    0
    0
    0
    0
    0
    0
    0
    0
    0
    0
    0
    0
    0
    0
    0
    0
    0
    0
    0
    0
    0
    0
    0
    0
    0
    0
    0
    0
    0
    0
    0
    0
    0
    0
    0
    0
    0
    0
    0
    0
    0
    0
    0
    0
    0
    0
    0
    0
    0
    0
    0
    0
    0
    0
    0
    0
    0
    0
    0
    0
    0
    0
    0
    0
    0
    0
    0
    0
    0
    0
    0
    0
    0
    0
    0
    0
    0
    0
    0
    0
    0
    0
    0
    0
    0
    0
    0
    0
    0
    0
    0
    0
    0
    0
    0
    0
    0
    0
    0
    0
    0
    0
    0
    0
    0
    0
    0
    0
    0
    0
    0
    0
    0
    0
    0
    0
    0
    0
    0
    0
    0
    0
    0
    0
    0
    0
    0
    0
    0
    0
    0
    0
    0
    0
    0
    0
    0
    0
    0
    0
    0
    0
    0
    0
    0
    0
    0
    0
    0
    0
    0
    0
    0
    0
    0
    0
    0
    0
    0
    0
    0
    0
    0
    0
    0
    0
    0
    0
    0
    0
    0
    0
    0
    0
    0
    0
    0
    0
    0
    0
    0
    0
    0
    0
    0
    0
    0
    0
    0
    0
    0
    0
    0
    0
    0
    0
    0
    0
    0
    0
    0
    0
    0
    0
    0
    0
    0
    0
    0
    0
    0
    0
    0
    0
    0
    0
    0
    0
    0
    0
    0
    0
    0
    0
    0
    0
    0
    0
    0
    0
    0
    0
    0
    0
    0
    0
    0
    0
    0
    0
    0
    0
    0
    0
    0
    0
    0
    0
    0
    0
    0
    0
    0
    0
    0
    0
    0
    0
    0
    0
    0
    0
    0
    0
    0
    0
    0
    0
    0
    0
    0
    0
    0
    0
    0
    0
    0
    0
    0
    0
    0
    0
    0
    0
    0
    0
    0
    0
    0
    0
    0
    0
    0
    0
    0
    0
    0
    0
    0
    0
    0
    0
    0
    0
    0
    0
    0
    0
    0
    0
    0
    0
    0
    0
    0
    0
    0
    0
    0
    0
    0
    0
    0
    0
    0
    0
    0
    0
    0
    0
    0
    0
    0
    0
    0
    0
    0
    0
    0
    0
    0
    0
    0
    0
    0
    0
    0
    0
    0
    0
    0
    0
    0
    0
    0
    0
    0
    0
    0
    0
    0
    0
    0
    0
    0
    0
    0
    0
    0
    0
    0
    0
    0
    0
    0
    0
    0
    0
    0
    0
    0
    0
    0
    0
    0
    0
    0
    0
    0
    0
    0
    0
    0
    0
    0
    0
    0
    0
    0
    0
    0
    0
    0
    0
    0
    0
    0
    0
    0
    0
    0
    0
    0
    0
    0
    0
    0
    0
    0
    0
    0
    0
    0
    0
    0
    0
    0
    0
    0
    0
    0
    0
    0
    0
    0
    0
    0
    0
    0
    0
    0
    0
    0
    0
    0
    0
    0
    0
    0
    0
    0
    0
    0
    0
    0
    0
    0
    0
    0
    0
    0
    0
    0
    0
    0
    0
    0
    0
    0
    0
    0
    0
    0
    0
    0
    0
    0
    0
    0
    0
    0
    0
    0
    0
    0
    0
    0
    0
    0
    0
    0
    0
    0
    0
    0
    0
    0
    0
    0
    0
    0
    0
    0
    0
    0
    0
    0
    0
    0
    0
    0
    0
    0
    0
    0
    0
    0
    0
    0
    0
    0
    0
    0
    0
    0
    0
    0
    0
    0
    0
    0
    0
    0
    0
    0
    0
    0
    0
    0
    0
    0
    0
    0
    0
    0
    0
    0
    0
    0
    0
    0
    0
    0
    0
    0
    0
    0
    0
    0
    0
    0
    0
    0
    0
    0
    0
    0
    0
    0
    0
    0
    0
    0
    0
    0
    0
    0
    0
    0
    0
    0
    0
    0
    0
    0
    0
    0
    0
    0
    0
    0
    0
    0
    0
    0
    0
    0
    0
    0
    0
    0
    0
    0
    0
    0
    0
    0
    0
    0
    0
    0
    0
    0
    0
    0
    0
    0
    0
    0
    0
    0
    0
    0
    0
    0
    0
    0
    0
    0
    0
    0
    0
    0
    0
    0
    0
    0
    0
    0
    0
    0
    0
    0
    0
    0
    0
    0
    0
    0
    0
    0
    0
    0
    0
    0
    0
    0
    0
    0
    0
    0
    0
    0
    0
    0
    0
    0
    0
    0
    0
    0
    0
    0
    0
    0
    0
    0
    0
    0
    0
    0
    0
    0
    0
    0
    0
    0
    0
    0
    0
    0
    0
    0
    0
    0
    0
    0
    0
    0
    0
    0
    0
    0
    0
    0
    0
    0
    0
    0
    0
    0
    0
    0
    0
    0
    0
    0
    0
    0
    0
    0
    0
    0
    0
    0
    0
    0
    0
    0
    0
    0
    0
    0
    0
    0
    0
    0
    0
    0
    0
    0
    0
    0
    0
    0
    0
    0
    0
    0
    0
    0
    0
    0
    0
    0
    0
    0
    0
    0
    0
    0
    0
    0
    0
    0
    0
    0
    0
    0
    0
    0
    0
    0
    0
    0
    0
    0
    0
    0
    0
    0
    0
    0
    0
    0
    0
    0
    0
    0
    0
    0
    0
    0
    0
    0
    0
    0
    0
    0
    0
    0
    0
    0
    0
    0
    0
    0
    0
    0
    0
    0
    0
    0
    0
    0
    0
    0
    0
    0
    0
    0
    0
    0
    0
    0
    0
    0
    0
    0
    0
    0
    0
    0
    0
    0
    0
    0
    0
    0
    0
    0
    0
    0
    0
    0
    0
    0
    0
    0
    0
    0
    0
    0
    0
    0
    0
    0
    0
    0
    0
    0
    0
    0
    0
    0
    0
    0
    0
    0
    0
    0
    0
    0
    0
    0
    0
    0
    0
    0
    0
    0
    0
    0
    0
    0
    0
    0
    0
    0
    0
    0
    0
    0
    0
    0
    0
    0
    0
    0
    0
    0
    0
    0
    0
    0
    0
    0
    0
    0
    0
    0
    0
    0
    0
    0
    0
    0
    0
    0
    0
    0
    0
    0
    0
    0
    0
    0
    0
    0
    0
    0
    0
    0
    0
    0
    0
    0
    0
    0
    0
    0
    0
    0
    0
    0
    0
    0
    0
    0
    0
    0
    0
    0
    0
    0
    0
    0
    0
    0
    0
    0
    0
    0
    0
    0
    0
    0
    0
    0
    0
    0
    0
    0
    0
    0
    0
    0
    0
    0
    0
    0
    0
    0
    0
    0
    0
    0
    0
    0
    0
    0
    0
    0
    0
    0
    0
    0
    0
    0
    0
    0
    0
    0
    0
    0
    0
    0
    0
    0
    0
    0
    0
    0
    0
    0
    0
    0
    0
    0
    0
    0
    0
    0
    0
    0
    0
    0
    0
    0
    0
    0
    0
    0
    0
    0
    0
    0
    0
    0
    0
    0
    0
    0
    0
    0
    0
    0
    0
    0
    0
    0
    0
    0
    0
    0
    0
    0
    0
    0
    0
    0
    0
    0
    0
    0
    0
    0
    0
    0
    0
    0
    0
    0
    0
    0
    0
    0
    0
    0
    0
    0
    0
    0
    0
    0
    0
    0
    0
    0
    0
    0
    0
    0
    0
    0
    0
    0
    0
    0
    0
    0
    0
    0
    0
    0
    0
    0
    0
    0
    0
    0
    0
    0
    0
    0
    0
    0
    0
    0
    0
    0
    0
    0
    0
    0
    0
    0
    0
    0
    0
    0
    0
    0
    0
    0
    0
    0
    0
    0
    0
    0
    0
    0
    0
    0
    0
    0
    0
    0
    0
    0
    0
    0
    0
    0
    0
    0
    0
    0
    0
    0
    0
    0
    0
    0
    0
    0
    0
    0
    0
    0
    0
    0
    0
    0
    0
    0
    0
    0
    0
    0
    0
    0
    0
    0
    0
    0
    0
    0
    0
    0
    0
    0
    0
    0
    0
    0
    0
    0
    0
    0
    0
    0
    0
    0
    0
    0
    0
    0
    0
    0
    0
    0
    0
    0
    0
    0
    0
    0
    0
    0
    0
    0
    0
    0
    0
    0
    0
    0
    0
    0
    0
    0
    0
    0
    0
    0
    0
    0
    0
    0
    0
    0
    0
    0
    0
    0
    0
    0
    0
    0
    0
    0
    0
    0
    0
    0
    0
    0
    0
    0
    0
    0
    0
    0
    0
    0
    0
    0
    0
    0
    0
    0
    0
    0
    0
    0
    0
    0
    0
    0
    0
    0
    0
    0
    0
    0
    0
    0
    0
    0
    0
    0
    0
    0
    0
    0
    0
    0
    0
    0
    0
    0
    0
    0
    0
    0
    0
    0
    0
    0
    0
    0
    0
    0
    0
    0
    0
    0
    0
    0
    0
    0
    0
    0
    0
    0
    0
    0
    0
    0
    0
    0
    0
    0
    0
    0
    0
    0
    0
    0
    0
    0
    0
    0
    0
    0
    0
    0
    0
    0
    0
    0
    0
    0
    0
    0
    0
    0
    0
    0
    0
    0
    0
    0
    0
    0
    0
    0
    0
    0
    0
    0
    0
    0
    0
    0
    0
    0
    0
    0
    0
    0
    0
    0
    0
    0
    0
    0
    0
    0
    0
    0
    0
    0
    0
    0
    0
    0
    0
    0
    0
    0
    0
    0
    0
    0
    0
    0
    0
    0
    0
    0
    0
    0
    0
    0
    0
    0
    0
    0
    0
    0
    0
    0
    0
    0
    0
    0
    0
    0
    0
    0
    0
    0
    0
    0
    0
    0
    0
    0
    0
    0
    0
    0
    0
    0
    0
    0
    0
    0
    0
    0
    0
    0
    0
    0
    0
    0
    0
    0
    0
    0
    0
    0
    0
    0
    0
    0
    0
    0
    0
    0
    0
    0
    0
    0
    0
    0
    0
    0
    0
    0
    0
    0
    0
    0
    0
    0
    0
    0
    0
    0
    0
    0
    0
    0
    0
    0
    0
    0
    0
    0
    0
    0
    0
    0
    0
    0
    0
    0
    0
    0
    0
    0
    0
    0
    0
    0
    0
    0
    0
    0
    0
    0
    0
    0
    0
    0
    0
    0
    0
    0
    0
    0
    0
    0
    0
    0
    0
    0
    0
    0
    0
    0
    0
    0
    0
    0
    0
    0
    0
    0
    0
    0
    0
    0
    0
    0
    0
    0
    0
    0
    0
    0
    0
    0
    0
    0
    0
    0
    0
    0
    0
    0
    0
    0
    0
    0
    0
    0
    0
    0
    0
    0
    0
    0
    0
    0
    0
    0
    0
    0
    0
    0
    0
    0
    0
    0
    0
    0
    0
    0
    0
    0
    0
    0
    0
    0
    0
    0
    0
    0
    0
    0
    0
    0
    0
    0
    0
    0
    0
    0
    0
    0
    0
    0
    0
    0
    0
    0
    0
    0
    0
    0
    0
    0
    0
    0
    0
    0
    0
    0
    0
    0
    0
    0
    0
    0
    0
    0
    0
    0
    0
    0
    0
    0
    0
    0
    0
    0
    0
    0
    0
    0
    0
    0
    0
    0
    0
    0
    0
    0
    0
    0
    0
    0
    0
    0
    0
    0
    0
    0
    0
    0
    0
    0
    0
    0
    0
    0
    0
    0
    0
    0
    0
    0
    0
    0
    0
    0
    0
    0
    0
    0
    0
    0
    0
    0
    0
    0
    0
    0
    0
    0
    0
    0
    0
    0
    0
    0
    0
    0
    0
    0
    0
    0
    0
    0
    0
    0
    0
    0
    0
    0
    0
    0
    0
    0
    0
    0
    0
    0
    0
    0
    0
    0
    0
    0
    0
    0
    0
    0
    0
    0
    0
    0
    0
    0
    0
    0
    0
    0
    0
    0
    0
    0
    0
    0
    0
    0
    0
    0
    0
    0
    0
    0
    0
    0
    0
    0
    0
    0
    0
    0
    0
    0
    0
    0
    0
    0
    0
    0
    0
    0
    0
    0
    0
    0
    0
    0
    0
    0
    0
    0
    0
    0
    0
    0
    0
    0
    0
    0
    0
    0
    0
    0
    0
    0
    0
    0
    0
    0
    0
    0
    0
    0
    0
    0
    0
    0
    0
    0
    0
    0
    0
    0
    0
    0
    0
    0
    0
    0
    0
    0
    0
    0
    0
    0
    0
    0
    0
    0
    0
    0
    0
    0
    0
    0
    0
    0
    0
    0
    0
    0
    0
    0
    0
    0
    0
    0
    0
    0
    0
    0
    0
    0
    0
    0
    0
    0
    0
    0
    0
    0
    0
    0
    0
    0
    0
    0
    0
    0
    0
    0
    0
    0
    0
    0
    0
    0
    0
    0
    0
    0
    0
    0
    0
    0
    0
    0
    0
    0
    0
    0
    0
    0
    0
    0
    0
    0
    0
    0
    0
    0
    0
    0
    0
    0
    0
    0
    0
    0
    0
    0
    0
    0
    0
    0
    0
    0
    0
    0
    0
    0
    0
    0
    0
    0
    0
    0
    0
    0
    0
    0
    0
    0
    0
    0
    0
    0
    0
    0
    0
    0
    0
    0
    0
    0
    0
    0
    0
    0
    0
    0
    0
    0
    0
    0
    0
    0
    0
    0
    0
    0
    0
    0
    0
    0
    0
    0
    0
    0
    0
    0
    0
    0
    0
    0
    0
    0
    0
    0
    0
    0
    0
    0
    0
    0
    0
    0
    0
    0
    0
    0
    0
    0
    0
    0
    0
    0
    0
    0
    0
    0
    0
    0
    0
    0
    0
    0
    0
    0
    0
    0
    0
    0
    0
