Project Info:
    ACQ Time: 2019- 9-24   9:33: 0: 875 .
    Project: tq左侧足三里（加深涂红药水）
    Name: 
    Part:  
    Operator:  
    Desc.:  
    Sample Data Acquired.

ACQ Parameters:
    Excited Peroid(ms): 50
    Excited Time(ms): 10
    Acq Delay Time(us): 10
    Gate Time(ms): 20
    Count Num per gate: 100
    Repeat Times: 50
    Acq Gate Times: 1
    Interval per Gate(us): 100
    Channel Number: 2

Data:
    338
    324
    286
    256
    234
    220
    193
    175
    182
    169
    137
    157
    114
    129
    121
    111
    93
    99
    103
    95
    82
    83
    79
    79
    61
    89
    65
    48
    65
    66
    49
    34
    48
    41
    42
    59
    46
    39
    45
    38
    40
    34
    27
    34
    38
    26
    28
    16
    28
    24
    24
    30
    13
    16
    21
    21
    17
    15
    21
    12
    12
    16
    17
    18
    20
    11
    8
    15
    17
    14
    12
    7
    10
    12
    11
    9
    5
    5
    9
    12
    10
    12
    7
    7
    17
    3
    7
    6
    4
    2
    9
    7
    3
    5
    11
    11
    4
    6
    6
    4
    312
    312
    269
    235
    232
    210
    194
    169
    178
    157
    127
    150
    133
    146
    106
    116
    114
    101
    101
    95
    85
    93
    83
    84
    68
    68
    70
    63
    65
    56
    63
    58
    39
    47
    47
    48
    42
    41
    38
    37
    35
    35
    27
    31
    30
    35
    25
    29
    19
    22
    25
    23
    23
    21
    19
    21
    24
    19
    22
    24
    24
    16
    21
    21
    15
    17
    16
    14
    17
    9
    9
    7
    10
    10
    10
    7
    12
    12
    9
    13
    9
    11
    7
    14
    9
    5
    13
    1
    10
    6
    8
    1
    8
    4
    4
    6
    6
    5
    8
    9
    310
    307
    270
    245
    227
    206
    197
    175
    160
    156
    149
    144
    142
    122
    140
    108
    109
    109
    96
    97
    76
    83
    71
    66
    62
    75
    65
    61
    65
    50
    42
    49
    44
    40
    42
    40
    37
    39
    36
    26
    28
    49
    35
    32
    41
    29
    36
    31
    33
    23
    21
    28
    23
    20
    20
    19
    21
    20
    19
    17
    18
    14
    20
    13
    17
    16
    13
    15
    23
    13
    9
    13
    13
    13
    6
    12
    7
    11
    6
    11
    11
    6
    6
    10
    8
    9
    10
    8
    5
    10
    5
    15
    5
    5
    7
    7
    5
    6
    4
    6
    356
    287
    301
    252
    206
    216
    216
    172
    184
    177
    155
    163
    150
    137
    103
    110
    99
    109
    101
    107
    110
    85
    103
    72
    60
    75
    65
    73
    66
    67
    48
    55
    44
    43
    60
    43
    45
    38
    32
    47
    27
    30
    28
    32
    29
    35
    22
    24
    23
    28
    21
    27
    28
    28
    12
    22
    20
    16
    13
    19
    15
    17
    20
    22
    10
    10
    18
    15
    18
    17
    19
    9
    3
    5
    15
    15
    13
    15
    13
    12
    6
    13
    13
    5
    10
    10
    6
    7
    11
    5
    4
    8
    4
    9
    13
    3
    5
    7
    7
    4
    343
    322
    287
    274
    252
    219
    190
    185
    173
    143
    147
    122
    123
    119
    105
    122
    115
    98
    123
    94
    76
    73
    92
    76
    85
    59
    68
    62
    57
    52
    57
    53
    53
    68
    56
    34
    37
    56
    42
    36
    40
    26
    30
    30
    35
    40
    29
    22
    29
    21
    37
    19
    21
    20
    21
    24
    20
    19
    27
    21
    28
    13
    21
    16
    17
    12
    18
    16
    17
    17
    13
    12
    10
    15
    13
    16
    10
    11
    3
    7
    11
    7
    5
    11
    7
    5
    10
    7
    12
    6
    6
    6
    5
    9
    8
    6
    3
    8
    6
    7
    323
    299
    283
    243
    243
    219
    193
    188
    191
    168
    157
    122
    152
    119
    95
    119
    100
    96
    93
    92
    80
    86
    74
    80
    63
    68
    68
    57
    57
    48
    57
    37
    53
    57
    46
    42
    44
    38
    40
    57
    35
    32
    28
    31
    32
    36
    30
    19
    21
    27
    20
    25
    23
    21
    35
    29
    16
    27
    12
    22
    22
    14
    12
    13
    18
    15
    15
    16
    9
    15
    6
    15
    11
    9
    13
    11
    6
    10
    8
    8
    3
    7
    12
    12
    8
    9
    6
    9
    6
    8
    7
    9
    3
    6
    7
    6
    4
    3
    10
    9
    318
    294
    253
    248
    217
    215
    188
    167
    163
    148
    160
    152
    129
    129
    108
    103
    123
    100
    100
    101
    85
    69
    89
    70
    60
    54
    54
    76
    64
    50
    52
    50
    49
    43
    47
    45
    38
    35
    43
    41
    39
    36
    30
    41
    27
    27
    26
    27
    26
    31
    26
    12
    24
    26
    11
    21
    14
    18
    20
    13
    15
    18
    18
    17
    18
    20
    15
    10
    21
    5
    13
    7
    7
    19
    16
    8
    8
    10
    13
    13
    19
    10
    12
    7
    6
    7
    7
    8
    6
    6
    7
    8
    11
    7
    1
    2
    6
    4
    8
    5
    335
    292
    282
    255
    238
    185
    216
    202
    178
    167
    120
    145
    120
    119
    132
    115
    92
    96
    88
    104
    86
    73
    98
    65
    71
    61
    73
    60
    72
    60
    42
    44
    46
    38
    38
    40
    33
    46
    36
    38
    40
    46
    41
    35
    45
    24
    41
    21
    27
    20
    16
    17
    30
    23
    18
    22
    16
    17
    21
    18
    17
    10
    15
    14
    22
    17
    22
    13
    11
    12
    14
    19
    12
    26
    14
    9
    11
    7
    13
    12
    9
    13
    10
    10
    10
    8
    11
    7
    2
    7
    14
    11
    10
    8
    6
    3
    5
    4
    5
    11
    355
    295
    272
    233
    246
    203
    197
    170
    164
    160
    148
    130
    132
    112
    129
    102
    88
    97
    106
    100
    80
    88
    69
    83
    74
    65
    69
    61
    62
    58
    66
    55
    60
    44
    42
    51
    41
    44
    27
    42
    48
    32
    38
    28
    39
    32
    36
    28
    29
    28
    38
    28
    26
    18
    21
    22
    21
    16
    17
    22
    13
    19
    22
    13
    20
    9
    12
    14
    9
    5
    9
    10
    13
    12
    10
    18
    8
    12
    11
    13
    9
    11
    2
    7
    6
    6
    4
    8
    7
    8
    9
    8
    7
    11
    3
    6
    9
    7
    4
    10
    333
    301
    284
    227
    243
    194
    209
    192
    155
    163
    146
    139
    137
    128
    116
    126
    104
    105
    113
    91
    87
    86
    108
    65
    68
    76
    72
    66
    53
    64
    51
    56
    60
    52
    43
    35
    47
    49
    45
    32
    32
    40
    39
    36
    42
    21
    34
    17
    27
    24
    20
    26
    17
    22
    23
    19
    12
    21
    25
    27
    23
    16
    19
    12
    21
    9
    16
    15
    5
    19
    21
    12
    18
    15
    9
    15
    12
    15
    10
    14
    10
    9
    6
    8
    8
    8
    9
    8
    10
    9
    7
    9
    4
    5
    5
    7
    3
    2
    10
    5
    313
    306
    270
    242
    239
    217
    212
    179
    161
    161
    149
    160
    128
    123
    136
    118
    99
    116
    108
    89
    86
    94
    85
    89
    71
    62
    55
    75
    55
    66
    49
    53
    63
    44
    50
    50
    42
    49
    43
    43
    35
    35
    25
    36
    36
    34
    30
    24
    23
    27
    24
    23
    26
    23
    18
    23
    15
    23
    18
    23
    22
    15
    19
    16
    19
    14
    20
    19
    12
    13
    12
    18
    8
    13
    10
    8
    12
    8
    10
    11
    7
    9
    10
    6
    11
    11
    10
    9
    8
    10
    6
    9
    9
    15
    7
    7
    10
    7
    5
    7
    353
    309
    289
    255
    233
    199
    202
    181
    166
    152
    147
    136
    127
    143
    109
    108
    98
    109
    85
    100
    95
    86
    85
    88
    76
    79
    68
    77
    66
    67
    58
    51
    52
    50
    39
    57
    43
    33
    47
    39
    31
    28
    44
    46
    27
    32
    38
    24
    33
    23
    28
    23
    21
    18
    24
    29
    21
    18
    11
    20
    23
    10
    19
    10
    20
    15
    18
    12
    15
    13
    19
    16
    14
    9
    9
    13
    8
    13
    5
    8
    4
    11
    14
    13
    5
    9
    10
    9
    6
    9
    10
    4
    5
    4
    7
    8
    4
    4
    4
    5
    332
    319
    283
    274
    233
    192
    204
    194
    153
    158
    158
    149
    113
    120
    132
    124
    104
    111
    90
    89
    102
    90
    77
    80
    91
    74
    59
    62
    56
    54
    56
    49
    42
    47
    50
    43
    46
    46
    45
    45
    30
    42
    29
    29
    37
    31
    30
    32
    38
    19
    28
    23
    21
    21
    28
    28
    21
    21
    30
    13
    11
    20
    9
    19
    14
    11
    8
    14
    15
    14
    25
    17
    22
    12
    15
    12
    13
    12
    11
    9
    7
    11
    9
    7
    7
    7
    11
    7
    11
    7
    12
    12
    7
    6
    2
    13
    4
    5
    12
    7
    348
    328
    260
    261
    214
    213
    190
    209
    170
    127
    134
    163
    132
    112
    132
    113
    117
    123
    94
    92
    89
    75
    89
    69
    84
    84
    48
    60
    52
    66
    42
    66
    53
    42
    45
    42
    46
    43
    38
    28
    36
    36
    39
    28
    26
    30
    32
    31
    28
    33
    21
    29
    20
    18
    26
    19
    19
    22
    28
    19
    11
    19
    13
    10
    15
    12
    17
    14
    9
    15
    13
    14
    11
    14
    5
    8
    10
    8
    15
    13
    9
    9
    12
    11
    9
    9
    13
    8
    7
    12
    8
    5
    9
    6
    5
    2
    9
    7
    4
    8
    342
    287
    264
    254
    230
    212
    213
    200
    175
    179
    163
    124
    119
    121
    120
    102
    102
    104
    92
    109
    89
    101
    73
    76
    68
    59
    53
    67
    74
    56
    56
    48
    54
    57
    55
    31
    45
    36
    44
    32
    43
    39
    33
    25
    43
    28
    33
    29
    23
    35
    27
    26
    25
    32
    19
    23
    18
    17
    20
    27
    15
    18
    16
    16
    11
    15
    18
    15
    6
    7
    10
    6
    17
    14
    12
    13
    15
    9
    9
    10
    8
    10
    12
    8
    10
    7
    11
    7
    5
    7
    8
    5
    6
    10
    9
    5
    7
    9
    5
    2
    323
    307
    291
    239
    247
    213
    205
    185
    178
    172
    156
    132
    122
    126
    117
    101
    114
    100
    95
    84
    81
    77
    76
    73
    68
    93
    67
    56
    63
    49
    64
    60
    59
    47
    49
    47
    46
    39
    38
    38
    40
    28
    31
    41
    23
    35
    25
    35
    28
    18
    27
    26
    30
    21
    20
    22
    19
    27
    13
    18
    13
    22
    14
    19
    17
    14
    18
    16
    21
    21
    14
    12
    5
    12
    15
    13
    9
    11
    8
    12
    10
    0
    4
    10
    9
    10
    8
    9
    9
    9
    13
    4
    9
    14
    13
    5
    10
    5
    13
    4
    320
    306
    293
    262
    236
    156
    187
    190
    189
    159
    152
    149
    127
    132
    103
    119
    126
    116
    102
    92
    90
    78
    61
    76
    65
    53
    57
    63
    52
    58
    53
    47
    48
    52
    53
    45
    43
    52
    37
    35
    32
    29
    32
    34
    39
    42
    24
    37
    20
    34
    34
    27
    22
    25
    18
    20
    18
    19
    15
    28
    15
    17
    13
    14
    18
    13
    16
    9
    10
    19
    18
    13
    12
    15
    9
    7
    10
    12
    8
    9
    7
    9
    6
    13
    10
    11
    8
    13
    11
    10
    10
    14
    4
    8
    8
    12
    6
    3
    9
    5
    334
    309
    284
    267
    214
    209
    204
    178
    174
    152
    139
    149
    143
    109
    129
    112
    110
    111
    102
    94
    106
    81
    81
    71
    80
    58
    66
    62
    52
    65
    53
    42
    44
    55
    50
    52
    43
    37
    44
    43
    36
    36
    38
    29
    30
    34
    34
    29
    32
    18
    23
    21
    38
    29
    30
    25
    10
    26
    28
    18
    17
    19
    17
    22
    20
    24
    20
    16
    16
    16
    12
    18
    11
    14
    17
    9
    7
    11
    9
    5
    12
    7
    11
    6
    11
    7
    4
    5
    11
    2
    5
    6
    13
    8
    6
    5
    6
    3
    6
    4
    354
    316
    288
    268
    254
    224
    219
    204
    178
    162
    163
    122
    136
    105
    133
    106
    110
    109
    103
    83
    95
    68
    78
    70
    77
    67
    76
    68
    67
    64
    49
    51
    51
    44
    55
    62
    38
    45
    37
    31
    33
    28
    38
    34
    33
    24
    28
    24
    25
    20
    22
    19
    21
    24
    22
    24
    22
    14
    28
    36
    22
    14
    16
    21
    17
    7
    16
    7
    19
    20
    21
    17
    4
    11
    12
    13
    12
    14
    9
    9
    17
    14
    8
    13
    15
    7
    8
    5
    5
    6
    10
    3
    6
    8
    6
    6
    6
    8
    7
    10
    336
    315
    285
    243
    228
    192
    184
    175
    183
    157
    163
    154
    126
    123
    125
    111
    131
    83
    107
    102
    94
    98
    87
    70
    73
    60
    79
    54
    65
    55
    59
    59
    48
    46
    55
    46
    52
    47
    58
    28
    45
    50
    25
    44
    29
    26
    25
    34
    30
    27
    26
    29
    13
    19
    16
    26
    15
    21
    23
    20
    16
    15
    19
    19
    18
    16
    9
    12
    12
    17
    16
    6
    20
    16
    11
    10
    11
    7
    14
    6
    8
    12
    10
    8
    6
    9
    4
    19
    14
    10
    12
    4
    7
    7
    6
    12
    5
    2
    7
    8
    317
    283
    280
    267
    238
    206
    213
    170
    189
    154
    126
    149
    141
    135
    134
    125
    120
    117
    95
    100
    98
    76
    85
    75
    72
    63
    75
    62
    48
    52
    65
    60
    59
    55
    52
    51
    53
    41
    32
    28
    48
    36
    27
    29
    29
    34
    28
    30
    39
    24
    28
    22
    25
    22
    30
    25
    32
    16
    17
    20
    17
    16
    16
    14
    24
    11
    16
    10
    12
    8
    14
    13
    8
    13
    12
    9
    16
    13
    7
    10
    13
    9
    10
    17
    10
    10
    13
    5
    3
    6
    6
    10
    12
    7
    10
    7
    7
    3
    5
    9
    348
    305
    269
    275
    249
    203
    188
    181
    165
    161
    160
    160
    140
    114
    133
    100
    104
    119
    98
    101
    90
    87
    65
    79
    86
    77
    74
    63
    56
    75
    48
    48
    45
    46
    49
    55
    48
    44
    42
    45
    32
    40
    48
    34
    28
    25
    31
    38
    30
    19
    24
    26
    24
    28
    9
    21
    20
    18
    28
    18
    20
    11
    17
    16
    24
    17
    18
    15
    14
    17
    12
    7
    14
    13
    8
    16
    11
    5
    7
    11
    12
    9
    15
    9
    6
    9
    9
    7
    7
    10
    5
    4
    6
    9
    8
    11
    6
    6
    3
    9
    334
    326
    286
    229
    237
    236
    198
    184
    173
    184
    156
    126
    128
    125
    126
    125
    111
    98
    85
    115
    78
    82
    95
    95
    82
    78
    76
    69
    62
    61
    62
    59
    39
    57
    56
    47
    48
    43
    46
    47
    35
    36
    30
    30
    31
    34
    34
    28
    31
    23
    31
    14
    21
    21
    25
    18
    24
    21
    19
    22
    21
    23
    21
    18
    15
    20
    18
    13
    9
    6
    15
    12
    17
    10
    10
    10
    11
    8
    17
    8
    15
    12
    13
    6
    10
    5
    11
    9
    13
    12
    7
    7
    5
    9
    9
    6
    7
    8
    9
    4
    395
    304
    288
    228
    218
    201
    195
    183
    179
    152
    166
    149
    142
    126
    140
    135
    113
    110
    86
    100
    114
    86
    82
    74
    78
    63
    68
    64
    69
    60
    51
    52
    53
    62
    49
    60
    43
    48
    35
    42
    34
    28
    32
    33
    32
    34
    48
    21
    29
    18
    25
    19
    27
    20
    30
    18
    17
    24
    16
    22
    18
    25
    17
    20
    15
    24
    21
    18
    20
    17
    10
    13
    21
    13
    10
    6
    10
    9
    20
    18
    11
    13
    15
    8
    4
    11
    5
    8
    10
    8
    8
    4
    11
    6
    6
    5
    7
    12
    1
    6
    339
    332
    299
    267
    226
    226
    200
    174
    158
    155
    158
    141
    121
    123
    122
    129
    115
    95
    104
    99
    92
    81
    106
    81
    59
    69
    64
    54
    68
    68
    63
    52
    50
    54
    50
    40
    60
    26
    46
    41
    31
    39
    44
    35
    37
    32
    31
    34
    45
    15
    26
    22
    18
    21
    22
    22
    24
    22
    16
    22
    13
    12
    17
    15
    14
    15
    18
    15
    15
    17
    10
    10
    19
    14
    12
    6
    12
    16
    14
    8
    13
    14
    10
    16
    9
    6
    9
    15
    6
    6
    7
    9
    6
    6
    7
    7
    7
    4
    11
    4
    343
    271
    258
    255
    206
    204
    204
    186
    191
    155
    150
    130
    150
    126
    136
    97
    120
    101
    98
    76
    82
    84
    76
    89
    63
    58
    59
    75
    62
    62
    52
    51
    49
    49
    36
    45
    34
    36
    30
    43
    41
    45
    27
    37
    40
    31
    17
    35
    25
    27
    25
    39
    24
    27
    25
    30
    27
    17
    20
    16
    26
    19
    32
    17
    20
    17
    17
    15
    17
    21
    13
    13
    17
    10
    9
    10
    10
    13
    9
    9
    11
    9
    7
    6
    8
    6
    6
    8
    10
    14
    5
    8
    12
    11
    6
    11
    6
    7
    7
    3
    325
    295
    272
    255
    236
    173
    191
    202
    170
    156
    137
    132
    125
    141
    114
    103
    97
    96
    97
    91
    105
    76
    75
    73
    75
    77
    80
    55
    67
    66
    51
    44
    41
    53
    46
    36
    53
    42
    39
    39
    38
    32
    30
    37
    22
    41
    34
    40
    27
    24
    17
    19
    17
    29
    23
    26
    21
    23
    19
    20
    11
    20
    12
    17
    17
    14
    17
    16
    19
    9
    8
    19
    9
    14
    13
    6
    18
    8
    3
    8
    10
    8
    17
    10
    14
    7
    7
    11
    9
    5
    10
    6
    9
    6
    5
    7
    7
    8
    9
    6
    343
    316
    293
    253
    232
    229
    203
    187
    148
    168
    144
    159
    124
    144
    130
    118
    106
    93
    87
    80
    76
    78
    78
    77
    73
    73
    86
    61
    72
    66
    58
    63
    50
    46
    52
    46
    31
    49
    31
    34
    40
    32
    40
    38
    29
    29
    33
    28
    22
    27
    22
    18
    33
    15
    24
    23
    20
    19
    9
    20
    16
    20
    21
    22
    19
    21
    15
    10
    19
    16
    14
    10
    8
    13
    11
    10
    19
    10
    15
    13
    8
    12
    15
    15
    15
    10
    8
    6
    5
    7
    8
    7
    7
    11
    4
    8
    2
    4
    4
    4
    354
    300
    278
    242
    222
    204
    186
    189
    148
    163
    159
    134
    124
    132
    124
    129
    110
    106
    88
    75
    87
    76
    90
    81
    76
    66
    66
    67
    60
    63
    58
    52
    68
    52
    51
    51
    52
    34
    50
    35
    40
    45
    42
    34
    36
    32
    37
    23
    21
    24
    29
    20
    25
    22
    25
    27
    18
    17
    23
    12
    18
    19
    16
    12
    12
    13
    18
    15
    7
    18
    16
    21
    14
    11
    15
    13
    14
    14
    10
    7
    16
    4
    14
    7
    6
    7
    13
    6
    7
    5
    10
    9
    8
    13
    8
    6
    7
    4
    6
    9
    355
    318
    235
    281
    231
    238
    188
    198
    182
    167
    154
    137
    157
    140
    122
    112
    102
    108
    89
    92
    75
    86
    83
    84
    57
    60
    57
    65
    51
    54
    59
    61
    57
    48
    60
    41
    51
    52
    40
    39
    32
    30
    40
    38
    25
    37
    33
    31
    32
    24
    20
    30
    19
    25
    18
    16
    14
    14
    23
    16
    20
    14
    18
    16
    12
    13
    21
    9
    17
    13
    17
    16
    17
    12
    13
    13
    9
    7
    6
    10
    14
    7
    16
    10
    8
    7
    8
    11
    9
    4
    5
    6
    7
    9
    11
    6
    7
    6
    8
    6
    321
    319
    280
    232
    241
    210
    169
    176
    157
    151
    163
    123
    135
    138
    137
    121
    120
    87
    100
    84
    83
    87
    64
    87
    70
    70
    59
    75
    71
    66
    51
    54
    53
    41
    45
    45
    41
    36
    49
    32
    32
    45
    28
    35
    39
    27
    37
    29
    29
    35
    24
    24
    30
    20
    28
    14
    21
    14
    18
    27
    19
    31
    19
    19
    22
    8
    17
    11
    14
    14
    18
    14
    17
    12
    12
    9
    7
    14
    7
    7
    7
    8
    8
    5
    12
    11
    9
    6
    11
    9
    7
    7
    7
    5
    8
    8
    7
    9
    8
    4
    332
    305
    278
    258
    263
    209
    228
    167
    178
    160
    159
    152
    134
    150
    114
    118
    113
    109
    101
    83
    68
    83
    81
    80
    84
    70
    70
    66
    45
    66
    50
    50
    58
    42
    46
    47
    49
    45
    33
    38
    44
    46
    26
    35
    34
    27
    23
    36
    25
    23
    26
    31
    20
    26
    19
    19
    29
    21
    24
    20
    23
    16
    19
    21
    13
    13
    11
    10
    9
    19
    10
    13
    17
    10
    15
    11
    13
    13
    9
    11
    7
    6
    8
    14
    11
    9
    14
    5
    7
    8
    14
    8
    7
    7
    5
    6
    4
    2
    10
    5
    332
    286
    281
    238
    237
    226
    192
    172
    183
    146
    149
    136
    110
    114
    116
    121
    111
    122
    100
    102
    72
    95
    74
    88
    71
    68
    70
    72
    58
    61
    63
    55
    47
    59
    49
    51
    44
    40
    50
    40
    46
    38
    36
    29
    24
    31
    30
    27
    32
    21
    30
    23
    30
    24
    21
    25
    23
    24
    16
    16
    18
    21
    15
    21
    16
    24
    14
    16
    11
    18
    12
    11
    12
    12
    8
    11
    15
    12
    15
    13
    12
    15
    7
    7
    13
    5
    18
    6
    10
    7
    9
    6
    6
    6
    5
    1
    4
    7
    4
    5
    368
    333
    304
    225
    237
    203
    162
    178
    187
    180
    157
    131
    157
    131
    120
    131
    106
    103
    121
    111
    89
    90
    90
    89
    85
    74
    56
    62
    66
    68
    60
    63
    54
    35
    60
    39
    34
    39
    44
    37
    35
    31
    27
    28
    25
    36
    31
    23
    28
    29
    26
    29
    22
    30
    19
    21
    33
    24
    22
    27
    21
    25
    15
    17
    19
    20
    11
    11
    13
    17
    8
    16
    21
    15
    10
    12
    10
    8
    13
    9
    17
    6
    7
    9
    9
    7
    5
    8
    10
    10
    6
    7
    5
    8
    8
    3
    6
    10
    3
    9
    342
    320
    270
    235
    240
    202
    174
    188
    149
    152
    150
    146
    140
    151
    126
    123
    102
    111
    90
    80
    80
    85
    82
    77
    76
    69
    65
    65
    60
    56
    60
    53
    46
    55
    45
    46
    46
    42
    46
    49
    34
    30
    41
    29
    37
    22
    27
    36
    26
    26
    35
    19
    22
    24
    25
    18
    22
    27
    16
    20
    15
    22
    13
    18
    13
    23
    14
    14
    13
    11
    10
    12
    11
    10
    12
    14
    10
    17
    12
    12
    13
    10
    9
    9
    5
    15
    7
    7
    5
    8
    10
    9
    9
    6
    5
    10
    6
    11
    5
    5
    317
    314
    276
    246
    240
    198
    196
    200
    160
    141
    185
    141
    148
    130
    120
    100
    96
    84
    107
    94
    77
    98
    65
    94
    82
    74
    80
    76
    54
    52
    52
    49
    64
    50
    62
    48
    38
    36
    34
    35
    36
    35
    33
    38
    41
    28
    22
    33
    22
    25
    34
    19
    32
    20
    22
    21
    20
    16
    25
    23
    22
    13
    23
    15
    15
    13
    12
    11
    20
    6
    16
    16
    13
    13
    8
    9
    13
    10
    9
    13
    13
    11
    8
    10
    6
    7
    5
    5
    9
    9
    8
    7
    8
    8
    5
    8
    5
    9
    8
    10
    350
    300
    272
    240
    269
    216
    194
    163
    167
    156
    142
    141
    149
    134
    124
    124
    121
    111
    106
    98
    84
    78
    99
    67
    76
    83
    64
    56
    60
    69
    63
    62
    54
    42
    49
    42
    33
    47
    42
    25
    26
    36
    35
    38
    42
    38
    30
    44
    35
    17
    19
    28
    26
    30
    22
    17
    25
    19
    20
    15
    17
    21
    15
    30
    16
    7
    11
    16
    15
    9
    12
    10
    10
    16
    10
    16
    13
    13
    10
    14
    12
    9
    11
    13
    10
    10
    7
    5
    6
    9
    7
    11
    8
    9
    6
    8
    10
    7
    6
    7
    342
    340
    268
    249
    254
    203
    217
    160
    187
    185
    157
    142
    139
    115
    129
    103
    122
    115
    109
    94
    90
    96
    91
    81
    73
    68
    71
    69
    73
    58
    62
    56
    53
    49
    48
    45
    45
    45
    39
    38
    40
    33
    32
    30
    22
    39
    46
    37
    24
    27
    16
    25
    26
    25
    27
    26
    19
    17
    24
    21
    15
    21
    17
    19
    18
    17
    12
    10
    13
    14
    16
    9
    13
    9
    12
    17
    10
    14
    12
    15
    11
    14
    12
    10
    8
    12
    13
    8
    7
    9
    16
    9
    7
    7
    7
    13
    11
    4
    5
    6
    360
    308
    275
    252
    244
    205
    190
    170
    189
    174
    165
    139
    149
    128
    116
    124
    130
    120
    94
    106
    82
    84
    76
    70
    76
    64
    64
    73
    68
    56
    49
    58
    53
    63
    46
    46
    54
    39
    53
    46
    35
    37
    36
    28
    30
    31
    31
    39
    30
    26
    22
    31
    28
    20
    30
    16
    27
    18
    21
    20
    17
    18
    22
    7
    21
    15
    21
    17
    18
    12
    16
    21
    14
    12
    15
    13
    8
    13
    14
    8
    9
    15
    9
    8
    12
    9
    10
    10
    8
    8
    7
    7
    9
    13
    11
    6
    5
    8
    10
    9
    338
    310
    298
    253
    248
    215
    177
    180
    200
    154
    155
    117
    125
    146
    154
    105
    101
    124
    102
    89
    96
    88
    88
    79
    78
    83
    57
    66
    43
    55
    46
    61
    58
    43
    42
    44
    40
    45
    33
    48
    41
    40
    41
    43
    30
    34
    20
    25
    26
    27
    27
    28
    26
    28
    26
    20
    21
    18
    24
    19
    21
    27
    21
    18
    12
    16
    18
    15
    20
    16
    6
    17
    12
    13
    14
    17
    11
    12
    15
    7
    10
    12
    10
    9
    8
    7
    12
    5
    7
    7
    11
    7
    8
    10
    6
    7
    5
    4
    7
    2
    348
    316
    278
    261
    241
    203
    205
    178
    181
    144
    166
    133
    127
    132
    111
    117
    107
    88
    102
    95
    109
    88
    101
    83
    75
    74
    84
    64
    73
    55
    51
    51
    51
    49
    54
    48
    52
    42
    44
    30
    41
    34
    32
    33
    40
    34
    23
    28
    27
    16
    19
    25
    20
    30
    35
    26
    16
    21
    18
    19
    19
    20
    12
    11
    20
    22
    20
    20
    13
    13
    24
    15
    13
    10
    13
    7
    17
    11
    17
    6
    11
    11
    10
    7
    10
    8
    8
    10
    5
    7
    1
    10
    7
    3
    3
    6
    6
    4
    5
    4
    323
    314
    269
    247
    211
    199
    180
    199
    167
    175
    128
    145
    115
    130
    124
    109
    110
    112
    105
    70
    76
    81
    81
    86
    59
    71
    76
    58
    47
    60
    61
    54
    33
    34
    45
    53
    45
    46
    46
    38
    36
    36
    31
    30
    34
    26
    31
    30
    21
    23
    26
    27
    18
    20
    24
    27
    23
    13
    25
    18
    14
    16
    27
    13
    10
    12
    12
    14
    9
    12
    19
    13
    14
    16
    9
    11
    11
    8
    14
    8
    12
    13
    12
    9
    7
    18
    14
    7
    11
    9
    6
    4
    10
    15
    4
    11
    9
    4
    10
    7
    340
    284
    272
    273
    238
    219
    200
    169
    165
    166
    151
    125
    138
    128
    98
    102
    109
    111
    111
    103
    95
    89
    99
    81
    64
    52
    69
    64
    62
    68
    73
    57
    55
    38
    51
    51
    41
    47
    40
    41
    38
    37
    37
    39
    36
    28
    43
    28
    25
    35
    37
    28
    24
    19
    34
    23
    28
    19
    24
    27
    18
    16
    19
    15
    16
    12
    13
    14
    11
    13
    16
    11
    15
    17
    10
    11
    15
    16
    12
    8
    6
    7
    12
    15
    6
    9
    11
    8
    12
    4
    12
    15
    6
    9
    3
    3
    9
    9
    5
    6
    320
    330
    276
    228
    227
    224
    185
    156
    176
    166
    136
    140
    123
    118
    141
    110
    105
    98
    102
    105
    101
    105
    88
    56
    75
    69
    76
    59
    67
    63
    56
    49
    47
    51
    52
    54
    42
    45
    38
    38
    39
    33
    33
    37
    31
    34
    37
    33
    23
    24
    14
    23
    21
    16
    21
    26
    25
    28
    19
    17
    16
    22
    20
    21
    16
    20
    19
    18
    15
    12
    11
    10
    16
    8
    10
    14
    15
    9
    11
    12
    7
    8
    13
    13
    11
    11
    4
    12
    4
    6
    10
    5
    13
    9
    3
    5
    6
    12
    4
    8
    350
    320
    273
    261
    228
    215
    197
    159
    173
    157
    131
    138
    142
    143
    145
    120
    101
    96
    104
    82
    102
    87
    73
    83
    71
    88
    57
    57
    75
    59
    46
    44
    53
    53
    38
    51
    41
    49
    48
    47
    37
    28
    26
    37
    24
    41
    33
    23
    30
    28
    27
    22
    26
    24
    22
    29
    27
    24
    17
    26
    15
    18
    12
    24
    19
    14
    14
    14
    14
    11
    17
    18
    10
    9
    11
    9
    9
    8
    8
    5
    10
    5
    9
    12
    8
    6
    6
    10
    8
    5
    3
    10
    12
    9
    6
    7
    5
    11
    4
    4
    316
    270
    271
    253
    213
    197
    168
    180
    197
    162
    137
    150
    119
    115
    133
    111
    90
    102
    100
    87
    90
    91
    82
    79
    55
    57
    49
    54
    60
    51
    59
    50
    50
    56
    49
    50
    44
    48
    34
    46
    41
    44
    40
    28
    41
    33
    29
    28
    28
    34
    31
    23
    27
    26
    26
    26
    17
    24
    25
    18
    16
    18
    18
    24
    29
    17
    12
    7
    10
    18
    11
    10
    18
    16
    7
    12
    15
    11
    11
    12
    9
    10
    12
    4
    7
    10
    5
    15
    7
    6
    9
    8
    7
    3
    6
    5
    13
    5
    6
    8
    339
    296
    271
    233
    220
    190
    198
    190
    181
    141
    146
    119
    133
    123
    125
    109
    112
    126
    98
    90
    102
    82
    82
    87
    73
    71
    68
    60
    60
    62
    67
    50
    56
    53
    53
    47
    37
    39
    45
    33
    39
    33
    34
    40
    35
    27
    30
    25
    35
    24
    42
    29
    28
    16
    28
    16
    21
    17
    21
    29
    13
    22
    20
    22
    13
    17
    10
    15
    13
    12
    12
    18
    22
    15
    12
    9
    12
    10
    8
    6
    8
    7
    11
    8
    13
    10
    13
    5
    10
    11
    8
    6
    5
    5
    8
    4
    15
    9
    7
    4
    317
    318
    280
    237
    227
    202
    180
    160
    160
    153
    171
    161
    143
    111
    120
    106
    115
    100
    95
    89
    99
    75
    84
    87
    86
    75
    72
    57
    69
    68
    74
    46
    62
    33
    45
    54
    44
    27
    41
    43
    41
    28
    37
    42
    40
    32
    20
    29
    30
    32
    27
    31
    33
    30
    21
    19
    19
    17
    20
    22
    13
    14
    19
    14
    13
    19
    12
    15
    20
    18
    18
    22
    10
    14
    15
    13
    14
    11
    11
    12
    10
    13
    14
    6
    8
    9
    7
    10
    3
    9
    9
    8
    7
    14
    9
    11
    3
    6
    3
    4
    336
    298
    270
    258
    226
    224
    183
    185
    198
    149
    185
    152
    125
    125
    127
    118
    117
    97
    85
    101
    92
    101
    91
    79
    78
    82
    52
    65
    56
    65
    53
    47
    66
    45
    54
    48
    43
    36
    42
    45
    31
    32
    37
    39
    40
    41
    31
    27
    37
    40
    24
    28
    22
    19
    16
    23
    21
    14
    24
    21
    11
    19
    20
    18
    12
    8
    18
    16
    21
    14
    14
    17
    13
    14
    8
    10
    11
    10
    15
    16
    9
    8
    14
    11
    5
    9
    8
    7
    9
    5
    8
    6
    8
    9
    10
    5
    7
    7
    10
    9
    343
    307
    284
    231
    226
    225
    203
    162
    183
    169
    141
    138
    152
    143
    122
    118
    108
    109
    100
    85
    78
    64
    79
    72
    77
    95
    66
    64
    65
    60
    60
    47
    46
    47
    60
    48
    42
    40
    45
    52
    39
    42
    30
    25
    25
    31
    36
    27
    27
    19
    28
    27
    27
    35
    30
    26
    27
    16
    21
    21
    22
    25
    23
    19
    21
    18
    10
    15
    11
    15
    16
    15
    12
    10
    7
    17
    10
    12
    8
    15
    9
    4
    9
    9
    4
    13
    5
    5
    8
    6
    6
    7
    9
    8
    7
    9
    6
    6
    6
    3

Data:
    0
    0
    0
    0
    0
    0
    0
    0
    0
    0
    0
    0
    0
    0
    0
    0
    0
    0
    0
    0
    0
    0
    0
    0
    0
    0
    0
    0
    0
    0
    0
    0
    0
    0
    0
    0
    0
    0
    0
    0
    0
    0
    0
    0
    0
    0
    0
    0
    0
    0
    0
    0
    0
    0
    0
    0
    0
    0
    0
    0
    0
    0
    0
    0
    0
    0
    0
    0
    0
    0
    0
    0
    0
    0
    0
    0
    0
    0
    0
    0
    0
    0
    0
    0
    0
    0
    0
    0
    0
    0
    0
    0
    0
    0
    0
    0
    0
    0
    0
    0
    0
    0
    0
    0
    0
    0
    0
    0
    0
    0
    0
    0
    0
    0
    0
    0
    0
    0
    0
    0
    0
    0
    0
    0
    0
    0
    0
    0
    0
    0
    0
    0
    0
    0
    0
    0
    0
    0
    0
    0
    0
    0
    0
    0
    0
    0
    0
    0
    0
    0
    0
    0
    0
    0
    0
    0
    0
    0
    0
    0
    0
    0
    0
    0
    0
    0
    0
    0
    0
    0
    0
    0
    0
    0
    0
    0
    0
    0
    0
    0
    0
    0
    0
    0
    0
    0
    0
    0
    0
    0
    0
    0
    0
    0
    0
    0
    0
    0
    0
    0
    0
    0
    0
    0
    0
    0
    0
    0
    0
    0
    0
    0
    0
    0
    0
    0
    0
    0
    0
    0
    0
    0
    0
    0
    0
    0
    0
    0
    0
    0
    0
    0
    0
    0
    0
    0
    0
    0
    0
    0
    0
    0
    0
    0
    0
    0
    0
    0
    0
    0
    0
    0
    0
    0
    0
    0
    0
    0
    0
    0
    0
    0
    0
    0
    0
    0
    0
    0
    0
    0
    0
    0
    0
    0
    0
    0
    0
    0
    0
    0
    0
    0
    0
    0
    0
    0
    0
    0
    0
    0
    0
    0
    0
    0
    0
    0
    0
    0
    0
    0
    0
    0
    0
    0
    0
    0
    0
    0
    0
    0
    0
    0
    0
    0
    0
    0
    0
    0
    0
    0
    0
    0
    0
    0
    0
    0
    0
    0
    0
    0
    0
    0
    0
    0
    0
    0
    0
    0
    0
    0
    0
    0
    0
    0
    0
    0
    0
    0
    0
    0
    0
    0
    0
    0
    0
    0
    0
    0
    0
    0
    0
    0
    0
    0
    0
    0
    0
    0
    0
    0
    0
    0
    0
    0
    0
    0
    0
    0
    0
    0
    0
    0
    0
    0
    0
    0
    0
    0
    0
    0
    0
    0
    0
    0
    0
    0
    0
    0
    0
    0
    0
    0
    0
    0
    0
    0
    0
    0
    0
    0
    0
    0
    0
    0
    0
    0
    0
    0
    0
    0
    0
    0
    0
    0
    0
    0
    0
    0
    0
    0
    0
    0
    0
    0
    0
    0
    0
    0
    0
    0
    0
    0
    0
    0
    0
    0
    0
    0
    0
    0
    0
    0
    0
    0
    0
    0
    0
    0
    0
    0
    0
    0
    0
    0
    0
    0
    0
    0
    0
    0
    0
    0
    0
    0
    0
    0
    0
    0
    0
    0
    0
    0
    0
    0
    0
    0
    0
    0
    0
    0
    0
    0
    0
    0
    0
    0
    0
    0
    0
    0
    0
    0
    0
    0
    0
    0
    0
    0
    0
    0
    0
    0
    0
    0
    0
    0
    0
    0
    0
    0
    0
    0
    0
    0
    0
    0
    0
    0
    0
    0
    0
    0
    0
    0
    0
    0
    0
    0
    0
    0
    0
    0
    0
    0
    0
    0
    0
    0
    0
    0
    0
    0
    0
    0
    0
    0
    0
    0
    0
    0
    0
    0
    0
    0
    0
    0
    0
    0
    0
    0
    0
    0
    0
    0
    0
    0
    0
    0
    0
    0
    0
    0
    0
    0
    0
    0
    0
    0
    0
    0
    0
    0
    0
    0
    0
    0
    0
    0
    0
    0
    0
    0
    0
    0
    0
    0
    0
    0
    0
    0
    0
    0
    0
    0
    0
    0
    0
    0
    0
    0
    0
    0
    0
    0
    0
    0
    0
    0
    0
    0
    0
    0
    0
    0
    0
    0
    0
    0
    0
    0
    0
    0
    0
    0
    0
    0
    0
    0
    0
    0
    0
    0
    0
    0
    0
    0
    0
    0
    0
    0
    0
    0
    0
    0
    0
    0
    0
    0
    0
    0
    0
    0
    0
    0
    0
    0
    0
    0
    0
    0
    0
    0
    0
    0
    0
    0
    0
    0
    0
    0
    0
    0
    0
    0
    0
    0
    0
    0
    0
    0
    0
    0
    0
    0
    0
    0
    0
    0
    0
    0
    0
    0
    0
    0
    0
    0
    0
    0
    0
    0
    0
    0
    0
    0
    0
    0
    0
    0
    0
    0
    0
    0
    0
    0
    0
    0
    0
    0
    0
    0
    0
    0
    0
    0
    0
    0
    0
    0
    0
    0
    0
    0
    0
    0
    0
    0
    0
    0
    0
    0
    0
    0
    0
    0
    0
    0
    0
    0
    0
    0
    0
    0
    0
    0
    0
    0
    0
    0
    0
    0
    0
    0
    0
    0
    0
    0
    0
    0
    0
    0
    0
    0
    0
    0
    0
    0
    0
    0
    0
    0
    0
    0
    0
    0
    0
    0
    0
    0
    0
    0
    0
    0
    0
    0
    0
    0
    0
    0
    0
    0
    0
    0
    0
    0
    0
    0
    0
    0
    0
    0
    0
    0
    0
    0
    0
    0
    0
    0
    0
    0
    0
    0
    0
    0
    0
    0
    0
    0
    0
    0
    0
    0
    0
    0
    0
    0
    0
    0
    0
    0
    0
    0
    0
    0
    0
    0
    0
    0
    0
    0
    0
    0
    0
    0
    0
    0
    0
    0
    0
    0
    0
    0
    0
    0
    0
    0
    0
    0
    0
    0
    0
    0
    0
    0
    0
    0
    0
    0
    0
    0
    0
    0
    0
    0
    0
    0
    0
    0
    0
    0
    0
    0
    0
    0
    0
    0
    0
    0
    0
    0
    0
    0
    0
    0
    0
    0
    0
    0
    0
    0
    0
    0
    0
    0
    0
    0
    0
    0
    0
    0
    0
    0
    0
    0
    0
    0
    0
    0
    0
    0
    0
    0
    0
    0
    0
    0
    0
    0
    0
    0
    0
    0
    0
    0
    0
    0
    0
    0
    0
    0
    0
    0
    0
    0
    0
    0
    0
    0
    0
    0
    0
    0
    0
    0
    0
    0
    0
    0
    0
    0
    0
    0
    0
    0
    0
    0
    0
    0
    0
    0
    0
    0
    0
    0
    0
    0
    0
    0
    0
    0
    0
    0
    0
    0
    0
    0
    0
    0
    0
    0
    0
    0
    0
    0
    0
    0
    0
    0
    0
    0
    0
    0
    0
    0
    0
    0
    0
    0
    0
    0
    0
    0
    0
    0
    0
    0
    0
    0
    0
    0
    0
    0
    0
    0
    0
    0
    0
    0
    0
    0
    0
    0
    0
    0
    0
    0
    0
    0
    0
    0
    0
    0
    0
    0
    0
    0
    0
    0
    0
    0
    0
    0
    0
    0
    0
    0
    0
    0
    0
    0
    0
    0
    0
    0
    0
    0
    0
    0
    0
    0
    0
    0
    0
    0
    0
    0
    0
    0
    0
    0
    0
    0
    0
    0
    0
    0
    0
    0
    0
    0
    0
    0
    0
    0
    0
    0
    0
    0
    0
    0
    0
    0
    0
    0
    0
    0
    0
    0
    0
    0
    0
    0
    0
    0
    0
    0
    0
    0
    0
    0
    0
    0
    0
    0
    0
    0
    0
    0
    0
    0
    0
    0
    0
    0
    0
    0
    0
    0
    0
    0
    0
    0
    0
    0
    0
    0
    0
    0
    0
    0
    0
    0
    0
    0
    0
    0
    0
    0
    0
    0
    0
    0
    0
    0
    0
    0
    0
    0
    0
    0
    0
    0
    0
    0
    0
    0
    0
    0
    0
    0
    0
    0
    0
    0
    0
    0
    0
    0
    0
    0
    0
    0
    0
    0
    0
    0
    0
    0
    0
    0
    0
    0
    0
    0
    0
    0
    0
    0
    0
    0
    0
    0
    0
    0
    0
    0
    0
    0
    0
    0
    0
    0
    0
    0
    0
    0
    0
    0
    0
    0
    0
    0
    0
    0
    0
    0
    0
    0
    0
    0
    0
    0
    0
    0
    0
    0
    0
    0
    0
    0
    0
    0
    0
    0
    0
    0
    0
    0
    0
    0
    0
    0
    0
    0
    0
    0
    0
    0
    0
    0
    0
    0
    0
    0
    0
    0
    0
    0
    0
    0
    0
    0
    0
    0
    0
    0
    0
    0
    0
    0
    0
    0
    0
    0
    0
    0
    0
    0
    0
    0
    0
    0
    0
    0
    0
    0
    0
    0
    0
    0
    0
    0
    0
    0
    0
    0
    0
    0
    0
    0
    0
    0
    0
    0
    0
    0
    0
    0
    0
    0
    0
    0
    0
    0
    0
    0
    0
    0
    0
    0
    0
    0
    0
    0
    0
    0
    0
    0
    0
    0
    0
    0
    0
    0
    0
    0
    0
    0
    0
    0
    0
    0
    0
    0
    0
    0
    0
    0
    0
    0
    0
    0
    0
    0
    0
    0
    0
    0
    0
    0
    0
    0
    0
    0
    0
    0
    0
    0
    0
    0
    0
    0
    0
    0
    0
    0
    0
    0
    0
    0
    0
    0
    0
    0
    0
    0
    0
    0
    0
    0
    0
    0
    0
    0
    0
    0
    0
    0
    0
    0
    0
    0
    0
    0
    0
    0
    0
    0
    0
    0
    0
    0
    0
    0
    0
    0
    0
    0
    0
    0
    0
    0
    0
    0
    0
    0
    0
    0
    0
    0
    0
    0
    0
    0
    0
    0
    0
    0
    0
    0
    0
    0
    0
    0
    0
    0
    0
    0
    0
    0
    0
    0
    0
    0
    0
    0
    0
    0
    0
    0
    0
    0
    0
    0
    0
    0
    0
    0
    0
    0
    0
    0
    0
    0
    0
    0
    0
    0
    0
    0
    0
    0
    0
    0
    0
    0
    0
    0
    0
    0
    0
    0
    0
    0
    0
    0
    0
    0
    0
    0
    0
    0
    0
    0
    0
    0
    0
    0
    0
    0
    0
    0
    0
    0
    0
    0
    0
    0
    0
    0
    0
    0
    0
    0
    0
    0
    0
    0
    0
    0
    0
    0
    0
    0
    0
    0
    0
    0
    0
    0
    0
    0
    0
    0
    0
    0
    0
    0
    0
    0
    0
    0
    0
    0
    0
    0
    0
    0
    0
    0
    0
    0
    0
    0
    0
    0
    0
    0
    0
    0
    0
    0
    0
    0
    0
    0
    0
    0
    0
    0
    0
    0
    0
    0
    0
    0
    0
    0
    0
    0
    0
    0
    0
    0
    0
    0
    0
    0
    0
    0
    0
    0
    0
    0
    0
    0
    0
    0
    0
    0
    0
    0
    0
    0
    0
    0
    0
    0
    0
    0
    0
    0
    0
    0
    0
    0
    0
    0
    0
    0
    0
    0
    0
    0
    0
    0
    0
    0
    0
    0
    0
    0
    0
    0
    0
    0
    0
    0
    0
    0
    0
    0
    0
    0
    0
    0
    0
    0
    0
    0
    0
    0
    0
    0
    0
    0
    0
    0
    0
    0
    0
    0
    0
    0
    0
    0
    0
    0
    0
    0
    0
    0
    0
    0
    0
    0
    0
    0
    0
    0
    0
    0
    0
    0
    0
    0
    0
    0
    0
    0
    0
    0
    0
    0
    0
    0
    0
    0
    0
    0
    0
    0
    0
    0
    0
    0
    0
    0
    0
    0
    0
    0
    0
    0
    0
    0
    0
    0
    0
    0
    0
    0
    0
    0
    0
    0
    0
    0
    0
    0
    0
    0
    0
    0
    0
    0
    0
    0
    0
    0
    0
    0
    0
    0
    0
    0
    0
    0
    0
    0
    0
    0
    0
    0
    0
    0
    0
    0
    0
    0
    0
    0
    0
    0
    0
    0
    0
    0
    0
    0
    0
    0
    0
    0
    0
    0
    0
    0
    0
    0
    0
    0
    0
    0
    0
    0
    0
    0
    0
    0
    0
    0
    0
    0
    0
    0
    0
    0
    0
    0
    0
    0
    0
    0
    0
    0
    0
    0
    0
    0
    0
    0
    0
    0
    0
    0
    0
    0
    0
    0
    0
    0
    0
    0
    0
    0
    0
    0
    0
    0
    0
    0
    0
    0
    0
    0
    0
    0
    0
    0
    0
    0
    0
    0
    0
    0
    0
    0
    0
    0
    0
    0
    0
    0
    0
    0
    0
    0
    0
    0
    0
    0
    0
    0
    0
    0
    0
    0
    0
    0
    0
    0
    0
    0
    0
    0
    0
    0
    0
    0
    0
    0
    0
    0
    0
    0
    0
    0
    0
    0
    0
    0
    0
    0
    0
    0
    0
    0
    0
    0
    0
    0
    0
    0
    0
    0
    0
    0
    0
    0
    0
    0
    0
    0
    0
    0
    0
    0
    0
    0
    0
    0
    0
    0
    0
    0
    0
    0
    0
    0
    0
    0
    0
    0
    0
    0
    0
    0
    0
    0
    0
    0
    0
    0
    0
    0
    0
    0
    0
    0
    0
    0
    0
    0
    0
    0
    0
    0
    0
    0
    0
    0
    0
    0
    0
    0
    0
    0
    0
    0
    0
    0
    0
    0
    0
    0
    0
    0
    0
    0
    0
    0
    0
    0
    0
    0
    0
    0
    0
    0
    0
    0
    0
    0
    0
    0
    0
    0
    0
    0
    0
    0
    0
    0
    0
    0
    0
    0
    0
    0
    0
    0
    0
    0
    0
    0
    0
    0
    0
    0
    0
    0
    0
    0
    0
    0
    0
    0
    0
    0
    0
    0
    0
    0
    0
    0
    0
    0
    0
    0
    0
    0
    0
    0
    0
    0
    0
    0
    0
    0
    0
    0
    0
    0
    0
    0
    0
    0
    0
    0
    0
    0
    0
    0
    0
    0
    0
    0
    0
    0
    0
    0
    0
    0
    0
    0
    0
    0
    0
    0
    0
    0
    0
    0
    0
    0
    0
    0
    0
    0
    0
    0
    0
    0
    0
    0
    0
    0
    0
    0
    0
    0
    0
    0
    0
    0
    0
    0
    0
    0
    0
    0
    0
    0
    0
    0
    0
    0
    0
    0
    0
    0
    0
    0
    0
    0
    0
    0
    0
    0
    0
    0
    0
    0
    0
    0
    0
    0
    0
    0
    0
    0
    0
    0
    0
    0
    0
    0
    0
    0
    0
    0
    0
    0
    0
    0
    0
    0
    0
    0
    0
    0
    0
    0
    0
    0
    0
    0
    0
    0
    0
    0
    0
    0
    0
    0
    0
    0
    0
    0
    0
    0
    0
    0
    0
    0
    0
    0
    0
    0
    0
    0
    0
    0
    0
    0
    0
    0
    0
    0
    0
    0
    0
    0
    0
    0
    0
    0
    0
    0
    0
    0
    0
    0
    0
    0
    0
    0
    0
    0
    0
    0
    0
    0
    0
    0
    0
    0
    0
    0
    0
    0
    0
    0
    0
    0
    0
    0
    0
    0
    0
    0
    0
    0
    0
    0
    0
    0
    0
    0
    0
    0
    0
    0
    0
    0
    0
    0
    0
    0
    0
    0
    0
    0
    0
    0
    0
    0
    0
    0
    0
    0
    0
    0
    0
    0
    0
    0
    0
    0
    0
    0
    0
    0
    0
    0
    0
    0
    0
    0
    0
    0
    0
    0
    0
    0
    0
    0
    0
    0
    0
    0
    0
    0
    0
    0
    0
    0
    0
    0
    0
    0
    0
    0
    0
    0
    0
    0
    0
    0
    0
    0
    0
    0
    0
    0
    0
    0
    0
    0
    0
    0
    0
    0
    0
    0
    0
    0
    0
    0
    0
    0
    0
    0
    0
    0
    0
    0
    0
    0
    0
    0
    0
    0
    0
    0
    0
    0
    0
    0
    0
    0
    0
    0
    0
    0
    0
    0
    0
    0
    0
    0
    0
    0
    0
    0
    0
    0
    0
    0
    0
    0
    0
    0
    0
    0
    0
    0
    0
    0
    0
    0
    0
    0
    0
    0
    0
    0
    0
    0
    0
    0
    0
    0
    0
    0
    0
    0
    0
    0
    0
    0
    0
    0
    0
    0
    0
    0
    0
    0
    0
    0
    0
    0
    0
    0
    0
    0
    0
    0
    0
    0
    0
    0
    0
    0
    0
    0
    0
    0
    0
    0
    0
    0
    0
    0
    0
    0
    0
    0
    0
    0
    0
    0
    0
    0
    0
    0
    0
    0
    0
    0
    0
    0
    0
    0
    0
    0
    0
    0
    0
    0
    0
    0
    0
    0
    0
    0
    0
    0
    0
    0
    0
    0
    0
    0
    0
    0
    0
    0
    0
    0
    0
    0
    0
    0
    0
    0
    0
    0
    0
    0
    0
    0
    0
    0
    0
    0
    0
    0
    0
    0
    0
    0
    0
    0
    0
    0
    0
    0
    0
    0
    0
    0
    0
    0
    0
    0
    0
    0
    0
    0
    0
    0
    0
    0
    0
    0
    0
    0
    0
    0
    0
    0
    0
    0
    0
    0
    0
    0
    0
    0
    0
    0
    0
    0
    0
    0
    0
    0
    0
    0
    0
    0
    0
    0
    0
    0
    0
    0
    0
    0
    0
    0
    0
    0
    0
    0
    0
    0
    0
    0
    0
    0
    0
    0
    0
    0
    0
    0
    0
    0
    0
    0
    0
    0
    0
    0
    0
    0
    0
    0
    0
    0
    0
    0
    0
    0
    0
    0
    0
    0
    0
    0
    0
    0
    0
    0
    0
    0
    0
    0
    0
    0
    0
    0
    0
    0
    0
    0
    0
    0
    0
    0
    0
    0
    0
    0
    0
    0
    0
    0
    0
    0
    0
    0
    0
    0
    0
    0
    0
    0
    0
    0
    0
    0
    0
    0
    0
    0
    0
    0
    0
    0
    0
    0
    0
    0
    0
    0
    0
    0
    0
    0
    0
    0
    0
    0
    0
    0
    0
    0
    0
    0
    0
    0
    0
    0
    0
    0
    0
    0
    0
    0
    0
    0
    0
    0
    0
    0
    0
    0
    0
    0
    0
    0
    0
    0
    0
    0
    0
    0
    0
    0
    0
    0
    0
    0
    0
    0
    0
    0
    0
    0
    0
    0
    0
    0
    0
    0
    0
    0
    0
    0
    0
    0
    0
    0
    0
    0
    0
    0
    0
    0
    0
    0
    0
    0
    0
    0
    0
    0
    0
    0
    0
    0
    0
    0
    0
    0
    0
    0
    0
    0
    0
    0
    0
    0
    0
    0
    0
    0
    0
    0
    0
    0
    0
    0
    0
    0
    0
    0
    0
    0
    0
    0
    0
    0
    0
    0
    0
    0
    0
    0
    0
    0
    0
    0
    0
    0
    0
    0
    0
    0
    0
    0
    0
    0
    0
    0
    0
    0
    0
    0
    0
    0
    0
    0
    0
    0
    0
    0
    0
    0
    0
    0
    0
    0
    0
    0
    0
    0
    0
    0
    0
    0
    0
    0
    0
    0
    0
    0
    0
    0
    0
    0
    0
    0
    0
    0
    0
    0
    0
    0
    0
    0
    0
    0
    0
    0
    0
    0
    0
    0
    0
    0
    0
    0
    0
    0
    0
    0
    0
    0
    0
    0
    0
    0
    0
    0
    0
    0
    0
    0
    0
    0
    0
    0
    0
    0
    0
    0
    0
    0
    0
    0
    0
    0
    0
    0
    0
    0
    0
    0
    0
    0
    0
    0
    0
    0
    0
    0
    0
    0
    0
    0
    0
    0
    0
    0
    0
    0
    0
    0
    0
    0
    0
    0
    0
    0
    0
    0
    0
    0
    0
    0
    0
    0
    0
    0
    0
    0
    0
    0
    0
    0
    0
    0
    0
    0
    0
    0
    0
    0
    0
    0
    0
    0
    0
    0
    0
    0
    0
    0
    0
    0
    0
    0
    0
    0
    0
    0
    0
    0
    0
    0
    0
    0
    0
    0
    0
    0
    0
    0
    0
    0
    0
    0
    0
    0
    0
    0
    0
    0
    0
    0
    0
    0
    0
    0
    0
    0
    0
    0
    0
    0
    0
    0
    0
    0
    0
    0
    0
    0
    0
    0
    0
    0
    0
    0
    0
    0
    0
    0
    0
    0
    0
    0
    0
    0
    0
    0
    0
    0
    0
    0
    0
    0
    0
    0
    0
    0
    0
    0
    0
    0
    0
    0
    0
    0
    0
    0
    0
    0
    0
    0
    0
    0
    0
    0
    0
    0
    0
    0
    0
    0
    0
    0
    0
    0
    0
    0
    0
    0
    0
    0
    0
    0
    0
    0
    0
    0
    0
    0
    0
    0
    0
    0
    0
    0
    0
    0
    0
    0
    0
    0
    0
    0
    0
    0
    0
    0
    0
    0
    0
    0
    0
    0
    0
    0
    0
    0
    0
    0
    0
    0
    0
    0
    0
    0
    0
    0
    0
    0
    0
    0
    0
    0
    0
    0
    0
    0
    0
    0
    0
    0
    0
    0
    0
    0
    0
    0
    0
    0
    0
    0
    0
    0
    0
    0
    0
    0
    0
    0
    0
    0
    0
    0
    0
    0
    0
    0
    0
    0
    0
    0
    0
    0
    0
    0
    0
    0
    0
    0
    0
    0
    0
    0
    0
    0
    0
    0
    0
    0
    0
    0
    0
    0
    0
    0
    0
    0
    0
    0
    0
    0
    0
    0
    0
    0
    0
    0
    0
    0
    0
    0
    0
    0
    0
    0
    0
    0
    0
    0
    0
    0
    0
    0
    0
    0
    0
    0
    0
    0
    0
    0
    0
    0
    0
    0
    0
    0
    0
    0
    0
    0
    0
    0
    0
    0
    0
    0
    0
    0
    0
    0
    0
    0
    0
    0
    0
    0
    0
    0
    0
    0
    0
    0
    0
    0
    0
    0
    0
    0
    0
    0
    0
    0
    0
    0
    0
    0
    0
    0
    0
    0
    0
    0
    0
    0
    0
    0
    0
    0
    0
    0
    0
    0
    0
    0
    0
    0
    0
    0
    0
    0
    0
    0
    0
    0
    0
    0
    0
    0
    0
    0
    0
    0
    0
    0
    0
    0
    0
    0
    0
    0
    0
    0
    0
    0
    0
    0
    0
    0
    0
    0
    0
    0
    0
    0
    0
    0
    0
    0
    0
    0
    0
    0
    0
    0
    0
    0
    0
    0
    0
    0
    0
    0
    0
    0
    0
    0
    0
    0
    0
    0
    0
    0
    0
    0
    0
    0
    0
    0
    0
    0
    0
    0
    0
    0
    0
    0
    0
    0
    0
    0
    0
    0
    0
    0
    0
    0
    0
    0
    0
    0
    0
    0
    0
    0
    0
    0
    0
    0
    0
    0
    0
    0
    0
    0
    0
    0
    0
    0
    0
    0
    0
    0
    0
    0
    0
    0
    0
    0
    0
    0
    0
    0
    0
    0
    0
    0
    0
    0
    0
    0
    0
    0
    0
    0
    0
    0
    0
    0
    0
    0
    0
    0
    0
    0
    0
    0
    0
    0
    0
    0
    0
    0
    0
    0
    0
    0
    0
    0
    0
    0
    0
    0
    0
    0
    0
    0
    0
    0
    0
    0
    0
    0
    0
    0
    0
    0
    0
    0
    0
    0
    0
    0
    0
    0
    0
    0
    0
    0
    0
    0
    0
    0
    0
    0
    0
    0
    0
    0
    0
    0
    0
    0
    0
    0
    0
    0
    0
    0
    0
    0
    0
    0
    0
    0
    0
    0
    0
    0
    0
    0
    0
    0
    0
    0
    0
    0
    0
    0
    0
    0
    0
    0
    0
    0
    0
    0
    0
    0
    0
    0
    0
    0
    0
    0
    0
    0
    0
    0
    0
    0
    0
    0
    0
    0
    0
    0
    0
    0
    0
    0
    0
    0
    0
    0
    0
    0
    0
    0
    0
    0
    0
    0
    0
    0
    0
    0
    0
    0
    0
    0
    0
    0
    0
    0
    0
    0
    0
    0
    0
    0
    0
    0
    0
    0
    0
    0
    0
    0
    0
    0
    0
    0
    0
    0
    0
    0
    0
    0
    0
    0
    0
    0
    0
    0
    0
    0
    0
    0
    0
    0
    0
    0
    0
    0
    0
    0
    0
    0
    0
    0
    0
    0
    0
    0
    0
    0
    0
    0
    0
    0
    0
    0
    0
    0
    0
    0
    0
    0
    0
    0
    0
    0
    0
    0
    0
    0
    0
    0
    0
    0
    0
    0
    0
    0
    0
    0
    0
    0
    0
    0
    0
    0
    0
    0
    0
    0
    0
    0
    0
    0
    0
    0
    0
    0
    0
    0
    0
    0
    0
    0
    0
    0
    0
    0
    0
    0
    0
    0
    0
    0
    0
    0
    0
    0
    0
    0
    0
    0
    0
    0
    0
    0
    0
    0
    0
    0
    0
    0
    0
    0
    0
    0
    0
    0
    0
    0
    0
    0
    0
    0
    0
    0
    0
    0
    0
    0
    0
    0
    0
    0
    0
    0
    0
    0
    0
    0
    0
    0
    0
    0
    0
    0
    0
    0
    0
    0
    0
    0
    0
    0
    0
    0
    0
    0
    0
    0
    0
    0
    0
    0
    0
    0
    0
    0
    0
    0
    0
    0
    0
    0
    0
    0
    0
    0
    0
    0
    0
    0
    0
    0
    0
    0
    0
    0
    0
    0
    0
    0
    0
    0
    0
    0
    0
    0
    0
    0
    0
    0
    0
    0
    0
    0
    0
    0
    0
    0
    0
    0
    0
    0
    0
    0
    0
    0
    0
    0
    0
    0
    0
    0
    0
    0
    0
    0
    0
    0
    0
    0
    0
    0
    0
    0
    0
    0
    0
    0
    0
    0
    0
    0
    0
    0
    0
    0
    0
    0
    0
    0
    0
    0
    0
    0
    0
    0
    0
    0
    0
    0
    0
    0
    0
    0
    0
    0
    0
    0
    0
    0
    0
    0
    0
    0
    0
    0
    0
    0
    0
    0
    0
    0
    0
    0
    0
    0
    0
    0
    0
    0
    0
    0
    0
    0
    0
    0
    0
    0
    0
    0
    0
    0
    0
    0
    0
    0
    0
    0
    0
    0
    0
    0
    0
    0
    0
    0
    0
    0
    0
    0
    0
    0
    0
    0
    0
    0
    0
    0
    0
    0
    0
    0
    0
    0
    0
    0
    0
    0
    0
    0
    0
    0
    0
    0
    0
    0
    0
    0
    0
    0
    0
    0
    0
    0
    0
    0
    0
    0
    0
    0
    0
    0
    0
    0
    0
    0
    0
    0
    0
    0
    0
    0
    0
    0
    0
    0
    0
    0
    0
    0
    0
    0
    0
    0
    0
    0
    0
    0
    0
    0
    0
    0
    0
    0
    0
    0
    0
    0
    0
    0
    0
    0
    0
    0
    0
    0
    0
    0
    0
    0
    0
    0
    0
    0
    0
    0
    0
    0
    0
    0
    0
    0
    0
    0
    0
    0
    0
    0
    0
    0
    0
    0
    0
    0
    0
    0
    0
    0
    0
    0
    0
    0
    0
    0
    0
    0
    0
    0
    0
    0
    0
    0
    0
    0
    0
    0
    0
    0
    0
    0
    0
    0
    0
    0
    0
    0
    0
    0
    0
    0
    0
    0
    0
    0
    0
    0
    0
    0
    0
    0
    0
    0
    0
    0
    0
    0
    0
    0
    0
    0
    0
    0
    0
    0
    0
    0
    0
    0
    0
    0
    0
    0
    0
    0
    0
    0
    0
    0
    0
    0
    0
    0
    0
    0
    0
    0
    0
    0
    0
    0
    0
    0
    0
    0
    0
    0
    0
    0
    0
    0
    0
    0
    0
    0
    0
    0
    0
    0
    0
    0
    0
    0
    0
    0
    0
    0
    0
    0
    0
    0
    0
    0
    0
    0
    0
    0
    0
    0
    0
    0
    0
    0
    0
    0
    0
    0
    0
    0
    0
    0
    0
    0
    0
    0
    0
    0
    0
    0
    0
    0
    0
    0
    0
    0
    0
    0
    0
    0
    0
    0
    0
    0
    0
    0
    0
    0
    0
    0
    0
    0
    0
    0
    0
    0
    0
    0
    0
    0
    0
    0
    0
    0
    0
    0
    0
    0
    0
    0
    0
    0
    0
    0
    0
    0
    0
    0
    0
    0
    0
    0
    0
    0
    0
    0
    0
    0
    0
    0
    0
    0
    0
    0
    0
    0
    0
    0
    0
    0
    0
    0
    0
    0
    0
    0
    0
    0
    0
    0
    0
    0
    0
    0
    0
    0
    0
    0
    0
    0
    0
    0
    0
    0
    0
    0
    0
    0
    0
    0
    0
    0
    0
    0
    0
    0
    0
    0
    0
    0
    0
    0
    0
    0
    0
    0
    0
    0
    0
    0
    0
    0
    0
    0
    0
    0
    0
    0
    0
    0
    0
    0
    0
    0
    0
    0
    0
    0
    0
    0
    0
    0
    0
    0
    0
    0
    0
    0
    0
    0
    0
    0
    0
    0
    0
    0
    0
    0
    0
    0
    0
    0
    0
    0
    0
    0
    0
    0
    0
    0
    0
    0
    0
    0
    0
    0
    0
    0
    0
    0
    0
    0
    0
    0
    0
    0
    0
    0
    0
    0
    0
    0
    0
    0
    0
    0
    0
    0
    0
    0
    0
    0
    0
    0
    0
    0
    0
    0
    0
    0
    0
    0
    0
    0
    0
    0
    0
    0
    0
    0
    0
    0
    0
    0
    0
    0
    0
    0
    0
    0
    0
    0
    0
    0
    0
    0
    0
    0
    0
    0
    0
    0
    0
    0
    0
    0
    0
    0
    0
    0
    0
    0
    0
    0
    0
    0
    0
    0
    0
    0
    0
    0
    0
    0
    0
    0
    0
    0
    0
    0
    0
    0
    0
    0
    0
    0
    0
    0
    0
    0
    0
    0
    0
    0
    0
    0
    0
    0
    0
    0
    0
    0
    0
    0
    0
    0
    0
    0
    0
    0
    0
    0
    0
    0
    0
    0
    0
    0
    0
    0
    0
    0
    0
    0
    0
    0
    0
    0
    0
    0
    0
    0
    0
    0
    0
    0
    0
    0
    0
    0
    0
    0
    0
    0
    0
    0
    0
    0
    0
    0
    0
    0
    0
    0
    0
    0
    0
    0
    0
    0
    0
    0
    0
    0
    0
    0
    0
    0
    0
    0
    0
    0
    0
    0
    0
    0
    0
    0
    0
    0
    0
    0
    0
    0
    0
    0
    0
    0
    0
    0
    0
    0
    0
    0
    0
    0
    0
    0
    0
    0
    0
    0
    0
    0
    0
    0
    0
    0
    0
    0
    0
    0
    0
    0
    0
    0
    0
    0
    0
    0
    0
    0
    0
    0
    0
    0
    0
    0
    0
    0
    0
    0
    0
    0
    0
    0
    0
    0
    0
    0
    0
    0
    0
    0
    0
    0
    0
    0
    0
    0
    0
    0
    0
    0
    0
    0
    0
    0
    0
    0
    0
    0
    0
    0
    0
    0
    0
    0
    0
    0
    0
    0
    0
    0
    0
    0
    0
    0
    0
    0
    0
    0
    0
    0
    0
    0
    0
    0
    0
    0
    0
    0
    0
    0
    0
    0
    0
    0
    0
    0
    0
    0
    0
    0
    0
    0
    0
    0
    0
    0
    0
    0
    0
    0
    0
    0
    0
    0
    0
    0
    0
    0
    0
    0
    0
    0
    0
    0
    0
    0
    0
    0
    0
    0
    0
    0
    0
    0
    0
    0
    0
    0
    0
    0
    0
    0
    0
    0
    0
    0
    0
    0
    0
    0
    0
    0
    0
    0
    0
    0
    0
    0
    0
    0
    0
    0
    0
    0
    0
    0
    0
    0
    0
    0
    0
    0
    0
    0
    0
    0
    0
    0
    0
    0
    0
    0
    0
    0
    0
    0
    0
    0
    0
    0
    0
    0
    0
    0
    0
    0
    0
    0
    0
    0
    0
    0
    0
    0
    0
    0
    0
    0
    0
    0
    0
    0
    0
    0
    0
    0
    0
    0
    0
    0
    0
    0
    0
    0
    0
    0
    0
    0
    0
    0
    0
    0
    0
    0
    0
    0
    0
    0
    0
    0
    0
    0
    0
    0
    0
    0
    0
    0
    0
    0
    0
    0
    0
    0
    0
    0
    0
    0
    0
    0
    0
    0
    0
    0
    0
    0
    0
    0
    0
    0
    0
    0
    0
    0
    0
    0
    0
    0
    0
    0
    0
    0
    0
    0
    0
    0
    0
    0
    0
    0
    0
    0
    0
    0
    0
    0
    0
    0
    0
    0
    0
    0
    0
    0
    0
    0
    0
    0
    0
    0
    0
    0
    0
    0
    0
    0
    0
    0
    0
    0
    0
    0
    0
    0
    0
    0
    0
    0
    0
    0
    0
    0
    0
    0
    0
    0
    0
    0
    0
    0
    0
    0
    0
    0
    0
    0
    0
    0
    0
    0
    0
    0
    0
    0
    0
    0
    0
    0
    0
    0
    0
    0
    0
    0
