Project Info:
    ACQ Time: 2019- 9-24   9:34:31: 495 .
    Project: tq左侧足三里下循经非穴（昨天涂红药水）
    Name: 
    Part:  
    Operator:  
    Desc.:  
    Sample Data Acquired.

ACQ Parameters:
    Excited Peroid(ms): 50
    Excited Time(ms): 10
    Acq Delay Time(us): 10
    Gate Time(ms): 20
    Count Num per gate: 100
    Repeat Times: 50
    Acq Gate Times: 1
    Interval per Gate(us): 100
    Channel Number: 2

Data:
    585
    578
    472
    411
    336
    385
    339
    314
    274
    288
    247
    221
    206
    208
    179
    195
    169
    162
    173
    151
    151
    132
    146
    131
    112
    120
    112
    94
    116
    101
    89
    94
    80
    95
    83
    72
    64
    72
    77
    70
    59
    69
    66
    53
    64
    59
    55
    62
    40
    49
    38
    43
    30
    41
    25
    38
    36
    38
    34
    35
    30
    25
    26
    33
    32
    26
    36
    28
    31
    34
    16
    23
    30
    30
    22
    22
    14
    20
    20
    20
    18
    15
    22
    23
    20
    12
    15
    9
    15
    10
    19
    14
    11
    16
    21
    12
    7
    8
    11
    5
    585
    506
    456
    407
    383
    359
    309
    316
    279
    241
    233
    210
    225
    197
    205
    165
    196
    185
    161
    139
    169
    157
    142
    135
    108
    99
    129
    129
    123
    95
    101
    84
    97
    93
    81
    91
    72
    79
    59
    62
    67
    61
    64
    55
    55
    49
    47
    48
    47
    53
    54
    45
    55
    40
    30
    34
    39
    39
    31
    38
    37
    31
    26
    28
    31
    32
    39
    18
    23
    23
    23
    17
    22
    32
    18
    18
    16
    19
    11
    20
    22
    14
    20
    19
    21
    13
    21
    9
    15
    14
    11
    15
    13
    13
    13
    17
    12
    12
    7
    7
    550
    548
    474
    407
    357
    342
    274
    303
    256
    276
    240
    261
    218
    208
    215
    191
    176
    170
    173
    175
    159
    120
    136
    136
    116
    130
    136
    101
    87
    102
    116
    117
    93
    84
    81
    75
    70
    82
    62
    76
    66
    60
    53
    56
    54
    51
    50
    57
    38
    47
    41
    47
    47
    31
    41
    39
    43
    33
    40
    34
    30
    15
    21
    31
    26
    26
    35
    29
    22
    30
    16
    13
    27
    23
    18
    18
    18
    18
    21
    25
    19
    15
    13
    9
    16
    16
    16
    14
    16
    15
    12
    21
    23
    21
    12
    13
    18
    14
    12
    12
    584
    542
    480
    427
    342
    359
    312
    298
    263
    311
    266
    252
    225
    244
    186
    201
    207
    174
    170
    160
    157
    110
    147
    135
    114
    113
    125
    104
    105
    112
    100
    91
    91
    79
    90
    94
    70
    83
    66
    61
    59
    65
    71
    46
    54
    55
    49
    56
    43
    48
    42
    38
    37
    37
    44
    48
    31
    38
    31
    38
    33
    43
    34
    33
    31
    23
    22
    23
    26
    28
    22
    29
    27
    28
    22
    21
    16
    29
    19
    21
    22
    19
    9
    14
    16
    17
    16
    18
    17
    10
    12
    17
    12
    9
    13
    14
    14
    12
    8
    15
    556
    539
    437
    448
    335
    382
    318
    318
    276
    244
    260
    227
    220
    220
    188
    208
    166
    156
    182
    150
    153
    144
    123
    139
    116
    132
    140
    118
    92
    97
    105
    87
    91
    83
    86
    79
    68
    73
    77
    64
    79
    58
    68
    50
    71
    54
    56
    50
    49
    51
    44
    38
    32
    48
    44
    39
    32
    32
    32
    33
    30
    27
    32
    28
    29
    27
    33
    38
    34
    41
    31
    15
    20
    22
    21
    20
    19
    24
    21
    29
    13
    16
    13
    21
    20
    20
    10
    11
    12
    17
    14
    5
    11
    11
    17
    13
    18
    7
    6
    8
    580
    543
    475
    406
    402
    326
    333
    288
    252
    281
    253
    222
    218
    215
    204
    208
    193
    166
    190
    134
    168
    164
    129
    119
    107
    140
    106
    109
    101
    91
    92
    91
    85
    76
    81
    95
    71
    79
    70
    68
    72
    55
    66
    58
    48
    52
    52
    58
    44
    54
    50
    46
    37
    46
    39
    38
    37
    35
    34
    33
    26
    36
    31
    29
    22
    20
    23
    31
    25
    30
    22
    16
    27
    25
    24
    33
    33
    14
    23
    16
    17
    20
    20
    24
    13
    19
    14
    14
    15
    18
    15
    17
    12
    19
    18
    17
    20
    12
    15
    11
    581
    508
    510
    416
    368
    336
    342
    302
    276
    255
    238
    221
    202
    223
    208
    187
    186
    167
    152
    174
    163
    151
    157
    130
    145
    96
    126
    116
    107
    109
    104
    104
    97
    81
    91
    78
    77
    65
    63
    65
    78
    61
    56
    63
    62
    57
    53
    59
    56
    55
    53
    46
    55
    49
    35
    37
    34
    38
    26
    38
    36
    28
    35
    24
    33
    26
    29
    36
    42
    16
    20
    17
    37
    28
    23
    31
    19
    29
    15
    19
    23
    21
    22
    12
    14
    15
    15
    17
    10
    10
    16
    11
    19
    10
    14
    13
    15
    13
    9
    10
    575
    557
    451
    411
    382
    342
    341
    278
    244
    287
    270
    219
    238
    207
    199
    192
    179
    185
    171
    186
    151
    148
    131
    136
    137
    134
    102
    112
    86
    99
    104
    95
    95
    84
    98
    68
    74
    101
    64
    66
    77
    68
    68
    72
    64
    65
    50
    50
    58
    64
    40
    30
    48
    48
    43
    49
    44
    30
    41
    34
    37
    28
    25
    25
    35
    25
    27
    34
    23
    25
    19
    22
    24
    30
    15
    27
    18
    24
    20
    17
    21
    17
    21
    21
    12
    25
    15
    17
    12
    15
    12
    13
    15
    16
    15
    13
    18
    18
    14
    8
    601
    506
    472
    413
    407
    367
    319
    293
    271
    244
    244
    238
    245
    217
    198
    206
    167
    159
    162
    168
    141
    134
    144
    123
    115
    120
    119
    100
    87
    109
    96
    95
    96
    84
    76
    73
    86
    73
    64
    77
    59
    61
    63
    62
    59
    56
    51
    54
    63
    43
    53
    41
    35
    47
    42
    51
    40
    33
    34
    44
    44
    38
    34
    31
    25
    32
    31
    26
    19
    25
    26
    17
    28
    21
    26
    26
    27
    20
    25
    23
    10
    17
    18
    8
    15
    14
    18
    14
    12
    15
    16
    10
    15
    14
    10
    15
    15
    10
    13
    14
    571
    440
    480
    433
    385
    370
    343
    299
    278
    267
    246
    240
    228
    201
    218
    160
    167
    191
    185
    140
    153
    150
    124
    157
    147
    114
    120
    112
    95
    112
    90
    95
    88
    81
    80
    81
    88
    63
    74
    87
    61
    68
    63
    52
    60
    43
    58
    63
    51
    38
    37
    41
    43
    44
    48
    44
    44
    41
    37
    28
    44
    32
    41
    36
    32
    30
    25
    22
    24
    32
    25
    15
    27
    30
    19
    27
    25
    22
    18
    19
    11
    24
    13
    18
    17
    19
    15
    10
    24
    18
    17
    14
    18
    14
    11
    20
    12
    16
    13
    12
    569
    505
    461
    389
    347
    362
    326
    288
    279
    282
    255
    217
    226
    202
    218
    174
    197
    160
    152
    180
    174
    155
    118
    150
    143
    104
    116
    110
    112
    95
    95
    92
    98
    87
    78
    64
    97
    73
    74
    68
    74
    60
    80
    62
    49
    65
    58
    56
    48
    44
    45
    64
    37
    36
    25
    38
    46
    34
    43
    37
    31
    40
    25
    28
    37
    26
    24
    17
    28
    20
    33
    19
    31
    21
    22
    17
    19
    23
    15
    20
    22
    19
    12
    12
    12
    20
    13
    12
    12
    12
    15
    15
    11
    10
    16
    11
    10
    16
    9
    9
    559
    529
    483
    424
    383
    364
    325
    296
    279
    264
    271
    276
    250
    226
    183
    175
    204
    165
    161
    164
    164
    138
    147
    136
    138
    120
    123
    107
    112
    106
    116
    78
    95
    100
    114
    72
    82
    72
    75
    87
    70
    70
    67
    58
    44
    53
    56
    54
    49
    45
    49
    47
    32
    41
    40
    40
    51
    33
    44
    35
    43
    33
    35
    36
    36
    26
    23
    34
    33
    24
    26
    27
    28
    21
    21
    25
    24
    24
    26
    21
    25
    19
    14
    23
    10
    19
    21
    16
    13
    25
    22
    26
    10
    13
    11
    8
    13
    10
    12
    18
    580
    516
    471
    401
    362
    310
    305
    285
    289
    273
    252
    247
    228
    223
    192
    199
    180
    172
    149
    163
    136
    172
    139
    133
    128
    110
    131
    97
    113
    100
    111
    104
    102
    91
    81
    80
    71
    70
    85
    59
    60
    58
    56
    66
    49
    67
    67
    53
    66
    47
    49
    49
    41
    61
    34
    49
    42
    39
    31
    29
    38
    38
    31
    29
    30
    30
    24
    14
    21
    20
    25
    27
    22
    28
    19
    16
    21
    25
    30
    25
    21
    22
    19
    19
    18
    16
    14
    12
    19
    18
    11
    22
    11
    14
    16
    21
    12
    11
    13
    13
    558
    505
    440
    431
    386
    346
    314
    286
    291
    276
    269
    246
    242
    192
    190
    197
    154
    164
    157
    155
    170
    156
    124
    126
    128
    103
    116
    114
    106
    105
    96
    93
    98
    109
    84
    77
    83
    73
    79
    60
    66
    76
    59
    59
    44
    52
    54
    42
    45
    43
    57
    40
    43
    50
    48
    47
    50
    37
    33
    29
    27
    40
    51
    29
    24
    33
    30
    29
    28
    21
    12
    28
    30
    10
    23
    23
    20
    22
    26
    19
    16
    18
    27
    21
    16
    15
    11
    11
    18
    14
    18
    14
    13
    12
    11
    13
    10
    13
    8
    7
    607
    528
    423
    434
    379
    362
    311
    313
    293
    270
    270
    229
    242
    200
    185
    203
    182
    177
    153
    161
    172
    134
    152
    136
    127
    121
    118
    114
    125
    99
    89
    87
    81
    89
    75
    74
    60
    69
    67
    64
    76
    76
    60
    66
    59
    47
    46
    63
    45
    53
    47
    50
    44
    29
    47
    37
    41
    26
    34
    38
    32
    41
    37
    31
    31
    36
    24
    26
    30
    23
    26
    24
    18
    25
    21
    17
    29
    24
    17
    26
    17
    15
    19
    15
    12
    18
    9
    10
    16
    21
    20
    16
    15
    16
    14
    16
    13
    12
    9
    12
    566
    517
    461
    411
    370
    375
    340
    304
    277
    249
    238
    251
    225
    213
    230
    218
    183
    187
    159
    164
    154
    167
    154
    141
    152
    135
    107
    145
    99
    104
    98
    93
    98
    89
    79
    80
    85
    69
    78
    76
    70
    69
    56
    68
    62
    60
    45
    41
    50
    57
    50
    36
    44
    44
    41
    31
    49
    34
    33
    28
    28
    43
    33
    31
    22
    30
    23
    31
    18
    24
    27
    26
    25
    25
    27
    21
    19
    18
    24
    19
    22
    20
    19
    20
    22
    16
    16
    15
    8
    15
    12
    16
    15
    23
    15
    17
    8
    16
    13
    9
    569
    540
    469
    410
    366
    341
    303
    330
    256
    284
    232
    241
    217
    226
    204
    219
    183
    180
    181
    147
    148
    144
    143
    159
    114
    118
    131
    118
    105
    113
    94
    92
    83
    81
    106
    94
    75
    79
    70
    83
    52
    66
    53
    63
    61
    43
    65
    49
    35
    65
    47
    43
    45
    42
    29
    57
    36
    42
    22
    35
    28
    32
    28
    32
    30
    34
    32
    30
    27
    30
    26
    22
    31
    21
    33
    12
    18
    26
    34
    20
    11
    22
    14
    17
    13
    21
    24
    9
    19
    19
    21
    19
    10
    10
    10
    20
    20
    14
    9
    16
    566
    490
    490
    439
    415
    383
    329
    285
    291
    267
    290
    229
    251
    233
    183
    223
    179
    175
    178
    173
    172
    127
    139
    127
    125
    139
    118
    99
    99
    118
    100
    114
    108
    101
    91
    87
    92
    80
    73
    58
    58
    56
    70
    67
    69
    51
    49
    58
    60
    54
    40
    49
    44
    48
    36
    43
    42
    43
    24
    29
    35
    35
    34
    37
    28
    31
    29
    28
    42
    27
    40
    39
    25
    34
    20
    23
    24
    18
    16
    16
    22
    19
    16
    16
    20
    17
    13
    16
    18
    17
    17
    18
    14
    12
    16
    10
    9
    18
    10
    9
    534
    536
    459
    416
    414
    353
    354
    304
    285
    288
    264
    254
    242
    209
    206
    193
    171
    185
    186
    171
    131
    172
    155
    131
    126
    116
    112
    108
    107
    113
    106
    103
    82
    87
    93
    83
    88
    80
    70
    76
    64
    61
    70
    64
    54
    66
    72
    60
    49
    48
    49
    47
    41
    45
    47
    41
    31
    28
    37
    37
    29
    49
    31
    43
    34
    30
    25
    23
    28
    28
    25
    29
    21
    21
    18
    22
    23
    21
    17
    18
    14
    18
    24
    11
    18
    17
    26
    19
    17
    16
    12
    15
    9
    14
    13
    11
    17
    13
    7
    17
    618
    499
    492
    478
    409
    348
    342
    310
    295
    282
    262
    262
    231
    216
    212
    202
    202
    148
    181
    176
    171
    146
    143
    134
    141
    119
    108
    109
    109
    109
    72
    98
    97
    99
    83
    87
    92
    79
    79
    77
    62
    65
    62
    51
    52
    65
    53
    42
    60
    54
    40
    39
    40
    48
    48
    35
    31
    47
    37
    41
    27
    33
    26
    34
    32
    24
    34
    26
    29
    29
    33
    27
    27
    27
    23
    19
    25
    21
    24
    16
    23
    22
    26
    28
    18
    17
    18
    14
    19
    19
    15
    13
    17
    14
    10
    12
    11
    15
    8
    13
    556
    489
    481
    414
    391
    363
    323
    303
    302
    304
    254
    249
    239
    212
    185
    202
    190
    172
    154
    151
    164
    173
    130
    146
    126
    107
    121
    117
    113
    97
    97
    96
    81
    71
    85
    70
    74
    79
    70
    77
    68
    69
    58
    72
    66
    65
    67
    43
    54
    51
    50
    51
    41
    45
    43
    46
    42
    48
    29
    35
    36
    43
    37
    33
    27
    31
    28
    27
    32
    27
    26
    27
    23
    16
    21
    37
    23
    19
    18
    22
    19
    17
    14
    18
    23
    20
    24
    28
    13
    16
    13
    19
    13
    23
    17
    15
    9
    13
    15
    10
    587
    573
    483
    429
    389
    346
    331
    314
    299
    294
    271
    243
    219
    205
    190
    207
    192
    194
    147
    172
    162
    147
    124
    136
    127
    124
    124
    113
    120
    96
    101
    102
    83
    90
    85
    73
    91
    78
    74
    71
    57
    70
    72
    59
    69
    53
    45
    52
    58
    49
    56
    57
    48
    44
    51
    40
    47
    43
    44
    36
    34
    31
    31
    32
    34
    26
    28
    25
    29
    27
    24
    28
    26
    21
    28
    19
    27
    24
    13
    28
    20
    19
    14
    30
    18
    23
    24
    15
    25
    16
    12
    17
    13
    12
    23
    5
    16
    7
    19
    15
    528
    531
    476
    392
    365
    338
    342
    329
    317
    276
    280
    247
    248
    206
    207
    195
    184
    173
    152
    157
    162
    147
    146
    138
    128
    148
    117
    114
    106
    112
    100
    90
    95
    95
    90
    69
    89
    68
    78
    83
    80
    62
    69
    58
    61
    64
    59
    40
    50
    60
    56
    44
    40
    35
    35
    38
    33
    37
    34
    46
    36
    31
    32
    33
    39
    27
    34
    30
    32
    27
    28
    26
    16
    32
    17
    25
    21
    29
    15
    23
    18
    14
    23
    15
    21
    15
    17
    18
    16
    10
    14
    12
    17
    15
    14
    19
    12
    11
    12
    13
    590
    500
    458
    403
    389
    334
    352
    273
    272
    287
    247
    266
    235
    204
    204
    211
    194
    182
    182
    156
    133
    153
    140
    153
    136
    122
    114
    111
    108
    124
    95
    111
    81
    94
    102
    83
    84
    85
    88
    79
    75
    70
    59
    68
    62
    60
    66
    40
    53
    54
    41
    52
    35
    35
    44
    38
    34
    38
    42
    44
    33
    28
    34
    36
    27
    25
    33
    26
    37
    29
    15
    27
    28
    31
    20
    20
    9
    37
    23
    29
    22
    26
    20
    19
    20
    13
    17
    16
    19
    11
    17
    17
    18
    13
    16
    12
    13
    10
    11
    11
    579
    520
    473
    408
    417
    391
    302
    296
    288
    273
    255
    242
    237
    230
    218
    211
    189
    178
    182
    164
    158
    143
    159
    133
    116
    121
    124
    105
    95
    107
    98
    95
    104
    80
    96
    85
    72
    89
    90
    61
    73
    59
    71
    65
    53
    58
    60
    54
    46
    52
    55
    51
    45
    52
    54
    40
    37
    42
    37
    40
    27
    32
    35
    31
    35
    31
    25
    28
    25
    29
    23
    28
    28
    26
    20
    18
    27
    27
    18
    22
    18
    27
    15
    19
    22
    20
    14
    10
    18
    16
    16
    14
    13
    15
    12
    18
    11
    20
    14
    15
    570
    539
    484
    414
    373
    366
    335
    296
    294
    286
    247
    252
    205
    225
    218
    199
    198
    183
    177
    171
    133
    133
    135
    128
    122
    128
    133
    110
    98
    127
    104
    98
    111
    93
    96
    80
    91
    101
    68
    67
    74
    75
    57
    58
    77
    60
    54
    57
    37
    52
    64
    44
    48
    33
    35
    42
    43
    40
    39
    29
    38
    25
    29
    33
    36
    19
    40
    34
    22
    28
    21
    27
    19
    28
    25
    21
    24
    21
    13
    30
    21
    18
    23
    14
    18
    16
    18
    22
    16
    16
    20
    22
    17
    19
    10
    16
    11
    22
    14
    12
    619
    555
    480
    433
    338
    371
    345
    290
    294
    273
    245
    266
    233
    195
    187
    204
    172
    170
    172
    172
    151
    156
    142
    130
    141
    120
    121
    120
    116
    93
    87
    76
    114
    94
    82
    87
    83
    67
    83
    61
    70
    64
    63
    64
    53
    54
    54
    50
    58
    63
    42
    47
    46
    51
    49
    47
    46
    32
    45
    32
    39
    32
    46
    30
    47
    33
    30
    28
    32
    31
    16
    31
    29
    28
    24
    31
    29
    23
    24
    16
    21
    16
    16
    24
    8
    24
    18
    23
    20
    17
    18
    20
    11
    15
    7
    14
    14
    13
    8
    17
    600
    545
    556
    427
    396
    355
    372
    322
    291
    295
    265
    253
    258
    216
    208
    200
    192
    180
    185
    135
    157
    174
    148
    132
    138
    119
    119
    123
    117
    109
    92
    109
    91
    100
    93
    83
    79
    78
    66
    73
    80
    63
    56
    65
    70
    59
    61
    41
    58
    67
    45
    45
    32
    41
    38
    43
    42
    45
    41
    28
    45
    42
    35
    30
    34
    18
    27
    31
    24
    28
    32
    25
    37
    25
    27
    17
    26
    21
    20
    24
    19
    11
    19
    18
    14
    21
    25
    16
    18
    20
    9
    10
    18
    7
    15
    12
    10
    12
    9
    15
    625
    507
    451
    436
    382
    374
    339
    334
    306
    291
    249
    244
    239
    223
    177
    182
    203
    192
    154
    164
    177
    152
    136
    157
    109
    123
    130
    122
    109
    110
    100
    99
    85
    86
    83
    88
    85
    73
    82
    73
    56
    60
    74
    57
    68
    59
    67
    55
    52
    52
    46
    51
    33
    44
    44
    54
    29
    30
    32
    43
    44
    30
    27
    28
    32
    36
    16
    28
    29
    27
    29
    20
    22
    17
    20
    29
    22
    25
    32
    22
    25
    14
    21
    15
    17
    12
    8
    20
    14
    17
    16
    14
    13
    12
    14
    15
    12
    17
    14
    10
    598
    523
    466
    404
    394
    375
    322
    313
    278
    261
    255
    261
    221
    226
    196
    180
    222
    175
    178
    165
    146
    153
    139
    152
    153
    119
    127
    113
    113
    100
    103
    94
    87
    99
    83
    86
    67
    76
    85
    74
    79
    53
    74
    86
    47
    55
    58
    57
    48
    50
    49
    53
    40
    55
    37
    43
    37
    52
    34
    46
    51
    24
    38
    21
    37
    22
    27
    28
    34
    32
    26
    18
    26
    22
    24
    17
    21
    21
    25
    25
    14
    21
    18
    21
    15
    18
    18
    19
    19
    15
    21
    20
    6
    25
    11
    19
    15
    14
    12
    16
    570
    549
    467
    400
    397
    356
    321
    279
    333
    254
    247
    224
    202
    226
    192
    226
    204
    174
    201
    149
    160
    128
    126
    145
    122
    121
    125
    117
    120
    110
    128
    84
    91
    101
    88
    87
    73
    78
    80
    73
    67
    67
    63
    53
    47
    58
    51
    54
    56
    48
    53
    39
    51
    47
    37
    27
    45
    42
    31
    49
    37
    37
    18
    29
    28
    32
    32
    40
    34
    25
    17
    26
    17
    25
    27
    27
    18
    20
    25
    18
    21
    14
    16
    16
    16
    12
    9
    24
    14
    15
    13
    21
    13
    12
    11
    16
    17
    13
    14
    12
    561
    545
    488
    404
    380
    332
    332
    310
    295
    279
    234
    216
    229
    219
    205
    221
    217
    200
    162
    180
    161
    139
    135
    147
    143
    118
    129
    114
    124
    115
    91
    100
    91
    114
    115
    85
    79
    81
    72
    79
    73
    68
    66
    68
    46
    53
    65
    54
    46
    54
    49
    45
    62
    41
    52
    42
    44
    34
    35
    40
    31
    33
    40
    29
    34
    40
    18
    40
    30
    39
    20
    27
    22
    24
    18
    23
    26
    18
    26
    24
    15
    18
    16
    20
    16
    21
    18
    13
    17
    20
    23
    16
    16
    13
    11
    12
    12
    12
    17
    11
    577
    551
    479
    402
    378
    384
    338
    298
    292
    314
    247
    255
    260
    214
    185
    187
    174
    182
    177
    171
    167
    143
    143
    153
    119
    120
    141
    133
    115
    107
    84
    104
    78
    86
    100
    81
    86
    98
    67
    76
    68
    62
    59
    62
    45
    54
    51
    56
    46
    41
    54
    55
    48
    42
    41
    48
    52
    37
    38
    32
    38
    33
    39
    43
    42
    36
    36
    31
    21
    35
    28
    27
    26
    25
    19
    27
    24
    25
    22
    28
    29
    22
    30
    31
    25
    20
    31
    18
    19
    21
    15
    14
    11
    19
    18
    14
    12
    9
    12
    14
    561
    487
    473
    425
    402
    358
    348
    315
    309
    288
    261
    241
    201
    242
    204
    175
    197
    185
    190
    167
    129
    159
    149
    118
    139
    154
    98
    132
    120
    109
    115
    109
    90
    88
    87
    91
    85
    77
    77
    58
    72
    59
    77
    56
    45
    65
    61
    65
    52
    46
    55
    53
    46
    54
    37
    35
    35
    35
    42
    38
    30
    43
    27
    35
    34
    30
    38
    25
    21
    31
    27
    27
    24
    27
    21
    16
    27
    25
    32
    25
    27
    22
    21
    15
    12
    21
    17
    19
    15
    18
    15
    19
    16
    19
    13
    11
    20
    20
    14
    7
    626
    518
    492
    423
    351
    367
    338
    312
    275
    293
    249
    241
    232
    208
    179
    180
    175
    160
    188
    187
    170
    142
    156
    146
    137
    120
    107
    128
    91
    107
    95
    94
    96
    79
    95
    82
    85
    79
    81
    89
    69
    75
    67
    54
    63
    67
    54
    55
    49
    54
    38
    43
    53
    40
    37
    50
    54
    49
    38
    26
    37
    29
    34
    34
    27
    36
    29
    31
    30
    27
    23
    27
    21
    24
    23
    25
    32
    15
    27
    31
    15
    24
    12
    11
    23
    24
    16
    25
    14
    15
    21
    19
    14
    13
    11
    10
    23
    19
    12
    14
    611
    530
    498
    444
    380
    373
    342
    311
    302
    268
    267
    267
    253
    253
    216
    187
    175
    185
    149
    141
    148
    134
    153
    121
    134
    119
    146
    116
    142
    89
    98
    115
    89
    111
    91
    62
    66
    88
    87
    69
    80
    74
    69
    58
    52
    48
    60
    66
    50
    60
    36
    48
    48
    56
    38
    55
    31
    31
    32
    28
    39
    30
    29
    37
    30
    31
    37
    24
    19
    36
    25
    30
    28
    24
    19
    28
    14
    20
    28
    26
    21
    19
    23
    16
    22
    18
    26
    23
    8
    11
    20
    19
    10
    15
    16
    16
    14
    14
    23
    15
    566
    517
    471
    410
    405
    339
    309
    301
    300
    274
    269
    276
    233
    206
    199
    203
    170
    176
    165
    167
    162
    147
    158
    145
    118
    124
    138
    114
    133
    111
    107
    115
    98
    96
    81
    98
    80
    77
    66
    89
    62
    59
    67
    54
    48
    48
    54
    54
    54
    33
    55
    48
    55
    47
    43
    50
    40
    44
    48
    34
    31
    37
    53
    35
    28
    33
    36
    31
    33
    23
    24
    29
    35
    37
    19
    29
    24
    12
    20
    15
    21
    21
    20
    24
    25
    15
    17
    18
    19
    15
    19
    8
    14
    15
    15
    13
    17
    10
    11
    12
    590
    490
    444
    476
    425
    331
    330
    304
    260
    269
    247
    272
    245
    226
    213
    211
    187
    177
    163
    160
    175
    170
    173
    158
    143
    133
    109
    110
    125
    102
    106
    110
    106
    91
    88
    99
    96
    66
    70
    77
    79
    58
    59
    71
    67
    50
    50
    51
    44
    62
    52
    58
    60
    43
    45
    39
    41
    40
    39
    37
    36
    36
    37
    35
    30
    28
    35
    25
    30
    20
    29
    24
    22
    21
    14
    20
    20
    24
    23
    18
    25
    15
    13
    22
    25
    17
    19
    22
    16
    22
    20
    13
    12
    13
    11
    8
    14
    14
    13
    17
    577
    591
    481
    440
    358
    349
    327
    327
    280
    286
    266
    237
    221
    211
    204
    225
    210
    199
    190
    140
    155
    130
    144
    154
    130
    126
    131
    116
    99
    110
    120
    108
    100
    90
    80
    76
    94
    76
    65
    73
    71
    75
    63
    53
    47
    74
    52
    57
    66
    43
    47
    50
    47
    56
    43
    44
    42
    41
    36
    33
    38
    35
    35
    35
    27
    33
    27
    33
    27
    26
    26
    27
    27
    29
    24
    22
    28
    25
    15
    23
    18
    20
    21
    21
    15
    21
    15
    14
    25
    8
    11
    13
    14
    21
    15
    9
    11
    14
    13
    19
    589
    527
    461
    422
    407
    389
    336
    289
    275
    283
    269
    240
    260
    233
    222
    209
    173
    151
    187
    168
    146
    140
    153
    132
    135
    143
    123
    104
    108
    108
    98
    97
    93
    83
    85
    84
    76
    80
    70
    80
    90
    80
    67
    66
    62
    80
    56
    56
    48
    47
    40
    43
    46
    38
    50
    41
    48
    33
    37
    27
    29
    37
    34
    45
    33
    16
    27
    32
    24
    22
    31
    29
    25
    26
    19
    23
    18
    27
    23
    22
    24
    15
    22
    14
    17
    15
    19
    12
    18
    14
    15
    18
    10
    13
    12
    14
    18
    11
    10
    14
    579
    564
    456
    417
    365
    347
    333
    307
    304
    266
    260
    231
    230
    231
    190
    186
    180
    160
    172
    165
    155
    140
    145
    130
    123
    118
    114
    116
    128
    91
    112
    97
    93
    89
    99
    97
    65
    66
    69
    67
    88
    66
    68
    62
    61
    69
    59
    63
    75
    57
    50
    45
    41
    46
    46
    46
    43
    45
    37
    28
    30
    27
    32
    39
    36
    38
    31
    22
    24
    25
    21
    28
    21
    20
    25
    24
    16
    29
    24
    24
    29
    24
    23
    21
    22
    23
    18
    18
    18
    16
    14
    21
    14
    10
    10
    12
    13
    14
    12
    14
    567
    533
    473
    428
    390
    377
    348
    315
    273
    293
    272
    228
    212
    175
    215
    203
    175
    182
    180
    164
    157
    153
    149
    143
    124
    122
    124
    96
    116
    116
    93
    94
    85
    105
    91
    92
    94
    69
    75
    81
    73
    71
    57
    71
    54
    57
    62
    53
    56
    57
    48
    44
    56
    39
    50
    40
    40
    43
    38
    39
    31
    26
    39
    33
    34
    39
    31
    35
    22
    22
    24
    34
    26
    24
    24
    18
    26
    30
    18
    21
    28
    23
    12
    23
    20
    13
    13
    21
    15
    17
    18
    23
    16
    20
    15
    18
    11
    10
    9
    17
    574
    523
    487
    445
    426
    408
    310
    309
    312
    271
    276
    238
    254
    191
    222
    176
    193
    188
    178
    165
    158
    136
    130
    159
    133
    129
    134
    130
    108
    115
    103
    84
    102
    87
    106
    85
    70
    60
    58
    65
    73
    67
    68
    47
    66
    69
    57
    55
    50
    38
    42
    55
    40
    32
    47
    43
    52
    38
    42
    31
    34
    39
    37
    38
    37
    36
    28
    34
    29
    31
    23
    25
    27
    35
    22
    21
    29
    14
    21
    28
    21
    16
    12
    17
    16
    21
    18
    14
    13
    11
    22
    16
    9
    13
    15
    18
    12
    17
    18
    11
    569
    541
    459
    436
    393
    333
    315
    326
    318
    291
    261
    237
    250
    240
    198
    208
    212
    178
    201
    186
    181
    167
    127
    139
    148
    146
    135
    113
    111
    112
    102
    106
    88
    100
    98
    73
    79
    79
    94
    72
    63
    65
    78
    61
    57
    54
    60
    71
    53
    36
    41
    48
    57
    46
    46
    33
    49
    39
    32
    35
    35
    40
    27
    33
    32
    28
    36
    33
    32
    27
    30
    26
    23
    27
    15
    23
    20
    18
    24
    22
    21
    22
    22
    20
    21
    13
    14
    14
    15
    17
    16
    10
    19
    19
    14
    17
    9
    11
    9
    11
    599
    512
    479
    384
    408
    384
    345
    325
    300
    298
    282
    254
    244
    213
    191
    213
    243
    192
    182
    180
    148
    150
    121
    136
    140
    132
    133
    137
    119
    99
    121
    99
    88
    86
    99
    66
    69
    84
    73
    82
    73
    69
    70
    62
    62
    52
    56
    63
    52
    59
    47
    54
    45
    39
    43
    40
    60
    28
    39
    45
    42
    33
    27
    23
    37
    24
    28
    41
    33
    21
    33
    29
    20
    21
    29
    23
    22
    34
    18
    20
    22
    18
    27
    31
    14
    15
    24
    15
    17
    14
    19
    17
    19
    16
    7
    10
    15
    11
    14
    15
    575
    529
    464
    394
    354
    338
    360
    304
    255
    286
    283
    251
    225
    200
    201
    205
    188
    179
    173
    159
    148
    173
    137
    155
    138
    124
    122
    103
    113
    100
    93
    91
    106
    83
    73
    85
    91
    82
    83
    78
    89
    68
    63
    61
    64
    58
    57
    59
    53
    48
    63
    47
    37
    52
    40
    43
    44
    39
    32
    35
    46
    37
    34
    27
    30
    33
    34
    22
    31
    28
    27
    31
    26
    28
    24
    18
    26
    15
    25
    24
    20
    24
    20
    13
    15
    17
    24
    14
    27
    24
    21
    17
    18
    13
    20
    17
    13
    14
    19
    9
    640
    508
    468
    431
    381
    380
    311
    306
    304
    265
    239
    246
    231
    231
    211
    231
    182
    182
    157
    179
    161
    143
    113
    152
    140
    111
    116
    136
    121
    114
    107
    91
    91
    105
    108
    78
    86
    74
    86
    81
    67
    74
    63
    57
    54
    64
    49
    58
    44
    48
    48
    46
    45
    51
    42
    41
    42
    38
    36
    34
    36
    25
    25
    28
    27
    24
    22
    37
    27
    23
    20
    37
    25
    21
    25
    27
    18
    27
    21
    34
    20
    18
    20
    18
    18
    17
    25
    26
    21
    9
    18
    18
    18
    21
    19
    14
    10
    9
    18
    12
    607
    500
    455
    428
    360
    397
    354
    320
    273
    294
    257
    255
    235
    212
    223
    215
    202
    186
    177
    191
    147
    147
    152
    127
    131
    107
    131
    119
    112
    110
    74
    79
    84
    96
    96
    81
    98
    72
    71
    77
    54
    64
    69
    56
    60
    62
    53
    48
    53
    47
    64
    43
    51
    30
    39
    51
    36
    58
    45
    37
    35
    32
    36
    25
    33
    31
    36
    39
    29
    29
    34
    42
    26
    33
    23
    21
    37
    19
    20
    16
    25
    19
    16
    28
    17
    15
    17
    19
    18
    9
    22
    14
    16
    8
    12
    12
    6
    14
    19
    16
    563
    538
    444
    410
    361
    330
    351
    313
    291
    276
    258
    243
    248
    213
    223
    195
    183
    186
    192
    165
    166
    159
    154
    166
    115
    116
    114
    105
    109
    86
    112
    114
    96
    96
    90
    103
    93
    82
    86
    63
    54
    62
    54
    60
    74
    60
    55
    47
    54
    48
    53
    54
    42
    43
    46
    45
    42
    42
    48
    37
    35
    33
    32
    31
    30
    26
    24
    28
    30
    21
    26
    22
    23
    22
    26
    19
    22
    25
    15
    22
    26
    24
    23
    22
    13
    16
    20
    22
    15
    20
    16
    16
    15
    14
    10
    16
    10
    22
    10
    11
    614
    523
    469
    457
    397
    323
    341
    328
    275
    262
    246
    236
    216
    193
    217
    221
    187
    170
    165
    190
    145
    145
    126
    145
    126
    148
    132
    84
    116
    109
    102
    85
    110
    85
    81
    94
    88
    76
    73
    75
    81
    58
    63
    65
    65
    74
    69
    65
    49
    56
    55
    49
    39
    36
    40
    39
    37
    50
    53
    27
    37
    36
    39
    25
    24
    21
    29
    29
    33
    31
    28
    24
    26
    20
    24
    30
    19
    24
    21
    22
    18
    18
    19
    18
    19
    16
    15
    14
    14
    12
    15
    12
    13
    11
    19
    22
    10
    10
    11
    11

Data:
    0
    0
    0
    0
    0
    0
    0
    0
    0
    0
    0
    0
    0
    0
    0
    0
    0
    0
    0
    0
    0
    0
    0
    0
    0
    0
    0
    0
    0
    0
    0
    0
    0
    0
    0
    0
    0
    0
    0
    0
    0
    0
    0
    0
    0
    0
    0
    0
    0
    0
    0
    0
    0
    0
    0
    0
    0
    0
    0
    0
    0
    0
    0
    0
    0
    0
    0
    0
    0
    0
    0
    0
    0
    0
    0
    0
    0
    0
    0
    0
    0
    0
    0
    0
    0
    0
    0
    0
    0
    0
    0
    0
    0
    0
    0
    0
    0
    0
    0
    0
    0
    0
    0
    0
    0
    0
    0
    0
    0
    0
    0
    0
    0
    0
    0
    0
    0
    0
    0
    0
    0
    0
    0
    0
    0
    0
    0
    0
    0
    0
    0
    0
    0
    0
    0
    0
    0
    0
    0
    0
    0
    0
    0
    0
    0
    0
    0
    0
    0
    0
    0
    0
    0
    0
    0
    0
    0
    0
    0
    0
    0
    0
    0
    0
    0
    0
    0
    0
    0
    0
    0
    0
    0
    0
    0
    0
    0
    0
    0
    0
    0
    0
    0
    0
    0
    0
    0
    0
    0
    0
    0
    0
    0
    0
    0
    0
    0
    0
    0
    0
    0
    0
    0
    0
    0
    0
    0
    0
    0
    0
    0
    0
    0
    0
    0
    0
    0
    0
    0
    0
    0
    0
    0
    0
    0
    0
    0
    0
    0
    0
    0
    0
    0
    0
    0
    0
    0
    0
    0
    0
    0
    0
    0
    0
    0
    0
    0
    0
    0
    0
    0
    0
    0
    0
    0
    0
    0
    0
    0
    0
    0
    0
    0
    0
    0
    0
    0
    0
    0
    0
    0
    0
    0
    0
    0
    0
    0
    0
    0
    0
    0
    0
    0
    0
    0
    0
    0
    0
    0
    0
    0
    0
    0
    0
    0
    0
    0
    0
    0
    0
    0
    0
    0
    0
    0
    0
    0
    0
    0
    0
    0
    0
    0
    0
    0
    0
    0
    0
    0
    0
    0
    0
    0
    0
    0
    0
    0
    0
    0
    0
    0
    0
    0
    0
    0
    0
    0
    0
    0
    0
    0
    0
    0
    0
    0
    0
    0
    0
    0
    0
    0
    0
    0
    0
    0
    0
    0
    0
    0
    0
    0
    0
    0
    0
    0
    0
    0
    0
    0
    0
    0
    0
    0
    0
    0
    0
    0
    0
    0
    0
    0
    0
    0
    0
    0
    0
    0
    0
    0
    0
    0
    0
    0
    0
    0
    0
    0
    0
    0
    0
    0
    0
    0
    0
    0
    0
    0
    0
    0
    0
    0
    0
    0
    0
    0
    0
    0
    0
    0
    0
    0
    0
    0
    0
    0
    0
    0
    0
    0
    0
    0
    0
    0
    0
    0
    0
    0
    0
    0
    0
    0
    0
    0
    0
    0
    0
    0
    0
    0
    0
    0
    0
    0
    0
    0
    0
    0
    0
    0
    0
    0
    0
    0
    0
    0
    0
    0
    0
    0
    0
    0
    0
    0
    0
    0
    0
    0
    0
    0
    0
    0
    0
    0
    0
    0
    0
    0
    0
    0
    0
    0
    0
    0
    0
    0
    0
    0
    0
    0
    0
    0
    0
    0
    0
    0
    0
    0
    0
    0
    0
    0
    0
    0
    0
    0
    0
    0
    0
    0
    0
    0
    0
    0
    0
    0
    0
    0
    0
    0
    0
    0
    0
    0
    0
    0
    0
    0
    0
    0
    0
    0
    0
    0
    0
    0
    0
    0
    0
    0
    0
    0
    0
    0
    0
    0
    0
    0
    0
    0
    0
    0
    0
    0
    0
    0
    0
    0
    0
    0
    0
    0
    0
    0
    0
    0
    0
    0
    0
    0
    0
    0
    0
    0
    0
    0
    0
    0
    0
    0
    0
    0
    0
    0
    0
    0
    0
    0
    0
    0
    0
    0
    0
    0
    0
    0
    0
    0
    0
    0
    0
    0
    0
    0
    0
    0
    0
    0
    0
    0
    0
    0
    0
    0
    0
    0
    0
    0
    0
    0
    0
    0
    0
    0
    0
    0
    0
    0
    0
    0
    0
    0
    0
    0
    0
    0
    0
    0
    0
    0
    0
    0
    0
    0
    0
    0
    0
    0
    0
    0
    0
    0
    0
    0
    0
    0
    0
    0
    0
    0
    0
    0
    0
    0
    0
    0
    0
    0
    0
    0
    0
    0
    0
    0
    0
    0
    0
    0
    0
    0
    0
    0
    0
    0
    0
    0
    0
    0
    0
    0
    0
    0
    0
    0
    0
    0
    0
    0
    0
    0
    0
    0
    0
    0
    0
    0
    0
    0
    0
    0
    0
    0
    0
    0
    0
    0
    0
    0
    0
    0
    0
    0
    0
    0
    0
    0
    0
    0
    0
    0
    0
    0
    0
    0
    0
    0
    0
    0
    0
    0
    0
    0
    0
    0
    0
    0
    0
    0
    0
    0
    0
    0
    0
    0
    0
    0
    0
    0
    0
    0
    0
    0
    0
    0
    0
    0
    0
    0
    0
    0
    0
    0
    0
    0
    0
    0
    0
    0
    0
    0
    0
    0
    0
    0
    0
    0
    0
    0
    0
    0
    0
    0
    0
    0
    0
    0
    0
    0
    0
    0
    0
    0
    0
    0
    0
    0
    0
    0
    0
    0
    0
    0
    0
    0
    0
    0
    0
    0
    0
    0
    0
    0
    0
    0
    0
    0
    0
    0
    0
    0
    0
    0
    0
    0
    0
    0
    0
    0
    0
    0
    0
    0
    0
    0
    0
    0
    0
    0
    0
    0
    0
    0
    0
    0
    0
    0
    0
    0
    0
    0
    0
    0
    0
    0
    0
    0
    0
    0
    0
    0
    0
    0
    0
    0
    0
    0
    0
    0
    0
    0
    0
    0
    0
    0
    0
    0
    0
    0
    0
    0
    0
    0
    0
    0
    0
    0
    0
    0
    0
    0
    0
    0
    0
    0
    0
    0
    0
    0
    0
    0
    0
    0
    0
    0
    0
    0
    0
    0
    0
    0
    0
    0
    0
    0
    0
    0
    0
    0
    0
    0
    0
    0
    0
    0
    0
    0
    0
    0
    0
    0
    0
    0
    0
    0
    0
    0
    0
    0
    0
    0
    0
    0
    0
    0
    0
    0
    0
    0
    0
    0
    0
    0
    0
    0
    0
    0
    0
    0
    0
    0
    0
    0
    0
    0
    0
    0
    0
    0
    0
    0
    0
    0
    0
    0
    0
    0
    0
    0
    0
    0
    0
    0
    0
    0
    0
    0
    0
    0
    0
    0
    0
    0
    0
    0
    0
    0
    0
    0
    0
    0
    0
    0
    0
    0
    0
    0
    0
    0
    0
    0
    0
    0
    0
    0
    0
    0
    0
    0
    0
    0
    0
    0
    0
    0
    0
    0
    0
    0
    0
    0
    0
    0
    0
    0
    0
    0
    0
    0
    0
    0
    0
    0
    0
    0
    0
    0
    0
    0
    0
    0
    0
    0
    0
    0
    0
    0
    0
    0
    0
    0
    0
    0
    0
    0
    0
    0
    0
    0
    0
    0
    0
    0
    0
    0
    0
    0
    0
    0
    0
    0
    0
    0
    0
    0
    0
    0
    0
    0
    0
    0
    0
    0
    0
    0
    0
    0
    0
    0
    0
    0
    0
    0
    0
    0
    0
    0
    0
    0
    0
    0
    0
    0
    0
    0
    0
    0
    0
    0
    0
    0
    0
    0
    0
    0
    0
    0
    0
    0
    0
    0
    0
    0
    0
    0
    0
    0
    0
    0
    0
    0
    0
    0
    0
    0
    0
    0
    0
    0
    0
    0
    0
    0
    0
    0
    0
    0
    0
    0
    0
    0
    0
    0
    0
    0
    0
    0
    0
    0
    0
    0
    0
    0
    0
    0
    0
    0
    0
    0
    0
    0
    0
    0
    0
    0
    0
    0
    0
    0
    0
    0
    0
    0
    0
    0
    0
    0
    0
    0
    0
    0
    0
    0
    0
    0
    0
    0
    0
    0
    0
    0
    0
    0
    0
    0
    0
    0
    0
    0
    0
    0
    0
    0
    0
    0
    0
    0
    0
    0
    0
    0
    0
    0
    0
    0
    0
    0
    0
    0
    0
    0
    0
    0
    0
    0
    0
    0
    0
    0
    0
    0
    0
    0
    0
    0
    0
    0
    0
    0
    0
    0
    0
    0
    0
    0
    0
    0
    0
    0
    0
    0
    0
    0
    0
    0
    0
    0
    0
    0
    0
    0
    0
    0
    0
    0
    0
    0
    0
    0
    0
    0
    0
    0
    0
    0
    0
    0
    0
    0
    0
    0
    0
    0
    0
    0
    0
    0
    0
    0
    0
    0
    0
    0
    0
    0
    0
    0
    0
    0
    0
    0
    0
    0
    0
    0
    0
    0
    0
    0
    0
    0
    0
    0
    0
    0
    0
    0
    0
    0
    0
    0
    0
    0
    0
    0
    0
    0
    0
    0
    0
    0
    0
    0
    0
    0
    0
    0
    0
    0
    0
    0
    0
    0
    0
    0
    0
    0
    0
    0
    0
    0
    0
    0
    0
    0
    0
    0
    0
    0
    0
    0
    0
    0
    0
    0
    0
    0
    0
    0
    0
    0
    0
    0
    0
    0
    0
    0
    0
    0
    0
    0
    0
    0
    0
    0
    0
    0
    0
    0
    0
    0
    0
    0
    0
    0
    0
    0
    0
    0
    0
    0
    0
    0
    0
    0
    0
    0
    0
    0
    0
    0
    0
    0
    0
    0
    0
    0
    0
    0
    0
    0
    0
    0
    0
    0
    0
    0
    0
    0
    0
    0
    0
    0
    0
    0
    0
    0
    0
    0
    0
    0
    0
    0
    0
    0
    0
    0
    0
    0
    0
    0
    0
    0
    0
    0
    0
    0
    0
    0
    0
    0
    0
    0
    0
    0
    0
    0
    0
    0
    0
    0
    0
    0
    0
    0
    0
    0
    0
    0
    0
    0
    0
    0
    0
    0
    0
    0
    0
    0
    0
    0
    0
    0
    0
    0
    0
    0
    0
    0
    0
    0
    0
    0
    0
    0
    0
    0
    0
    0
    0
    0
    0
    0
    0
    0
    0
    0
    0
    0
    0
    0
    0
    0
    0
    0
    0
    0
    0
    0
    0
    0
    0
    0
    0
    0
    0
    0
    0
    0
    0
    0
    0
    0
    0
    0
    0
    0
    0
    0
    0
    0
    0
    0
    0
    0
    0
    0
    0
    0
    0
    0
    0
    0
    0
    0
    0
    0
    0
    0
    0
    0
    0
    0
    0
    0
    0
    0
    0
    0
    0
    0
    0
    0
    0
    0
    0
    0
    0
    0
    0
    0
    0
    0
    0
    0
    0
    0
    0
    0
    0
    0
    0
    0
    0
    0
    0
    0
    0
    0
    0
    0
    0
    0
    0
    0
    0
    0
    0
    0
    0
    0
    0
    0
    0
    0
    0
    0
    0
    0
    0
    0
    0
    0
    0
    0
    0
    0
    0
    0
    0
    0
    0
    0
    0
    0
    0
    0
    0
    0
    0
    0
    0
    0
    0
    0
    0
    0
    0
    0
    0
    0
    0
    0
    0
    0
    0
    0
    0
    0
    0
    0
    0
    0
    0
    0
    0
    0
    0
    0
    0
    0
    0
    0
    0
    0
    0
    0
    0
    0
    0
    0
    0
    0
    0
    0
    0
    0
    0
    0
    0
    0
    0
    0
    0
    0
    0
    0
    0
    0
    0
    0
    0
    0
    0
    0
    0
    0
    0
    0
    0
    0
    0
    0
    0
    0
    0
    0
    0
    0
    0
    0
    0
    0
    0
    0
    0
    0
    0
    0
    0
    0
    0
    0
    0
    0
    0
    0
    0
    0
    0
    0
    0
    0
    0
    0
    0
    0
    0
    0
    0
    0
    0
    0
    0
    0
    0
    0
    0
    0
    0
    0
    0
    0
    0
    0
    0
    0
    0
    0
    0
    0
    0
    0
    0
    0
    0
    0
    0
    0
    0
    0
    0
    0
    0
    0
    0
    0
    0
    0
    0
    0
    0
    0
    0
    0
    0
    0
    0
    0
    0
    0
    0
    0
    0
    0
    0
    0
    0
    0
    0
    0
    0
    0
    0
    0
    0
    0
    0
    0
    0
    0
    0
    0
    0
    0
    0
    0
    0
    0
    0
    0
    0
    0
    0
    0
    0
    0
    0
    0
    0
    0
    0
    0
    0
    0
    0
    0
    0
    0
    0
    0
    0
    0
    0
    0
    0
    0
    0
    0
    0
    0
    0
    0
    0
    0
    0
    0
    0
    0
    0
    0
    0
    0
    0
    0
    0
    0
    0
    0
    0
    0
    0
    0
    0
    0
    0
    0
    0
    0
    0
    0
    0
    0
    0
    0
    0
    0
    0
    0
    0
    0
    0
    0
    0
    0
    0
    0
    0
    0
    0
    0
    0
    0
    0
    0
    0
    0
    0
    0
    0
    0
    0
    0
    0
    0
    0
    0
    0
    0
    0
    0
    0
    0
    0
    0
    0
    0
    0
    0
    0
    0
    0
    0
    0
    0
    0
    0
    0
    0
    0
    0
    0
    0
    0
    0
    0
    0
    0
    0
    0
    0
    0
    0
    0
    0
    0
    0
    0
    0
    0
    0
    0
    0
    0
    0
    0
    0
    0
    0
    0
    0
    0
    0
    0
    0
    0
    0
    0
    0
    0
    0
    0
    0
    0
    0
    0
    0
    0
    0
    0
    0
    0
    0
    0
    0
    0
    0
    0
    0
    0
    0
    0
    0
    0
    0
    0
    0
    0
    0
    0
    0
    0
    0
    0
    0
    0
    0
    0
    0
    0
    0
    0
    0
    0
    0
    0
    0
    0
    0
    0
    0
    0
    0
    0
    0
    0
    0
    0
    0
    0
    0
    0
    0
    0
    0
    0
    0
    0
    0
    0
    0
    0
    0
    0
    0
    0
    0
    0
    0
    0
    0
    0
    0
    0
    0
    0
    0
    0
    0
    0
    0
    0
    0
    0
    0
    0
    0
    0
    0
    0
    0
    0
    0
    0
    0
    0
    0
    0
    0
    0
    0
    0
    0
    0
    0
    0
    0
    0
    0
    0
    0
    0
    0
    0
    0
    0
    0
    0
    0
    0
    0
    0
    0
    0
    0
    0
    0
    0
    0
    0
    0
    0
    0
    0
    0
    0
    0
    0
    0
    0
    0
    0
    0
    0
    0
    0
    0
    0
    0
    0
    0
    0
    0
    0
    0
    0
    0
    0
    0
    0
    0
    0
    0
    0
    0
    0
    0
    0
    0
    0
    0
    0
    0
    0
    0
    0
    0
    0
    0
    0
    0
    0
    0
    0
    0
    0
    0
    0
    0
    0
    0
    0
    0
    0
    0
    0
    0
    0
    0
    0
    0
    0
    0
    0
    0
    0
    0
    0
    0
    0
    0
    0
    0
    0
    0
    0
    0
    0
    0
    0
    0
    0
    0
    0
    0
    0
    0
    0
    0
    0
    0
    0
    0
    0
    0
    0
    0
    0
    0
    0
    0
    0
    0
    0
    0
    0
    0
    0
    0
    0
    0
    0
    0
    0
    0
    0
    0
    0
    0
    0
    0
    0
    0
    0
    0
    0
    0
    0
    0
    0
    0
    0
    0
    0
    0
    0
    0
    0
    0
    0
    0
    0
    0
    0
    0
    0
    0
    0
    0
    0
    0
    0
    0
    0
    0
    0
    0
    0
    0
    0
    0
    0
    0
    0
    0
    0
    0
    0
    0
    0
    0
    0
    0
    0
    0
    0
    0
    0
    0
    0
    0
    0
    0
    0
    0
    0
    0
    0
    0
    0
    0
    0
    0
    0
    0
    0
    0
    0
    0
    0
    0
    0
    0
    0
    0
    0
    0
    0
    0
    0
    0
    0
    0
    0
    0
    0
    0
    0
    0
    0
    0
    0
    0
    0
    0
    0
    0
    0
    0
    0
    0
    0
    0
    0
    0
    0
    0
    0
    0
    0
    0
    0
    0
    0
    0
    0
    0
    0
    0
    0
    0
    0
    0
    0
    0
    0
    0
    0
    0
    0
    0
    0
    0
    0
    0
    0
    0
    0
    0
    0
    0
    0
    0
    0
    0
    0
    0
    0
    0
    0
    0
    0
    0
    0
    0
    0
    0
    0
    0
    0
    0
    0
    0
    0
    0
    0
    0
    0
    0
    0
    0
    0
    0
    0
    0
    0
    0
    0
    0
    0
    0
    0
    0
    0
    0
    0
    0
    0
    0
    0
    0
    0
    0
    0
    0
    0
    0
    0
    0
    0
    0
    0
    0
    0
    0
    0
    0
    0
    0
    0
    0
    0
    0
    0
    0
    0
    0
    0
    0
    0
    0
    0
    0
    0
    0
    0
    0
    0
    0
    0
    0
    0
    0
    0
    0
    0
    0
    0
    0
    0
    0
    0
    0
    0
    0
    0
    0
    0
    0
    0
    0
    0
    0
    0
    0
    0
    0
    0
    0
    0
    0
    0
    0
    0
    0
    0
    0
    0
    0
    0
    0
    0
    0
    0
    0
    0
    0
    0
    0
    0
    0
    0
    0
    0
    0
    0
    0
    0
    0
    0
    0
    0
    0
    0
    0
    0
    0
    0
    0
    0
    0
    0
    0
    0
    0
    0
    0
    0
    0
    0
    0
    0
    0
    0
    0
    0
    0
    0
    0
    0
    0
    0
    0
    0
    0
    0
    0
    0
    0
    0
    0
    0
    0
    0
    0
    0
    0
    0
    0
    0
    0
    0
    0
    0
    0
    0
    0
    0
    0
    0
    0
    0
    0
    0
    0
    0
    0
    0
    0
    0
    0
    0
    0
    0
    0
    0
    0
    0
    0
    0
    0
    0
    0
    0
    0
    0
    0
    0
    0
    0
    0
    0
    0
    0
    0
    0
    0
    0
    0
    0
    0
    0
    0
    0
    0
    0
    0
    0
    0
    0
    0
    0
    0
    0
    0
    0
    0
    0
    0
    0
    0
    0
    0
    0
    0
    0
    0
    0
    0
    0
    0
    0
    0
    0
    0
    0
    0
    0
    0
    0
    0
    0
    0
    0
    0
    0
    0
    0
    0
    0
    0
    0
    0
    0
    0
    0
    0
    0
    0
    0
    0
    0
    0
    0
    0
    0
    0
    0
    0
    0
    0
    0
    0
    0
    0
    0
    0
    0
    0
    0
    0
    0
    0
    0
    0
    0
    0
    0
    0
    0
    0
    0
    0
    0
    0
    0
    0
    0
    0
    0
    0
    0
    0
    0
    0
    0
    0
    0
    0
    0
    0
    0
    0
    0
    0
    0
    0
    0
    0
    0
    0
    0
    0
    0
    0
    0
    0
    0
    0
    0
    0
    0
    0
    0
    0
    0
    0
    0
    0
    0
    0
    0
    0
    0
    0
    0
    0
    0
    0
    0
    0
    0
    0
    0
    0
    0
    0
    0
    0
    0
    0
    0
    0
    0
    0
    0
    0
    0
    0
    0
    0
    0
    0
    0
    0
    0
    0
    0
    0
    0
    0
    0
    0
    0
    0
    0
    0
    0
    0
    0
    0
    0
    0
    0
    0
    0
    0
    0
    0
    0
    0
    0
    0
    0
    0
    0
    0
    0
    0
    0
    0
    0
    0
    0
    0
    0
    0
    0
    0
    0
    0
    0
    0
    0
    0
    0
    0
    0
    0
    0
    0
    0
    0
    0
    0
    0
    0
    0
    0
    0
    0
    0
    0
    0
    0
    0
    0
    0
    0
    0
    0
    0
    0
    0
    0
    0
    0
    0
    0
    0
    0
    0
    0
    0
    0
    0
    0
    0
    0
    0
    0
    0
    0
    0
    0
    0
    0
    0
    0
    0
    0
    0
    0
    0
    0
    0
    0
    0
    0
    0
    0
    0
    0
    0
    0
    0
    0
    0
    0
    0
    0
    0
    0
    0
    0
    0
    0
    0
    0
    0
    0
    0
    0
    0
    0
    0
    0
    0
    0
    0
    0
    0
    0
    0
    0
    0
    0
    0
    0
    0
    0
    0
    0
    0
    0
    0
    0
    0
    0
    0
    0
    0
    0
    0
    0
    0
    0
    0
    0
    0
    0
    0
    0
    0
    0
    0
    0
    0
    0
    0
    0
    0
    0
    0
    0
    0
    0
    0
    0
    0
    0
    0
    0
    0
    0
    0
    0
    0
    0
    0
    0
    0
    0
    0
    0
    0
    0
    0
    0
    0
    0
    0
    0
    0
    0
    0
    0
    0
    0
    0
    0
    0
    0
    0
    0
    0
    0
    0
    0
    0
    0
    0
    0
    0
    0
    0
    0
    0
    0
    0
    0
    0
    0
    0
    0
    0
    0
    0
    0
    0
    0
    0
    0
    0
    0
    0
    0
    0
    0
    0
    0
    0
    0
    0
    0
    0
    0
    0
    0
    0
    0
    0
    0
    0
    0
    0
    0
    0
    0
    0
    0
    0
    0
    0
    0
    0
    0
    0
    0
    0
    0
    0
    0
    0
    0
    0
    0
    0
    0
    0
    0
    0
    0
    0
    0
    0
    0
    0
    0
    0
    0
    0
    0
    0
    0
    0
    0
    0
    0
    0
    0
    0
    0
    0
    0
    0
    0
    0
    0
    0
    0
    0
    0
    0
    0
    0
    0
    0
    0
    0
    0
    0
    0
    0
    0
    0
    0
    0
    0
    0
    0
    0
    0
    0
    0
    0
    0
    0
    0
    0
    0
    0
    0
    0
    0
    0
    0
    0
    0
    0
    0
    0
    0
    0
    0
    0
    0
    0
    0
    0
    0
    0
    0
    0
    0
    0
    0
    0
    0
    0
    0
    0
    0
    0
    0
    0
    0
    0
    0
    0
    0
    0
    0
    0
    0
    0
    0
    0
    0
    0
    0
    0
    0
    0
    0
    0
    0
    0
    0
    0
    0
    0
    0
    0
    0
    0
    0
    0
    0
    0
    0
    0
    0
    0
    0
    0
    0
    0
    0
    0
    0
    0
    0
    0
    0
    0
    0
    0
    0
    0
    0
    0
    0
    0
    0
    0
    0
    0
    0
    0
    0
    0
    0
    0
    0
    0
    0
    0
    0
    0
    0
    0
    0
    0
    0
    0
    0
    0
    0
    0
    0
    0
    0
    0
    0
    0
    0
    0
    0
    0
    0
    0
    0
    0
    0
    0
    0
    0
    0
    0
    0
    0
    0
    0
    0
    0
    0
    0
    0
    0
    0
    0
    0
    0
    0
    0
    0
    0
    0
    0
    0
    0
    0
    0
    0
    0
    0
    0
    0
    0
    0
    0
    0
    0
    0
    0
    0
    0
    0
    0
    0
    0
    0
    0
    0
    0
    0
    0
    0
    0
    0
    0
    0
    0
    0
    0
    0
    0
    0
    0
    0
    0
    0
    0
    0
    0
    0
    0
    0
    0
    0
    0
    0
    0
    0
    0
    0
    0
    0
    0
    0
    0
    0
    0
    0
    0
    0
    0
    0
    0
    0
    0
    0
    0
    0
    0
    0
    0
    0
    0
    0
    0
    0
    0
    0
    0
    0
    0
    0
    0
    0
    0
    0
    0
    0
    0
    0
    0
    0
    0
    0
    0
    0
    0
    0
    0
    0
    0
    0
    0
    0
    0
    0
    0
    0
    0
    0
    0
    0
    0
    0
    0
    0
    0
    0
    0
    0
    0
    0
    0
    0
    0
    0
    0
    0
    0
    0
    0
    0
    0
    0
    0
    0
    0
    0
    0
    0
    0
    0
    0
    0
    0
    0
    0
    0
    0
    0
    0
    0
    0
    0
    0
    0
    0
    0
    0
    0
    0
    0
    0
    0
    0
    0
    0
    0
    0
    0
    0
    0
    0
    0
    0
    0
    0
    0
    0
    0
    0
    0
    0
    0
    0
    0
    0
    0
    0
    0
    0
    0
    0
    0
    0
    0
    0
    0
    0
    0
    0
    0
    0
    0
    0
    0
    0
    0
    0
    0
    0
    0
    0
    0
    0
    0
    0
    0
    0
    0
    0
    0
    0
    0
    0
    0
    0
    0
    0
    0
    0
    0
    0
    0
    0
    0
    0
    0
    0
    0
    0
    0
    0
    0
    0
    0
    0
    0
    0
    0
    0
    0
    0
    0
    0
    0
    0
    0
    0
    0
    0
    0
    0
    0
    0
    0
    0
    0
    0
    0
    0
    0
    0
    0
    0
    0
    0
    0
    0
    0
    0
    0
    0
    0
    0
    0
    0
    0
    0
    0
    0
    0
    0
    0
    0
    0
    0
    0
    0
    0
    0
    0
    0
    0
    0
    0
    0
    0
    0
    0
    0
    0
    0
    0
    0
    0
    0
    0
    0
    0
    0
    0
    0
    0
    0
    0
    0
    0
    0
    0
    0
    0
    0
    0
    0
    0
    0
    0
    0
    0
    0
    0
    0
    0
    0
    0
    0
    0
    0
    0
    0
    0
    0
    0
    0
    0
    0
    0
    0
    0
    0
    0
    0
    0
    0
    0
    0
    0
    0
    0
    0
    0
    0
    0
    0
    0
    0
    0
    0
    0
    0
    0
    0
    0
    0
    0
    0
    0
    0
    0
    0
    0
    0
    0
    0
    0
    0
    0
    0
    0
    0
    0
    0
    0
    0
    0
    0
    0
    0
    0
    0
    0
    0
    0
    0
    0
    0
    0
    0
    0
    0
    0
    0
    0
    0
    0
    0
    0
    0
    0
    0
    0
    0
    0
    0
    0
    0
    0
    0
    0
    0
    0
    0
    0
    0
    0
    0
    0
    0
    0
    0
    0
    0
    0
    0
    0
    0
    0
    0
    0
    0
    0
    0
    0
    0
    0
    0
    0
    0
    0
    0
    0
    0
    0
    0
    0
    0
    0
    0
    0
    0
    0
    0
    0
    0
    0
    0
    0
    0
    0
    0
    0
    0
    0
    0
    0
    0
    0
    0
    0
    0
    0
    0
    0
    0
    0
    0
    0
    0
    0
    0
    0
    0
    0
    0
    0
    0
    0
    0
    0
    0
    0
    0
    0
    0
    0
    0
    0
    0
    0
    0
    0
    0
    0
    0
    0
    0
    0
    0
    0
    0
    0
    0
    0
    0
    0
    0
    0
    0
    0
    0
    0
    0
    0
    0
    0
    0
    0
    0
    0
    0
    0
    0
    0
    0
    0
    0
    0
    0
    0
    0
    0
    0
    0
    0
    0
    0
    0
    0
    0
    0
    0
    0
    0
    0
    0
    0
    0
    0
    0
    0
    0
    0
    0
    0
    0
    0
    0
    0
    0
    0
    0
    0
    0
    0
    0
    0
    0
    0
    0
    0
    0
    0
    0
    0
    0
    0
    0
    0
    0
    0
    0
    0
    0
    0
    0
    0
    0
    0
    0
    0
    0
    0
    0
    0
    0
    0
    0
    0
    0
    0
    0
    0
    0
    0
    0
    0
    0
    0
    0
    0
    0
    0
    0
    0
    0
    0
    0
    0
    0
    0
    0
    0
    0
    0
    0
    0
    0
    0
    0
    0
    0
    0
    0
    0
    0
    0
    0
    0
    0
    0
    0
    0
    0
    0
    0
    0
    0
    0
    0
    0
    0
    0
    0
    0
    0
    0
    0
    0
    0
    0
    0
    0
    0
    0
    0
    0
    0
    0
    0
    0
    0
    0
    0
    0
    0
    0
    0
    0
    0
    0
    0
    0
    0
    0
    0
    0
    0
    0
    0
    0
    0
    0
    0
    0
    0
    0
    0
    0
    0
    0
    0
    0
    0
    0
    0
    0
    0
    0
    0
    0
    0
    0
    0
    0
    0
    0
    0
    0
    0
    0
    0
    0
    0
    0
    0
    0
    0
    0
    0
    0
    0
    0
    0
    0
    0
    0
    0
    0
    0
    0
    0
    0
    0
    0
    0
    0
    0
    0
    0
    0
    0
    0
    0
    0
    0
    0
    0
    0
    0
    0
    0
    0
    0
    0
    0
    0
    0
    0
    0
    0
    0
    0
    0
    0
    0
    0
    0
    0
    0
    0
    0
    0
    0
    0
    0
    0
    0
    0
    0
    0
    0
    0
    0
    0
    0
    0
    0
    0
    0
    0
    0
    0
    0
    0
    0
    0
    0
    0
    0
    0
    0
    0
    0
    0
    0
    0
    0
    0
    0
    0
    0
    0
    0
    0
    0
    0
    0
    0
    0
    0
    0
    0
    0
    0
    0
    0
    0
    0
    0
    0
    0
    0
    0
    0
    0
    0
    0
    0
    0
    0
    0
    0
    0
    0
    0
    0
    0
    0
    0
    0
    0
    0
    0
    0
    0
    0
    0
    0
    0
    0
    0
    0
    0
    0
    0
    0
    0
    0
    0
    0
    0
    0
    0
    0
    0
    0
    0
    0
    0
    0
    0
    0
    0
    0
    0
    0
    0
    0
    0
    0
    0
    0
    0
    0
    0
    0
    0
    0
    0
    0
    0
    0
    0
    0
    0
    0
    0
    0
    0
    0
    0
    0
    0
    0
    0
    0
    0
    0
    0
    0
    0
    0
    0
    0
    0
    0
    0
    0
    0
    0
    0
    0
    0
    0
    0
    0
    0
    0
    0
    0
    0
    0
    0
    0
    0
    0
    0
    0
    0
    0
    0
    0
    0
    0
    0
    0
    0
    0
    0
    0
    0
    0
    0
    0
    0
    0
    0
    0
    0
    0
    0
    0
    0
    0
    0
    0
    0
    0
    0
    0
    0
    0
    0
    0
    0
    0
    0
    0
    0
    0
    0
    0
    0
    0
    0
    0
    0
    0
    0
    0
    0
    0
    0
    0
    0
    0
    0
    0
    0
    0
    0
    0
    0
    0
    0
    0
    0
    0
    0
    0
    0
    0
    0
    0
    0
    0
    0
    0
    0
    0
    0
    0
    0
    0
    0
    0
    0
    0
    0
    0
    0
    0
    0
    0
    0
    0
    0
    0
    0
    0
    0
    0
    0
    0
    0
    0
    0
    0
    0
    0
    0
    0
    0
    0
    0
    0
    0
    0
    0
    0
    0
    0
    0
    0
    0
    0
    0
    0
    0
    0
    0
    0
    0
    0
    0
    0
    0
    0
    0
    0
    0
    0
    0
    0
    0
    0
    0
    0
    0
    0
    0
    0
    0
    0
    0
    0
    0
    0
    0
    0
    0
    0
    0
    0
    0
    0
    0
    0
    0
    0
    0
    0
    0
    0
    0
    0
    0
    0
    0
    0
    0
    0
    0
    0
    0
    0
    0
    0
    0
    0
    0
    0
    0
    0
    0
    0
    0
    0
    0
    0
    0
    0
    0
    0
    0
    0
    0
    0
    0
    0
    0
    0
    0
    0
    0
    0
    0
    0
    0
    0
    0
    0
    0
    0
    0
    0
    0
    0
    0
    0
    0
    0
    0
    0
    0
    0
    0
    0
    0
    0
    0
    0
    0
    0
    0
    0
    0
    0
    0
    0
    0
    0
    0
    0
    0
    0
    0
    0
    0
    0
    0
    0
    0
    0
    0
    0
    0
    0
    0
    0
    0
    0
    0
    0
    0
    0
    0
    0
    0
    0
    0
    0
    0
    0
    0
    0
    0
    0
    0
    0
    0
    0
    0
    0
    0
    0
    0
    0
    0
    0
    0
    0
    0
    0
    0
    0
    0
    0
    0
    0
    0
    0
    0
    0
    0
    0
    0
    0
    0
    0
    0
    0
    0
    0
    0
    0
    0
    0
    0
    0
    0
    0
    0
    0
    0
    0
    0
    0
    0
    0
    0
    0
    0
    0
    0
    0
    0
    0
    0
    0
    0
    0
    0
    0
    0
    0
    0
    0
    0
    0
    0
    0
    0
    0
    0
    0
    0
    0
    0
    0
    0
    0
    0
    0
    0
    0
    0
    0
    0
    0
    0
    0
    0
    0
    0
    0
    0
    0
    0
    0
    0
    0
    0
    0
    0
    0
    0
    0
    0
    0
    0
    0
    0
    0
    0
    0
    0
    0
    0
    0
    0
    0
    0
    0
    0
    0
    0
    0
    0
    0
    0
    0
    0
    0
    0
    0
    0
    0
    0
    0
    0
    0
    0
    0
    0
    0
    0
    0
    0
    0
    0
    0
    0
    0
    0
    0
    0
    0
    0
    0
    0
    0
    0
    0
    0
    0
    0
    0
    0
    0
    0
    0
    0
    0
    0
    0
    0
    0
    0
    0
    0
    0
    0
    0
    0
    0
    0
    0
    0
    0
    0
    0
    0
    0
    0
    0
    0
    0
    0
    0
    0
    0
    0
    0
    0
    0
    0
    0
    0
    0
    0
    0
    0
    0
    0
    0
    0
    0
    0
    0
    0
    0
    0
    0
    0
    0
    0
    0
    0
    0
    0
    0
    0
    0
    0
    0
    0
    0
    0
    0
    0
    0
    0
    0
    0
    0
    0
    0
    0
    0
    0
    0
    0
    0
    0
    0
    0
    0
    0
    0
    0
    0
    0
    0
    0
    0
    0
    0
    0
    0
    0
    0
    0
    0
    0
    0
    0
    0
    0
    0
    0
    0
    0
    0
    0
    0
    0
    0
    0
    0
    0
    0
    0
    0
