Project Info:
    ACQ Time: 2019- 9-24   9:29:25: 235 .
    Project: tq左侧足三里（加深红药水）
    Name: 
    Part:  
    Operator:  
    Desc.:  
    Sample Data Acquired.

ACQ Parameters:
    Excited Peroid(ms): 50
    Excited Time(ms): 10
    Acq Delay Time(us): 10
    Gate Time(ms): 20
    Count Num per gate: 100
    Repeat Times: 50
    Acq Gate Times: 1
    Interval per Gate(us): 100
    Channel Number: 2

Data:
    365
    354
    285
    261
    257
    212
    214
    194
    191
    165
    174
    138
    141
    147
    116
    133
    132
    94
    103
    110
    100
    79
    81
    86
    77
    79
    83
    75
    67
    65
    58
    53
    48
    54
    58
    53
    36
    42
    44
    36
    43
    37
    31
    25
    27
    34
    32
    34
    18
    35
    21
    33
    25
    23
    35
    31
    31
    22
    20
    25
    20
    12
    15
    12
    13
    18
    10
    9
    13
    12
    17
    13
    11
    16
    7
    11
    8
    13
    14
    10
    11
    8
    11
    7
    7
    14
    6
    8
    10
    9
    7
    2
    9
    8
    5
    3
    5
    8
    9
    10
    366
    324
    278
    259
    263
    237
    226
    206
    175
    179
    174
    155
    142
    138
    118
    117
    116
    109
    100
    106
    87
    101
    89
    70
    80
    77
    66
    63
    69
    65
    67
    69
    46
    57
    60
    55
    46
    46
    36
    45
    44
    34
    33
    34
    37
    39
    23
    29
    25
    23
    24
    34
    23
    31
    27
    25
    24
    19
    20
    19
    14
    16
    13
    15
    13
    17
    18
    14
    24
    18
    18
    13
    15
    16
    11
    13
    19
    17
    14
    17
    6
    10
    10
    13
    7
    12
    9
    13
    9
    9
    12
    7
    7
    5
    3
    7
    4
    9
    3
    9
    334
    374
    311
    243
    239
    231
    227
    195
    187
    134
    166
    150
    158
    128
    146
    128
    116
    109
    102
    94
    98
    90
    85
    81
    64
    78
    63
    51
    78
    63
    58
    58
    72
    42
    40
    39
    46
    59
    35
    45
    40
    43
    46
    33
    38
    36
    26
    19
    34
    25
    25
    26
    21
    20
    24
    20
    25
    21
    20
    18
    19
    12
    20
    15
    13
    12
    13
    16
    14
    13
    11
    13
    10
    10
    14
    11
    16
    13
    11
    8
    10
    8
    12
    7
    9
    6
    10
    6
    8
    7
    6
    3
    5
    12
    7
    5
    8
    6
    11
    6
    354
    339
    305
    275
    252
    216
    188
    174
    201
    175
    153
    170
    120
    143
    140
    111
    107
    118
    86
    79
    97
    91
    111
    79
    78
    86
    74
    54
    58
    64
    65
    54
    55
    47
    48
    54
    41
    42
    37
    49
    35
    20
    49
    36
    46
    37
    26
    39
    25
    35
    25
    25
    27
    31
    25
    15
    23
    16
    27
    18
    18
    13
    26
    16
    19
    17
    12
    21
    14
    18
    13
    12
    15
    13
    10
    17
    11
    15
    9
    6
    9
    10
    18
    9
    7
    8
    6
    12
    5
    9
    11
    7
    8
    7
    6
    8
    5
    4
    9
    10
    346
    328
    265
    241
    217
    225
    216
    199
    190
    162
    158
    164
    138
    138
    142
    109
    106
    112
    105
    88
    80
    101
    71
    87
    82
    70
    61
    68
    63
    65
    61
    58
    53
    60
    38
    57
    46
    41
    56
    49
    41
    36
    26
    36
    38
    32
    23
    34
    28
    18
    39
    26
    26
    23
    17
    19
    37
    18
    18
    21
    21
    19
    20
    19
    18
    10
    19
    21
    15
    13
    8
    17
    8
    11
    10
    16
    7
    5
    18
    16
    8
    6
    11
    15
    4
    11
    9
    7
    9
    7
    8
    5
    12
    13
    12
    9
    7
    5
    5
    5
    357
    326
    303
    255
    268
    234
    241
    195
    179
    183
    159
    145
    140
    146
    126
    105
    106
    106
    97
    93
    102
    106
    101
    77
    96
    73
    98
    67
    70
    68
    60
    57
    60
    57
    59
    50
    38
    53
    41
    31
    28
    40
    36
    56
    30
    41
    43
    31
    35
    30
    23
    22
    32
    30
    21
    23
    22
    19
    23
    26
    17
    19
    18
    22
    15
    14
    15
    12
    24
    11
    17
    11
    16
    16
    9
    12
    13
    10
    16
    7
    7
    13
    8
    9
    3
    9
    8
    8
    11
    10
    6
    10
    7
    14
    7
    8
    8
    9
    7
    5
    367
    327
    303
    262
    231
    243
    213
    192
    164
    163
    162
    174
    145
    154
    118
    131
    120
    118
    109
    104
    93
    81
    100
    70
    71
    77
    81
    64
    68
    66
    63
    61
    38
    65
    53
    57
    41
    44
    52
    31
    41
    35
    50
    38
    34
    28
    28
    18
    35
    28
    28
    26
    21
    34
    24
    23
    24
    24
    25
    23
    25
    25
    17
    26
    24
    21
    13
    17
    14
    10
    24
    15
    14
    13
    9
    9
    14
    8
    11
    12
    16
    11
    12
    11
    10
    9
    10
    14
    8
    9
    4
    8
    4
    10
    8
    7
    12
    9
    8
    8
    399
    349
    267
    302
    227
    238
    210
    180
    195
    165
    167
    161
    153
    138
    117
    120
    128
    114
    88
    90
    98
    92
    94
    79
    79
    89
    83
    63
    56
    61
    78
    56
    52
    68
    38
    56
    44
    49
    44
    41
    50
    46
    41
    33
    43
    43
    40
    27
    35
    30
    23
    31
    23
    22
    24
    19
    20
    20
    15
    16
    22
    21
    16
    16
    16
    21
    14
    11
    13
    13
    13
    12
    19
    15
    21
    12
    10
    9
    11
    7
    13
    11
    16
    9
    8
    11
    7
    6
    6
    11
    10
    8
    5
    14
    6
    7
    5
    7
    9
    4
    360
    336
    291
    297
    248
    230
    221
    212
    188
    157
    151
    145
    147
    130
    117
    139
    117
    114
    116
    83
    94
    102
    87
    97
    77
    71
    73
    74
    81
    61
    55
    64
    61
    43
    51
    53
    46
    47
    54
    32
    27
    48
    35
    37
    37
    39
    32
    30
    39
    31
    26
    29
    25
    28
    33
    21
    18
    24
    18
    21
    20
    23
    27
    21
    17
    18
    15
    19
    16
    16
    10
    13
    21
    10
    8
    14
    16
    13
    11
    12
    22
    15
    11
    9
    9
    16
    6
    15
    3
    5
    10
    4
    9
    9
    9
    6
    9
    2
    2
    5
    360
    334
    280
    247
    234
    216
    210
    186
    179
    167
    170
    157
    141
    153
    138
    142
    105
    118
    96
    89
    114
    91
    93
    82
    71
    73
    61
    61
    55
    61
    59
    64
    66
    68
    53
    52
    50
    45
    43
    55
    49
    43
    34
    50
    23
    29
    28
    42
    35
    32
    23
    24
    34
    21
    28
    26
    20
    19
    16
    20
    18
    17
    22
    20
    14
    20
    21
    16
    9
    17
    16
    24
    17
    16
    14
    11
    16
    11
    12
    12
    6
    11
    12
    16
    7
    9
    12
    11
    10
    11
    11
    5
    11
    8
    8
    10
    13
    7
    8
    1
    365
    335
    304
    296
    259
    222
    225
    207
    173
    170
    151
    116
    148
    122
    147
    126
    123
    111
    118
    96
    91
    92
    85
    86
    74
    92
    71
    72
    73
    65
    54
    70
    61
    50
    58
    50
    46
    36
    40
    48
    49
    42
    29
    38
    40
    33
    25
    30
    22
    23
    23
    28
    22
    25
    29
    24
    23
    16
    22
    20
    20
    29
    15
    24
    13
    15
    16
    18
    16
    15
    17
    9
    14
    15
    20
    11
    8
    15
    8
    15
    10
    12
    9
    8
    6
    13
    9
    7
    11
    7
    8
    10
    14
    10
    4
    8
    8
    8
    5
    8
    381
    305
    329
    275
    264
    236
    196
    187
    194
    167
    163
    151
    146
    142
    126
    113
    125
    106
    112
    91
    90
    101
    100
    72
    86
    96
    73
    62
    56
    57
    61
    55
    58
    55
    49
    49
    42
    31
    46
    34
    48
    39
    39
    45
    44
    28
    45
    20
    23
    31
    38
    25
    24
    25
    24
    21
    16
    27
    25
    22
    19
    19
    24
    14
    14
    11
    17
    16
    16
    10
    16
    19
    19
    13
    11
    16
    16
    5
    13
    13
    7
    13
    10
    13
    12
    12
    14
    11
    8
    11
    9
    8
    11
    10
    11
    4
    8
    11
    5
    5
    366
    367
    292
    261
    273
    223
    210
    187
    183
    177
    160
    150
    145
    134
    156
    128
    111
    121
    92
    104
    103
    114
    85
    89
    78
    77
    64
    66
    70
    67
    72
    59
    49
    62
    51
    44
    45
    59
    40
    42
    41
    41
    40
    39
    36
    28
    31
    34
    29
    34
    28
    35
    18
    17
    27
    25
    32
    24
    16
    32
    27
    25
    19
    30
    11
    13
    14
    17
    24
    11
    15
    12
    15
    13
    18
    12
    12
    5
    13
    11
    11
    11
    7
    12
    11
    9
    14
    11
    8
    8
    16
    11
    12
    11
    5
    3
    6
    9
    9
    5
    334
    299
    312
    271
    249
    232
    208
    164
    174
    195
    186
    164
    151
    148
    129
    117
    93
    135
    101
    102
    101
    110
    95
    80
    85
    71
    70
    70
    62
    63
    74
    64
    52
    48
    60
    63
    40
    48
    48
    49
    37
    41
    25
    44
    37
    40
    39
    40
    34
    31
    23
    20
    23
    25
    26
    18
    22
    18
    25
    19
    24
    18
    15
    14
    20
    18
    24
    14
    16
    15
    21
    9
    11
    18
    16
    13
    6
    13
    10
    16
    16
    14
    15
    11
    8
    13
    10
    16
    9
    7
    13
    11
    8
    8
    4
    10
    6
    4
    13
    10
    408
    334
    258
    271
    265
    221
    203
    197
    189
    184
    158
    154
    148
    147
    144
    115
    126
    114
    106
    106
    105
    98
    88
    81
    90
    83
    75
    72
    72
    60
    75
    65
    49
    46
    50
    46
    48
    64
    39
    35
    33
    43
    50
    42
    37
    29
    34
    30
    31
    29
    33
    23
    19
    30
    32
    20
    26
    20
    23
    24
    13
    15
    12
    18
    14
    15
    12
    7
    17
    17
    22
    16
    12
    10
    8
    11
    15
    17
    7
    14
    14
    9
    5
    10
    10
    12
    17
    10
    12
    14
    14
    10
    7
    7
    6
    6
    12
    7
    3
    7
    357
    315
    319
    277
    266
    234
    205
    205
    180
    166
    156
    155
    148
    137
    155
    132
    142
    102
    108
    113
    122
    104
    79
    90
    77
    71
    56
    64
    61
    62
    69
    47
    66
    57
    54
    45
    80
    47
    47
    43
    28
    33
    37
    39
    42
    32
    45
    30
    29
    28
    36
    21
    23
    26
    26
    24
    19
    21
    20
    19
    21
    23
    21
    23
    18
    16
    17
    17
    20
    11
    14
    15
    16
    17
    14
    10
    12
    12
    17
    12
    14
    9
    16
    8
    10
    8
    9
    7
    7
    6
    2
    8
    18
    5
    7
    6
    7
    8
    7
    3
    335
    334
    285
    270
    245
    210
    197
    181
    221
    166
    154
    154
    138
    157
    124
    133
    117
    105
    107
    98
    114
    103
    93
    96
    93
    57
    71
    61
    73
    72
    58
    55
    63
    62
    54
    49
    50
    58
    46
    32
    39
    45
    42
    42
    38
    38
    34
    32
    42
    38
    26
    33
    20
    23
    29
    27
    20
    20
    19
    19
    23
    13
    24
    17
    16
    15
    18
    11
    14
    14
    15
    12
    12
    16
    9
    15
    19
    16
    6
    11
    16
    15
    12
    10
    19
    12
    10
    6
    6
    8
    8
    5
    14
    10
    6
    8
    6
    8
    12
    8
    364
    320
    297
    259
    246
    232
    192
    207
    180
    176
    166
    155
    135
    137
    137
    132
    114
    104
    92
    90
    113
    89
    82
    97
    75
    89
    84
    89
    65
    68
    73
    58
    64
    49
    46
    58
    45
    53
    51
    46
    43
    47
    31
    36
    32
    36
    21
    37
    33
    32
    34
    27
    27
    24
    29
    23
    26
    21
    23
    27
    15
    7
    22
    16
    15
    15
    14
    17
    16
    16
    11
    11
    14
    15
    12
    14
    10
    10
    15
    7
    11
    12
    10
    10
    8
    10
    16
    13
    10
    2
    8
    8
    6
    7
    7
    7
    8
    9
    7
    15
    327
    313
    282
    286
    243
    208
    202
    200
    196
    172
    155
    138
    163
    106
    127
    125
    126
    110
    90
    94
    93
    91
    71
    95
    66
    68
    59
    101
    52
    52
    64
    74
    66
    64
    47
    52
    54
    42
    50
    46
    41
    48
    30
    40
    31
    30
    29
    35
    34
    30
    32
    23
    29
    20
    26
    24
    25
    25
    27
    17
    13
    15
    19
    12
    29
    26
    14
    17
    16
    8
    15
    26
    13
    16
    7
    14
    11
    10
    12
    9
    16
    13
    12
    12
    9
    11
    11
    11
    7
    8
    6
    9
    9
    5
    7
    10
    8
    11
    8
    7
    368
    358
    312
    268
    228
    237
    241
    192
    174
    177
    181
    146
    154
    138
    141
    116
    133
    113
    104
    103
    94
    90
    78
    61
    95
    87
    78
    64
    59
    71
    53
    61
    56
    54
    54
    58
    54
    33
    52
    44
    49
    41
    35
    39
    48
    42
    32
    35
    37
    33
    35
    26
    26
    25
    27
    17
    21
    26
    22
    30
    19
    18
    11
    17
    14
    11
    15
    18
    18
    24
    20
    17
    18
    16
    13
    13
    9
    16
    14
    16
    9
    11
    14
    12
    12
    12
    14
    10
    9
    10
    9
    6
    11
    8
    14
    12
    8
    12
    11
    9
    363
    328
    303
    264
    238
    208
    212
    187
    204
    159
    160
    165
    182
    144
    130
    135
    120
    121
    99
    115
    101
    92
    102
    100
    67
    71
    62
    63
    55
    62
    72
    64
    44
    51
    53
    52
    61
    49
    50
    39
    33
    43
    55
    36
    21
    31
    36
    49
    34
    25
    36
    33
    30
    33
    26
    19
    29
    23
    20
    24
    15
    24
    23
    16
    24
    16
    7
    20
    21
    12
    13
    16
    15
    13
    17
    16
    8
    14
    8
    16
    16
    10
    9
    6
    10
    15
    12
    14
    8
    6
    7
    7
    10
    8
    9
    7
    9
    9
    10
    4
    393
    345
    311
    303
    222
    246
    205
    222
    170
    177
    142
    160
    144
    134
    159
    129
    115
    129
    118
    99
    98
    90
    79
    96
    85
    80
    72
    72
    60
    62
    69
    54
    61
    59
    45
    61
    55
    55
    53
    40
    51
    39
    35
    35
    31
    28
    27
    30
    29
    28
    30
    28
    22
    23
    24
    20
    22
    19
    28
    26
    28
    17
    15
    15
    19
    18
    15
    20
    10
    19
    17
    16
    18
    12
    9
    18
    14
    12
    16
    8
    10
    14
    7
    9
    11
    9
    9
    11
    12
    7
    6
    7
    11
    7
    2
    7
    6
    7
    10
    6
    369
    359
    292
    271
    254
    236
    223
    191
    190
    160
    179
    139
    140
    133
    145
    123
    126
    130
    100
    108
    103
    90
    81
    81
    94
    58
    75
    68
    64
    58
    64
    62
    64
    46
    47
    49
    55
    54
    40
    55
    40
    40
    36
    43
    36
    42
    27
    30
    36
    25
    27
    28
    25
    28
    30
    18
    25
    32
    23
    14
    20
    23
    19
    20
    16
    22
    11
    13
    12
    19
    14
    11
    13
    13
    13
    12
    13
    12
    9
    15
    6
    10
    8
    12
    10
    12
    14
    10
    12
    9
    4
    15
    10
    6
    9
    8
    4
    10
    10
    12
    360
    346
    307
    299
    253
    234
    209
    182
    180
    181
    162
    179
    146
    131
    126
    150
    120
    102
    110
    109
    105
    97
    81
    91
    82
    70
    57
    63
    65
    61
    76
    59
    47
    62
    46
    62
    53
    55
    37
    26
    49
    39
    38
    43
    29
    33
    34
    34
    37
    32
    34
    31
    25
    23
    20
    31
    28
    19
    11
    25
    16
    32
    18
    15
    14
    18
    18
    13
    21
    8
    16
    16
    6
    17
    14
    9
    14
    8
    12
    12
    9
    13
    10
    8
    5
    10
    9
    9
    6
    14
    7
    6
    5
    6
    9
    7
    9
    2
    9
    10
    388
    383
    283
    272
    235
    228
    212
    210
    176
    182
    159
    156
    151
    133
    146
    130
    127
    97
    101
    106
    88
    93
    114
    78
    74
    69
    79
    60
    80
    53
    71
    63
    61
    58
    54
    53
    45
    52
    42
    51
    46
    42
    35
    30
    39
    30
    35
    35
    30
    28
    25
    27
    28
    25
    27
    28
    31
    22
    18
    28
    31
    21
    22
    29
    17
    13
    19
    19
    23
    18
    15
    14
    15
    9
    10
    12
    8
    8
    10
    14
    12
    10
    10
    14
    11
    11
    7
    9
    8
    7
    11
    10
    12
    10
    6
    6
    7
    11
    8
    6
    361
    346
    295
    266
    244
    244
    217
    178
    177
    173
    152
    159
    136
    132
    140
    130
    116
    112
    108
    104
    102
    121
    81
    98
    86
    89
    98
    59
    65
    63
    72
    57
    57
    53
    53
    62
    40
    60
    32
    52
    50
    53
    33
    35
    39
    36
    30
    30
    29
    35
    28
    34
    37
    20
    34
    21
    20
    20
    19
    22
    15
    18
    15
    15
    22
    21
    16
    9
    17
    17
    10
    18
    13
    15
    14
    13
    12
    11
    15
    9
    9
    8
    7
    11
    14
    7
    6
    5
    14
    6
    10
    13
    5
    6
    9
    6
    8
    9
    8
    10
    358
    325
    324
    239
    275
    250
    234
    217
    177
    173
    168
    162
    130
    140
    157
    107
    125
    115
    110
    93
    84
    96
    92
    78
    78
    102
    79
    64
    54
    55
    65
    66
    59
    52
    47
    60
    51
    63
    48
    40
    35
    51
    45
    42
    42
    40
    42
    31
    35
    34
    24
    28
    33
    33
    34
    24
    31
    27
    26
    29
    14
    23
    21
    20
    15
    19
    16
    16
    13
    14
    8
    14
    12
    20
    15
    13
    8
    16
    16
    12
    11
    13
    16
    12
    8
    13
    10
    13
    9
    4
    19
    11
    11
    7
    8
    5
    6
    6
    4
    13
    392
    331
    339
    242
    248
    252
    196
    212
    177
    199
    151
    166
    128
    124
    159
    121
    107
    110
    108
    103
    128
    103
    82
    74
    72
    86
    82
    66
    74
    70
    66
    65
    46
    53
    49
    63
    37
    58
    44
    36
    45
    44
    41
    46
    37
    34
    33
    29
    31
    25
    29
    30
    16
    15
    32
    26
    32
    16
    21
    31
    24
    22
    19
    17
    17
    18
    20
    10
    20
    21
    21
    10
    13
    11
    14
    10
    11
    18
    9
    14
    12
    13
    8
    13
    16
    5
    8
    5
    4
    3
    6
    7
    8
    7
    8
    10
    9
    9
    8
    3
    400
    349
    274
    275
    241
    228
    216
    192
    191
    164
    155
    155
    131
    125
    151
    129
    124
    96
    102
    113
    91
    107
    80
    95
    73
    84
    79
    68
    56
    69
    74
    75
    55
    54
    45
    60
    52
    51
    65
    42
    38
    56
    36
    32
    33
    35
    24
    23
    25
    25
    32
    31
    35
    34
    28
    26
    22
    27
    22
    25
    19
    17
    20
    26
    16
    17
    22
    18
    15
    20
    13
    11
    10
    9
    10
    14
    16
    14
    13
    16
    13
    8
    12
    7
    11
    7
    5
    8
    10
    10
    15
    5
    10
    13
    8
    11
    6
    7
    7
    6
    387
    318
    312
    273
    237
    226
    226
    201
    172
    164
    186
    162
    121
    141
    139
    144
    128
    112
    103
    103
    103
    93
    100
    84
    95
    76
    69
    84
    73
    62
    56
    49
    54
    52
    62
    57
    41
    39
    44
    55
    43
    45
    36
    35
    47
    40
    35
    40
    26
    26
    29
    25
    26
    26
    27
    28
    25
    13
    21
    24
    28
    14
    25
    22
    21
    18
    19
    22
    15
    19
    17
    15
    12
    9
    15
    8
    10
    11
    11
    9
    13
    7
    14
    11
    16
    16
    11
    7
    7
    4
    8
    7
    10
    10
    11
    7
    7
    3
    3
    8
    345
    346
    308
    297
    237
    198
    228
    210
    173
    163
    152
    155
    159
    133
    138
    136
    140
    108
    94
    104
    87
    90
    100
    92
    89
    78
    78
    70
    83
    75
    59
    61
    61
    50
    61
    47
    59
    53
    42
    49
    49
    38
    40
    36
    33
    45
    29
    30
    30
    24
    35
    38
    19
    17
    30
    22
    26
    23
    23
    28
    17
    32
    14
    17
    15
    19
    14
    18
    13
    10
    18
    10
    16
    17
    15
    23
    10
    14
    13
    13
    12
    12
    13
    7
    6
    9
    10
    6
    5
    10
    3
    16
    7
    7
    6
    7
    10
    5
    12
    3
    357
    319
    292
    269
    261
    255
    202
    201
    189
    188
    185
    139
    159
    147
    119
    129
    106
    116
    112
    98
    109
    91
    92
    89
    75
    66
    68
    76
    72
    69
    82
    74
    55
    67
    52
    57
    53
    51
    45
    44
    36
    34
    48
    31
    31
    37
    25
    36
    37
    29
    35
    26
    32
    20
    38
    26
    20
    33
    30
    30
    23
    18
    25
    16
    18
    18
    20
    16
    20
    18
    9
    14
    24
    15
    16
    21
    14
    9
    15
    16
    8
    12
    6
    10
    11
    13
    10
    8
    2
    8
    7
    7
    10
    7
    7
    6
    9
    10
    3
    7
    357
    351
    323
    257
    221
    209
    208
    209
    184
    187
    166
    162
    158
    134
    138
    124
    110
    112
    88
    80
    76
    96
    108
    83
    89
    69
    86
    58
    67
    66
    69
    59
    56
    61
    53
    49
    52
    56
    46
    43
    45
    32
    40
    41
    40
    29
    34
    24
    45
    34
    34
    36
    34
    32
    25
    27
    33
    27
    26
    22
    21
    17
    30
    15
    17
    21
    21
    23
    16
    19
    14
    19
    16
    13
    17
    16
    22
    14
    11
    11
    9
    13
    13
    15
    5
    9
    14
    11
    17
    6
    15
    8
    6
    15
    7
    10
    9
    5
    8
    8
    389
    360
    325
    276
    261
    224
    202
    193
    159
    156
    152
    161
    168
    138
    114
    141
    124
    105
    108
    108
    103
    89
    96
    89
    70
    86
    70
    85
    50
    88
    70
    54
    63
    51
    51
    54
    44
    37
    56
    38
    54
    48
    34
    31
    51
    32
    41
    39
    25
    35
    28
    18
    18
    29
    30
    22
    34
    24
    22
    18
    25
    21
    25
    17
    28
    10
    19
    19
    16
    17
    19
    19
    15
    14
    8
    10
    19
    12
    11
    13
    18
    14
    12
    14
    14
    9
    15
    9
    13
    11
    8
    6
    8
    10
    8
    5
    8
    7
    5
    7
    362
    337
    314
    296
    249
    230
    210
    191
    185
    182
    174
    167
    156
    153
    148
    136
    136
    88
    94
    98
    107
    93
    95
    95
    86
    92
    83
    73
    79
    70
    61
    56
    58
    54
    57
    49
    46
    45
    38
    41
    32
    37
    47
    36
    41
    38
    31
    31
    26
    31
    34
    22
    24
    24
    29
    16
    13
    31
    31
    35
    22
    18
    21
    28
    28
    23
    16
    12
    16
    15
    21
    15
    14
    19
    16
    6
    8
    13
    11
    12
    10
    18
    12
    9
    8
    10
    10
    9
    7
    12
    4
    7
    8
    8
    10
    3
    4
    11
    7
    11
    372
    337
    291
    274
    246
    221
    228
    191
    193
    177
    183
    138
    134
    144
    123
    122
    123
    100
    108
    92
    93
    98
    95
    80
    85
    77
    76
    67
    77
    76
    68
    66
    61
    53
    48
    52
    39
    38
    43
    56
    55
    42
    43
    31
    46
    26
    45
    32
    40
    27
    33
    32
    26
    37
    26
    24
    22
    26
    17
    18
    27
    8
    21
    21
    21
    24
    12
    11
    17
    20
    23
    11
    11
    19
    11
    13
    11
    13
    12
    17
    14
    4
    7
    4
    9
    12
    9
    8
    13
    9
    14
    9
    4
    13
    7
    1
    4
    9
    8
    6
    377
    359
    261
    253
    238
    204
    204
    205
    185
    202
    153
    162
    151
    130
    119
    109
    117
    106
    106
    97
    90
    105
    108
    87
    93
    89
    79
    80
    77
    68
    73
    66
    59
    59
    54
    49
    50
    54
    39
    50
    51
    37
    38
    31
    41
    23
    32
    25
    33
    34
    26
    26
    20
    26
    30
    23
    34
    15
    19
    20
    18
    17
    19
    19
    11
    14
    19
    13
    18
    18
    13
    15
    9
    13
    23
    11
    16
    14
    9
    10
    14
    7
    8
    12
    12
    5
    10
    8
    12
    7
    4
    10
    14
    6
    5
    8
    8
    6
    5
    10
    373
    324
    282
    274
    240
    215
    208
    185
    208
    163
    141
    159
    152
    152
    135
    126
    112
    111
    131
    96
    104
    97
    81
    92
    71
    80
    65
    67
    53
    67
    75
    37
    65
    65
    51
    52
    50
    47
    47
    36
    56
    58
    34
    40
    45
    26
    28
    36
    40
    26
    37
    27
    39
    29
    30
    20
    27
    23
    24
    17
    26
    20
    14
    19
    19
    24
    10
    17
    23
    19
    10
    11
    18
    12
    16
    8
    15
    11
    14
    12
    10
    6
    13
    13
    9
    7
    11
    10
    7
    16
    7
    11
    4
    9
    9
    9
    9
    8
    11
    10
    351
    332
    317
    275
    261
    247
    222
    230
    192
    147
    172
    149
    120
    142
    142
    117
    118
    112
    106
    122
    94
    85
    94
    73
    71
    79
    83
    61
    73
    69
    61
    61
    83
    67
    57
    52
    54
    47
    39
    46
    43
    31
    29
    35
    34
    41
    33
    42
    45
    30
    30
    21
    24
    24
    18
    24
    26
    23
    19
    18
    13
    22
    19
    29
    26
    19
    15
    23
    18
    15
    19
    12
    10
    12
    15
    10
    13
    15
    11
    15
    11
    10
    18
    4
    8
    20
    17
    18
    4
    16
    6
    10
    8
    10
    8
    14
    11
    7
    6
    4
    370
    350
    307
    267
    244
    235
    222
    182
    182
    176
    151
    135
    159
    148
    145
    133
    115
    106
    118
    90
    95
    98
    78
    84
    91
    79
    77
    79
    77
    68
    49
    63
    62
    62
    52
    56
    53
    41
    39
    49
    43
    35
    38
    30
    29
    40
    38
    28
    38
    20
    33
    38
    26
    22
    25
    23
    33
    18
    22
    23
    17
    13
    15
    21
    22
    17
    20
    23
    15
    20
    17
    20
    16
    15
    11
    11
    13
    4
    12
    10
    8
    9
    18
    8
    9
    12
    8
    5
    8
    6
    9
    5
    7
    6
    6
    9
    4
    17
    8
    6
    363
    317
    296
    226
    242
    238
    227
    198
    184
    171
    143
    159
    167
    141
    115
    131
    119
    103
    109
    97
    95
    77
    103
    71
    70
    90
    86
    75
    72
    69
    58
    84
    67
    51
    50
    48
    58
    49
    43
    42
    41
    36
    42
    45
    40
    29
    37
    36
    27
    23
    30
    28
    30
    26
    25
    17
    27
    24
    28
    14
    20
    17
    19
    13
    8
    20
    12
    13
    13
    20
    13
    16
    14
    18
    8
    10
    14
    13
    10
    11
    14
    8
    9
    12
    9
    6
    10
    11
    10
    6
    6
    8
    9
    15
    9
    4
    4
    8
    5
    11
    367
    342
    294
    290
    271
    228
    226
    184
    178
    178
    164
    154
    165
    155
    137
    136
    110
    116
    99
    107
    95
    84
    73
    79
    64
    61
    75
    80
    63
    77
    54
    48
    56
    57
    51
    48
    52
    39
    54
    50
    43
    47
    36
    36
    38
    38
    36
    40
    30
    23
    20
    23
    31
    30
    29
    19
    23
    19
    19
    27
    24
    22
    19
    23
    14
    17
    24
    15
    11
    7
    13
    14
    14
    10
    12
    17
    21
    8
    12
    9
    12
    9
    6
    12
    6
    5
    10
    12
    12
    9
    6
    8
    8
    16
    12
    7
    10
    6
    8
    8
    350
    320
    288
    260
    244
    256
    215
    193
    211
    168
    138
    165
    154
    130
    145
    125
    120
    108
    114
    111
    94
    103
    95
    87
    76
    85
    66
    69
    62
    70
    50
    62
    53
    53
    50
    57
    60
    40
    53
    48
    41
    37
    47
    46
    29
    31
    31
    31
    30
    30
    22
    31
    22
    24
    20
    19
    28
    28
    21
    24
    26
    20
    14
    16
    27
    18
    17
    17
    19
    14
    17
    17
    18
    15
    18
    15
    16
    15
    19
    9
    10
    10
    14
    13
    13
    6
    8
    13
    8
    11
    6
    12
    9
    8
    13
    4
    3
    8
    6
    10
    360
    346
    287
    267
    260
    266
    223
    200
    189
    172
    157
    163
    150
    151
    117
    126
    114
    125
    119
    95
    89
    108
    87
    87
    87
    71
    77
    59
    73
    66
    66
    45
    59
    48
    51
    48
    64
    41
    45
    47
    44
    40
    35
    40
    26
    41
    38
    37
    31
    41
    40
    27
    36
    21
    25
    21
    27
    22
    24
    18
    23
    17
    16
    27
    21
    23
    21
    17
    12
    17
    12
    12
    7
    12
    14
    10
    10
    11
    23
    12
    15
    10
    7
    13
    12
    10
    7
    10
    7
    8
    11
    10
    7
    10
    7
    4
    10
    10
    7
    6
    388
    296
    301
    304
    266
    215
    202
    208
    180
    198
    156
    151
    130
    144
    148
    124
    114
    110
    110
    113
    91
    95
    108
    82
    82
    87
    94
    89
    58
    62
    60
    66
    52
    54
    60
    52
    71
    39
    47
    37
    41
    54
    48
    33
    30
    38
    33
    34
    35
    35
    33
    31
    24
    25
    29
    22
    29
    18
    14
    20
    20
    23
    19
    24
    16
    17
    21
    29
    23
    16
    16
    13
    9
    10
    16
    11
    7
    16
    13
    12
    18
    12
    10
    8
    9
    4
    14
    8
    11
    13
    11
    6
    4
    10
    10
    6
    16
    9
    10
    9
    361
    308
    296
    293
    251
    213
    220
    181
    179
    169
    148
    166
    149
    158
    138
    120
    124
    110
    121
    107
    109
    108
    86
    83
    88
    85
    67
    77
    73
    83
    64
    63
    65
    63
    64
    55
    51
    52
    41
    55
    47
    42
    40
    59
    35
    30
    21
    40
    37
    31
    21
    26
    24
    35
    23
    25
    27
    24
    22
    27
    21
    26
    13
    17
    18
    16
    13
    14
    19
    14
    18
    12
    10
    15
    17
    20
    11
    12
    12
    4
    6
    12
    13
    13
    6
    13
    10
    7
    10
    8
    10
    7
    10
    5
    3
    3
    13
    4
    7
    7
    385
    309
    309
    257
    241
    238
    211
    215
    157
    193
    190
    144
    160
    135
    135
    119
    107
    113
    113
    88
    82
    102
    99
    95
    79
    69
    65
    54
    54
    62
    70
    76
    56
    56
    46
    47
    49
    44
    48
    43
    47
    37
    44
    27
    35
    41
    36
    33
    32
    26
    41
    23
    23
    28
    26
    23
    26
    20
    20
    24
    24
    20
    28
    21
    23
    22
    23
    20
    11
    19
    17
    23
    14
    17
    15
    16
    16
    9
    11
    13
    10
    11
    5
    13
    10
    15
    8
    8
    11
    9
    7
    7
    18
    6
    8
    7
    10
    7
    3
    4
    380
    325
    334
    294
    257
    204
    199
    199
    163
    184
    175
    161
    127
    133
    142
    127
    127
    110
    112
    102
    98
    96
    86
    89
    92
    74
    62
    69
    57
    50
    81
    65
    66
    62
    60
    52
    46
    42
    44
    48
    52
    40
    37
    33
    48
    25
    34
    30
    34
    21
    23
    21
    31
    23
    25
    19
    22
    25
    28
    15
    19
    14
    16
    21
    15
    18
    14
    20
    10
    16
    13
    17
    16
    15
    12
    13
    10
    9
    15
    16
    4
    13
    7
    9
    10
    6
    12
    8
    8
    14
    10
    10
    6
    7
    6
    4
    11
    7
    8
    8
    358
    337
    330
    287
    242
    229
    216
    200
    191
    162
    146
    152
    149
    145
    122
    106
    95
    123
    89
    100
    82
    85
    83
    85
    81
    86
    82
    72
    65
    58
    73
    60
    60
    59
    51
    53
    53
    39
    51
    29
    33
    41
    27
    42
    33
    40
    40
    29
    40
    24
    28
    30
    27
    38
    25
    24
    27
    22
    29
    18
    22
    19
    20
    20
    7
    25
    14
    11
    12
    22
    14
    16
    17
    14
    15
    20
    6
    14
    15
    9
    9
    12
    13
    13
    10
    11
    15
    6
    13
    7
    7
    10
    14
    6
    7
    9
    9
    7
    9
    4
    395
    379
    292
    293
    266
    221
    220
    184
    196
    184
    169
    175
    138
    148
    121
    128
    121
    120
    97
    85
    97
    107
    96
    86
    98
    70
    66
    76
    85
    60
    65
    71
    57
    42
    44
    53
    45
    56
    37
    49
    53
    37
    51
    44
    40
    38
    36
    32
    31
    31
    38
    33
    22
    27
    22
    30
    17
    26
    28
    17
    22
    18
    16
    17
    22
    21
    18
    12
    15
    17
    9
    10
    10
    12
    10
    9
    15
    12
    19
    9
    5
    14
    11
    11
    17
    8
    12
    18
    9
    6
    8
    8
    8
    5
    8
    5
    5
    4
    5
    12

Data:
    0
    0
    0
    0
    0
    0
    0
    0
    0
    0
    0
    0
    0
    0
    0
    0
    0
    0
    0
    0
    0
    0
    0
    0
    0
    0
    0
    0
    0
    0
    0
    0
    0
    0
    0
    0
    0
    0
    0
    0
    0
    0
    0
    0
    0
    0
    0
    0
    0
    0
    0
    0
    0
    0
    0
    0
    0
    0
    0
    0
    0
    0
    0
    0
    0
    0
    0
    0
    0
    0
    0
    0
    0
    0
    0
    0
    0
    0
    0
    0
    0
    0
    0
    0
    0
    0
    0
    0
    0
    0
    0
    0
    0
    0
    0
    0
    0
    0
    0
    0
    0
    0
    0
    0
    0
    0
    0
    0
    0
    0
    0
    0
    0
    0
    0
    0
    0
    0
    0
    0
    0
    0
    0
    0
    0
    0
    0
    0
    0
    0
    0
    0
    0
    0
    0
    0
    0
    0
    0
    0
    0
    0
    0
    0
    0
    0
    0
    0
    0
    0
    0
    0
    0
    0
    0
    0
    0
    0
    0
    0
    0
    0
    0
    0
    0
    0
    0
    0
    0
    0
    0
    0
    0
    0
    0
    0
    0
    0
    0
    0
    0
    0
    0
    0
    0
    0
    0
    0
    0
    0
    0
    0
    0
    0
    0
    0
    0
    0
    0
    0
    0
    0
    0
    0
    0
    0
    0
    0
    0
    0
    0
    0
    0
    0
    0
    0
    0
    0
    0
    0
    0
    0
    0
    0
    0
    0
    0
    0
    0
    0
    0
    0
    0
    0
    0
    0
    0
    0
    0
    0
    0
    0
    0
    0
    0
    0
    0
    0
    0
    0
    0
    0
    0
    0
    0
    0
    0
    0
    0
    0
    0
    0
    0
    0
    0
    0
    0
    0
    0
    0
    0
    0
    0
    0
    0
    0
    0
    0
    0
    0
    0
    0
    0
    0
    0
    0
    0
    0
    0
    0
    0
    0
    0
    0
    0
    0
    0
    0
    0
    0
    0
    0
    0
    0
    0
    0
    0
    0
    0
    0
    0
    0
    0
    0
    0
    0
    0
    0
    0
    0
    0
    0
    0
    0
    0
    0
    0
    0
    0
    0
    0
    0
    0
    0
    0
    0
    0
    0
    0
    0
    0
    0
    0
    0
    0
    0
    0
    0
    0
    0
    0
    0
    0
    0
    0
    0
    0
    0
    0
    0
    0
    0
    0
    0
    0
    0
    0
    0
    0
    0
    0
    0
    0
    0
    0
    0
    0
    0
    0
    0
    0
    0
    0
    0
    0
    0
    0
    0
    0
    0
    0
    0
    0
    0
    0
    0
    0
    0
    0
    0
    0
    0
    0
    0
    0
    0
    0
    0
    0
    0
    0
    0
    0
    0
    0
    0
    0
    0
    0
    0
    0
    0
    0
    0
    0
    0
    0
    0
    0
    0
    0
    0
    0
    0
    0
    0
    0
    0
    0
    0
    0
    0
    0
    0
    0
    0
    0
    0
    0
    0
    0
    0
    0
    0
    0
    0
    0
    0
    0
    0
    0
    0
    0
    0
    0
    0
    0
    0
    0
    0
    0
    0
    0
    0
    0
    0
    0
    0
    0
    0
    0
    0
    0
    0
    0
    0
    0
    0
    0
    0
    0
    0
    0
    0
    0
    0
    0
    0
    0
    0
    0
    0
    0
    0
    0
    0
    0
    0
    0
    0
    0
    0
    0
    0
    0
    0
    0
    0
    0
    0
    0
    0
    0
    0
    0
    0
    0
    0
    0
    0
    0
    0
    0
    0
    0
    0
    0
    0
    0
    0
    0
    0
    0
    0
    0
    0
    0
    0
    0
    0
    0
    0
    0
    0
    0
    0
    0
    0
    0
    0
    0
    0
    0
    0
    0
    0
    0
    0
    0
    0
    0
    0
    0
    0
    0
    0
    0
    0
    0
    0
    0
    0
    0
    0
    0
    0
    0
    0
    0
    0
    0
    0
    0
    0
    0
    0
    0
    0
    0
    0
    0
    0
    0
    0
    0
    0
    0
    0
    0
    0
    0
    0
    0
    0
    0
    0
    0
    0
    0
    0
    0
    0
    0
    0
    0
    0
    0
    0
    0
    0
    0
    0
    0
    0
    0
    0
    0
    0
    0
    0
    0
    0
    0
    0
    0
    0
    0
    0
    0
    0
    0
    0
    0
    0
    0
    0
    0
    0
    0
    0
    0
    0
    0
    0
    0
    0
    0
    0
    0
    0
    0
    0
    0
    0
    0
    0
    0
    0
    0
    0
    0
    0
    0
    0
    0
    0
    0
    0
    0
    0
    0
    0
    0
    0
    0
    0
    0
    0
    0
    0
    0
    0
    0
    0
    0
    0
    0
    0
    0
    0
    0
    0
    0
    0
    0
    0
    0
    0
    0
    0
    0
    0
    0
    0
    0
    0
    0
    0
    0
    0
    0
    0
    0
    0
    0
    0
    0
    0
    0
    0
    0
    0
    0
    0
    0
    0
    0
    0
    0
    0
    0
    0
    0
    0
    0
    0
    0
    0
    0
    0
    0
    0
    0
    0
    0
    0
    0
    0
    0
    0
    0
    0
    0
    0
    0
    0
    0
    0
    0
    0
    0
    0
    0
    0
    0
    0
    0
    0
    0
    0
    0
    0
    0
    0
    0
    0
    0
    0
    0
    0
    0
    0
    0
    0
    0
    0
    0
    0
    0
    0
    0
    0
    0
    0
    0
    0
    0
    0
    0
    0
    0
    0
    0
    0
    0
    0
    0
    0
    0
    0
    0
    0
    0
    0
    0
    0
    0
    0
    0
    0
    0
    0
    0
    0
    0
    0
    0
    0
    0
    0
    0
    0
    0
    0
    0
    0
    0
    0
    0
    0
    0
    0
    0
    0
    0
    0
    0
    0
    0
    0
    0
    0
    0
    0
    0
    0
    0
    0
    0
    0
    0
    0
    0
    0
    0
    0
    0
    0
    0
    0
    0
    0
    0
    0
    0
    0
    0
    0
    0
    0
    0
    0
    0
    0
    0
    0
    0
    0
    0
    0
    0
    0
    0
    0
    0
    0
    0
    0
    0
    0
    0
    0
    0
    0
    0
    0
    0
    0
    0
    0
    0
    0
    0
    0
    0
    0
    0
    0
    0
    0
    0
    0
    0
    0
    0
    0
    0
    0
    0
    0
    0
    0
    0
    0
    0
    0
    0
    0
    0
    0
    0
    0
    0
    0
    0
    0
    0
    0
    0
    0
    0
    0
    0
    0
    0
    0
    0
    0
    0
    0
    0
    0
    0
    0
    0
    0
    0
    0
    0
    0
    0
    0
    0
    0
    0
    0
    0
    0
    0
    0
    0
    0
    0
    0
    0
    0
    0
    0
    0
    0
    0
    0
    0
    0
    0
    0
    0
    0
    0
    0
    0
    0
    0
    0
    0
    0
    0
    0
    0
    0
    0
    0
    0
    0
    0
    0
    0
    0
    0
    0
    0
    0
    0
    0
    0
    0
    0
    0
    0
    0
    0
    0
    0
    0
    0
    0
    0
    0
    0
    0
    0
    0
    0
    0
    0
    0
    0
    0
    0
    0
    0
    0
    0
    0
    0
    0
    0
    0
    0
    0
    0
    0
    0
    0
    0
    0
    0
    0
    0
    0
    0
    0
    0
    0
    0
    0
    0
    0
    0
    0
    0
    0
    0
    0
    0
    0
    0
    0
    0
    0
    0
    0
    0
    0
    0
    0
    0
    0
    0
    0
    0
    0
    0
    0
    0
    0
    0
    0
    0
    0
    0
    0
    0
    0
    0
    0
    0
    0
    0
    0
    0
    0
    0
    0
    0
    0
    0
    0
    0
    0
    0
    0
    0
    0
    0
    0
    0
    0
    0
    0
    0
    0
    0
    0
    0
    0
    0
    0
    0
    0
    0
    0
    0
    0
    0
    0
    0
    0
    0
    0
    0
    0
    0
    0
    0
    0
    0
    0
    0
    0
    0
    0
    0
    0
    0
    0
    0
    0
    0
    0
    0
    0
    0
    0
    0
    0
    0
    0
    0
    0
    0
    0
    0
    0
    0
    0
    0
    0
    0
    0
    0
    0
    0
    0
    0
    0
    0
    0
    0
    0
    0
    0
    0
    0
    0
    0
    0
    0
    0
    0
    0
    0
    0
    0
    0
    0
    0
    0
    0
    0
    0
    0
    0
    0
    0
    0
    0
    0
    0
    0
    0
    0
    0
    0
    0
    0
    0
    0
    0
    0
    0
    0
    0
    0
    0
    0
    0
    0
    0
    0
    0
    0
    0
    0
    0
    0
    0
    0
    0
    0
    0
    0
    0
    0
    0
    0
    0
    0
    0
    0
    0
    0
    0
    0
    0
    0
    0
    0
    0
    0
    0
    0
    0
    0
    0
    0
    0
    0
    0
    0
    0
    0
    0
    0
    0
    0
    0
    0
    0
    0
    0
    0
    0
    0
    0
    0
    0
    0
    0
    0
    0
    0
    0
    0
    0
    0
    0
    0
    0
    0
    0
    0
    0
    0
    0
    0
    0
    0
    0
    0
    0
    0
    0
    0
    0
    0
    0
    0
    0
    0
    0
    0
    0
    0
    0
    0
    0
    0
    0
    0
    0
    0
    0
    0
    0
    0
    0
    0
    0
    0
    0
    0
    0
    0
    0
    0
    0
    0
    0
    0
    0
    0
    0
    0
    0
    0
    0
    0
    0
    0
    0
    0
    0
    0
    0
    0
    0
    0
    0
    0
    0
    0
    0
    0
    0
    0
    0
    0
    0
    0
    0
    0
    0
    0
    0
    0
    0
    0
    0
    0
    0
    0
    0
    0
    0
    0
    0
    0
    0
    0
    0
    0
    0
    0
    0
    0
    0
    0
    0
    0
    0
    0
    0
    0
    0
    0
    0
    0
    0
    0
    0
    0
    0
    0
    0
    0
    0
    0
    0
    0
    0
    0
    0
    0
    0
    0
    0
    0
    0
    0
    0
    0
    0
    0
    0
    0
    0
    0
    0
    0
    0
    0
    0
    0
    0
    0
    0
    0
    0
    0
    0
    0
    0
    0
    0
    0
    0
    0
    0
    0
    0
    0
    0
    0
    0
    0
    0
    0
    0
    0
    0
    0
    0
    0
    0
    0
    0
    0
    0
    0
    0
    0
    0
    0
    0
    0
    0
    0
    0
    0
    0
    0
    0
    0
    0
    0
    0
    0
    0
    0
    0
    0
    0
    0
    0
    0
    0
    0
    0
    0
    0
    0
    0
    0
    0
    0
    0
    0
    0
    0
    0
    0
    0
    0
    0
    0
    0
    0
    0
    0
    0
    0
    0
    0
    0
    0
    0
    0
    0
    0
    0
    0
    0
    0
    0
    0
    0
    0
    0
    0
    0
    0
    0
    0
    0
    0
    0
    0
    0
    0
    0
    0
    0
    0
    0
    0
    0
    0
    0
    0
    0
    0
    0
    0
    0
    0
    0
    0
    0
    0
    0
    0
    0
    0
    0
    0
    0
    0
    0
    0
    0
    0
    0
    0
    0
    0
    0
    0
    0
    0
    0
    0
    0
    0
    0
    0
    0
    0
    0
    0
    0
    0
    0
    0
    0
    0
    0
    0
    0
    0
    0
    0
    0
    0
    0
    0
    0
    0
    0
    0
    0
    0
    0
    0
    0
    0
    0
    0
    0
    0
    0
    0
    0
    0
    0
    0
    0
    0
    0
    0
    0
    0
    0
    0
    0
    0
    0
    0
    0
    0
    0
    0
    0
    0
    0
    0
    0
    0
    0
    0
    0
    0
    0
    0
    0
    0
    0
    0
    0
    0
    0
    0
    0
    0
    0
    0
    0
    0
    0
    0
    0
    0
    0
    0
    0
    0
    0
    0
    0
    0
    0
    0
    0
    0
    0
    0
    0
    0
    0
    0
    0
    0
    0
    0
    0
    0
    0
    0
    0
    0
    0
    0
    0
    0
    0
    0
    0
    0
    0
    0
    0
    0
    0
    0
    0
    0
    0
    0
    0
    0
    0
    0
    0
    0
    0
    0
    0
    0
    0
    0
    0
    0
    0
    0
    0
    0
    0
    0
    0
    0
    0
    0
    0
    0
    0
    0
    0
    0
    0
    0
    0
    0
    0
    0
    0
    0
    0
    0
    0
    0
    0
    0
    0
    0
    0
    0
    0
    0
    0
    0
    0
    0
    0
    0
    0
    0
    0
    0
    0
    0
    0
    0
    0
    0
    0
    0
    0
    0
    0
    0
    0
    0
    0
    0
    0
    0
    0
    0
    0
    0
    0
    0
    0
    0
    0
    0
    0
    0
    0
    0
    0
    0
    0
    0
    0
    0
    0
    0
    0
    0
    0
    0
    0
    0
    0
    0
    0
    0
    0
    0
    0
    0
    0
    0
    0
    0
    0
    0
    0
    0
    0
    0
    0
    0
    0
    0
    0
    0
    0
    0
    0
    0
    0
    0
    0
    0
    0
    0
    0
    0
    0
    0
    0
    0
    0
    0
    0
    0
    0
    0
    0
    0
    0
    0
    0
    0
    0
    0
    0
    0
    0
    0
    0
    0
    0
    0
    0
    0
    0
    0
    0
    0
    0
    0
    0
    0
    0
    0
    0
    0
    0
    0
    0
    0
    0
    0
    0
    0
    0
    0
    0
    0
    0
    0
    0
    0
    0
    0
    0
    0
    0
    0
    0
    0
    0
    0
    0
    0
    0
    0
    0
    0
    0
    0
    0
    0
    0
    0
    0
    0
    0
    0
    0
    0
    0
    0
    0
    0
    0
    0
    0
    0
    0
    0
    0
    0
    0
    0
    0
    0
    0
    0
    0
    0
    0
    0
    0
    0
    0
    0
    0
    0
    0
    0
    0
    0
    0
    0
    0
    0
    0
    0
    0
    0
    0
    0
    0
    0
    0
    0
    0
    0
    0
    0
    0
    0
    0
    0
    0
    0
    0
    0
    0
    0
    0
    0
    0
    0
    0
    0
    0
    0
    0
    0
    0
    0
    0
    0
    0
    0
    0
    0
    0
    0
    0
    0
    0
    0
    0
    0
    0
    0
    0
    0
    0
    0
    0
    0
    0
    0
    0
    0
    0
    0
    0
    0
    0
    0
    0
    0
    0
    0
    0
    0
    0
    0
    0
    0
    0
    0
    0
    0
    0
    0
    0
    0
    0
    0
    0
    0
    0
    0
    0
    0
    0
    0
    0
    0
    0
    0
    0
    0
    0
    0
    0
    0
    0
    0
    0
    0
    0
    0
    0
    0
    0
    0
    0
    0
    0
    0
    0
    0
    0
    0
    0
    0
    0
    0
    0
    0
    0
    0
    0
    0
    0
    0
    0
    0
    0
    0
    0
    0
    0
    0
    0
    0
    0
    0
    0
    0
    0
    0
    0
    0
    0
    0
    0
    0
    0
    0
    0
    0
    0
    0
    0
    0
    0
    0
    0
    0
    0
    0
    0
    0
    0
    0
    0
    0
    0
    0
    0
    0
    0
    0
    0
    0
    0
    0
    0
    0
    0
    0
    0
    0
    0
    0
    0
    0
    0
    0
    0
    0
    0
    0
    0
    0
    0
    0
    0
    0
    0
    0
    0
    0
    0
    0
    0
    0
    0
    0
    0
    0
    0
    0
    0
    0
    0
    0
    0
    0
    0
    0
    0
    0
    0
    0
    0
    0
    0
    0
    0
    0
    0
    0
    0
    0
    0
    0
    0
    0
    0
    0
    0
    0
    0
    0
    0
    0
    0
    0
    0
    0
    0
    0
    0
    0
    0
    0
    0
    0
    0
    0
    0
    0
    0
    0
    0
    0
    0
    0
    0
    0
    0
    0
    0
    0
    0
    0
    0
    0
    0
    0
    0
    0
    0
    0
    0
    0
    0
    0
    0
    0
    0
    0
    0
    0
    0
    0
    0
    0
    0
    0
    0
    0
    0
    0
    0
    0
    0
    0
    0
    0
    0
    0
    0
    0
    0
    0
    0
    0
    0
    0
    0
    0
    0
    0
    0
    0
    0
    0
    0
    0
    0
    0
    0
    0
    0
    0
    0
    0
    0
    0
    0
    0
    0
    0
    0
    0
    0
    0
    0
    0
    0
    0
    0
    0
    0
    0
    0
    0
    0
    0
    0
    0
    0
    0
    0
    0
    0
    0
    0
    0
    0
    0
    0
    0
    0
    0
    0
    0
    0
    0
    0
    0
    0
    0
    0
    0
    0
    0
    0
    0
    0
    0
    0
    0
    0
    0
    0
    0
    0
    0
    0
    0
    0
    0
    0
    0
    0
    0
    0
    0
    0
    0
    0
    0
    0
    0
    0
    0
    0
    0
    0
    0
    0
    0
    0
    0
    0
    0
    0
    0
    0
    0
    0
    0
    0
    0
    0
    0
    0
    0
    0
    0
    0
    0
    0
    0
    0
    0
    0
    0
    0
    0
    0
    0
    0
    0
    0
    0
    0
    0
    0
    0
    0
    0
    0
    0
    0
    0
    0
    0
    0
    0
    0
    0
    0
    0
    0
    0
    0
    0
    0
    0
    0
    0
    0
    0
    0
    0
    0
    0
    0
    0
    0
    0
    0
    0
    0
    0
    0
    0
    0
    0
    0
    0
    0
    0
    0
    0
    0
    0
    0
    0
    0
    0
    0
    0
    0
    0
    0
    0
    0
    0
    0
    0
    0
    0
    0
    0
    0
    0
    0
    0
    0
    0
    0
    0
    0
    0
    0
    0
    0
    0
    0
    0
    0
    0
    0
    0
    0
    0
    0
    0
    0
    0
    0
    0
    0
    0
    0
    0
    0
    0
    0
    0
    0
    0
    0
    0
    0
    0
    0
    0
    0
    0
    0
    0
    0
    0
    0
    0
    0
    0
    0
    0
    0
    0
    0
    0
    0
    0
    0
    0
    0
    0
    0
    0
    0
    0
    0
    0
    0
    0
    0
    0
    0
    0
    0
    0
    0
    0
    0
    0
    0
    0
    0
    0
    0
    0
    0
    0
    0
    0
    0
    0
    0
    0
    0
    0
    0
    0
    0
    0
    0
    0
    0
    0
    0
    0
    0
    0
    0
    0
    0
    0
    0
    0
    0
    0
    0
    0
    0
    0
    0
    0
    0
    0
    0
    0
    0
    0
    0
    0
    0
    0
    0
    0
    0
    0
    0
    0
    0
    0
    0
    0
    0
    0
    0
    0
    0
    0
    0
    0
    0
    0
    0
    0
    0
    0
    0
    0
    0
    0
    0
    0
    0
    0
    0
    0
    0
    0
    0
    0
    0
    0
    0
    0
    0
    0
    0
    0
    0
    0
    0
    0
    0
    0
    0
    0
    0
    0
    0
    0
    0
    0
    0
    0
    0
    0
    0
    0
    0
    0
    0
    0
    0
    0
    0
    0
    0
    0
    0
    0
    0
    0
    0
    0
    0
    0
    0
    0
    0
    0
    0
    0
    0
    0
    0
    0
    0
    0
    0
    0
    0
    0
    0
    0
    0
    0
    0
    0
    0
    0
    0
    0
    0
    0
    0
    0
    0
    0
    0
    0
    0
    0
    0
    0
    0
    0
    0
    0
    0
    0
    0
    0
    0
    0
    0
    0
    0
    0
    0
    0
    0
    0
    0
    0
    0
    0
    0
    0
    0
    0
    0
    0
    0
    0
    0
    0
    0
    0
    0
    0
    0
    0
    0
    0
    0
    0
    0
    0
    0
    0
    0
    0
    0
    0
    0
    0
    0
    0
    0
    0
    0
    0
    0
    0
    0
    0
    0
    0
    0
    0
    0
    0
    0
    0
    0
    0
    0
    0
    0
    0
    0
    0
    0
    0
    0
    0
    0
    0
    0
    0
    0
    0
    0
    0
    0
    0
    0
    0
    0
    0
    0
    0
    0
    0
    0
    0
    0
    0
    0
    0
    0
    0
    0
    0
    0
    0
    0
    0
    0
    0
    0
    0
    0
    0
    0
    0
    0
    0
    0
    0
    0
    0
    0
    0
    0
    0
    0
    0
    0
    0
    0
    0
    0
    0
    0
    0
    0
    0
    0
    0
    0
    0
    0
    0
    0
    0
    0
    0
    0
    0
    0
    0
    0
    0
    0
    0
    0
    0
    0
    0
    0
    0
    0
    0
    0
    0
    0
    0
    0
    0
    0
    0
    0
    0
    0
    0
    0
    0
    0
    0
    0
    0
    0
    0
    0
    0
    0
    0
    0
    0
    0
    0
    0
    0
    0
    0
    0
    0
    0
    0
    0
    0
    0
    0
    0
    0
    0
    0
    0
    0
    0
    0
    0
    0
    0
    0
    0
    0
    0
    0
    0
    0
    0
    0
    0
    0
    0
    0
    0
    0
    0
    0
    0
    0
    0
    0
    0
    0
    0
    0
    0
    0
    0
    0
    0
    0
    0
    0
    0
    0
    0
    0
    0
    0
    0
    0
    0
    0
    0
    0
    0
    0
    0
    0
    0
    0
    0
    0
    0
    0
    0
    0
    0
    0
    0
    0
    0
    0
    0
    0
    0
    0
    0
    0
    0
    0
    0
    0
    0
    0
    0
    0
    0
    0
    0
    0
    0
    0
    0
    0
    0
    0
    0
    0
    0
    0
    0
    0
    0
    0
    0
    0
    0
    0
    0
    0
    0
    0
    0
    0
    0
    0
    0
    0
    0
    0
    0
    0
    0
    0
    0
    0
    0
    0
    0
    0
    0
    0
    0
    0
    0
    0
    0
    0
    0
    0
    0
    0
    0
    0
    0
    0
    0
    0
    0
    0
    0
    0
    0
    0
    0
    0
    0
    0
    0
    0
    0
    0
    0
    0
    0
    0
    0
    0
    0
    0
    0
    0
    0
    0
    0
    0
    0
    0
    0
    0
    0
    0
    0
    0
    0
    0
    0
    0
    0
    0
    0
    0
    0
    0
    0
    0
    0
    0
    0
    0
    0
    0
    0
    0
    0
    0
    0
    0
    0
    0
    0
    0
    0
    0
    0
    0
    0
    0
    0
    0
    0
    0
    0
    0
    0
    0
    0
    0
    0
    0
    0
    0
    0
    0
    0
    0
    0
    0
    0
    0
    0
    0
    0
    0
    0
    0
    0
    0
    0
    0
    0
    0
    0
    0
    0
    0
    0
    0
    0
    0
    0
    0
    0
    0
    0
    0
    0
    0
    0
    0
    0
    0
    0
    0
    0
    0
    0
    0
    0
    0
    0
    0
    0
    0
    0
    0
    0
    0
    0
    0
    0
    0
    0
    0
    0
    0
    0
    0
    0
    0
    0
    0
    0
    0
    0
    0
    0
    0
    0
    0
    0
    0
    0
    0
    0
    0
    0
    0
    0
    0
    0
    0
    0
    0
    0
    0
    0
    0
    0
    0
    0
    0
    0
    0
    0
    0
    0
    0
    0
    0
    0
    0
    0
    0
    0
    0
    0
    0
    0
    0
    0
    0
    0
    0
    0
    0
    0
    0
    0
    0
    0
    0
    0
    0
    0
    0
    0
    0
    0
    0
    0
    0
    0
    0
    0
    0
    0
    0
    0
    0
    0
    0
    0
    0
    0
    0
    0
    0
    0
    0
    0
    0
    0
    0
    0
    0
    0
    0
    0
    0
    0
    0
    0
    0
    0
    0
    0
    0
    0
    0
    0
    0
    0
    0
    0
    0
    0
    0
    0
    0
    0
    0
    0
    0
    0
    0
    0
    0
    0
    0
    0
    0
    0
    0
    0
    0
    0
    0
    0
    0
    0
    0
    0
    0
    0
    0
    0
    0
    0
    0
    0
    0
    0
    0
    0
    0
    0
    0
    0
    0
    0
    0
    0
    0
    0
    0
    0
    0
    0
    0
    0
    0
    0
    0
    0
    0
    0
    0
    0
    0
    0
    0
    0
    0
    0
    0
    0
    0
    0
    0
    0
    0
    0
    0
    0
    0
    0
    0
    0
    0
    0
    0
    0
    0
    0
    0
    0
    0
    0
    0
    0
    0
    0
    0
    0
    0
    0
    0
    0
    0
    0
    0
    0
    0
    0
    0
    0
    0
    0
    0
    0
    0
    0
    0
    0
    0
    0
    0
    0
    0
    0
    0
    0
    0
    0
    0
    0
    0
    0
    0
    0
    0
    0
    0
    0
    0
    0
    0
    0
    0
    0
    0
    0
    0
    0
    0
    0
    0
    0
    0
    0
    0
    0
    0
    0
    0
    0
    0
    0
    0
    0
    0
    0
    0
    0
    0
    0
    0
    0
    0
    0
    0
    0
    0
    0
    0
    0
    0
    0
    0
    0
    0
    0
    0
    0
    0
    0
    0
    0
    0
    0
    0
    0
    0
    0
    0
    0
    0
    0
    0
    0
    0
    0
    0
    0
    0
    0
    0
    0
    0
    0
    0
    0
    0
    0
    0
    0
    0
    0
    0
    0
    0
    0
    0
    0
    0
    0
    0
    0
    0
    0
    0
    0
    0
    0
    0
    0
    0
    0
    0
    0
    0
    0
    0
    0
    0
    0
    0
    0
    0
    0
    0
    0
    0
    0
    0
    0
    0
    0
    0
    0
    0
    0
    0
    0
    0
    0
    0
    0
    0
    0
    0
    0
    0
    0
    0
    0
    0
    0
    0
    0
    0
    0
    0
    0
    0
    0
    0
    0
    0
    0
    0
    0
    0
    0
    0
    0
    0
    0
    0
    0
    0
    0
    0
    0
    0
    0
    0
    0
    0
    0
    0
    0
    0
    0
    0
    0
    0
    0
    0
    0
    0
    0
    0
    0
    0
    0
    0
    0
    0
    0
    0
    0
    0
    0
    0
    0
    0
    0
    0
    0
    0
    0
    0
    0
    0
    0
    0
    0
    0
    0
    0
    0
    0
    0
    0
    0
    0
    0
    0
    0
    0
    0
    0
    0
    0
    0
    0
    0
    0
    0
    0
    0
    0
    0
    0
    0
    0
    0
    0
    0
    0
    0
    0
    0
    0
    0
    0
    0
    0
    0
    0
    0
    0
    0
    0
    0
    0
    0
    0
    0
    0
    0
    0
    0
    0
    0
    0
    0
    0
    0
    0
    0
    0
    0
    0
    0
    0
    0
    0
    0
    0
    0
    0
    0
    0
    0
    0
    0
    0
    0
    0
    0
    0
    0
    0
    0
    0
    0
    0
    0
    0
    0
    0
    0
    0
    0
    0
    0
    0
    0
    0
    0
    0
    0
    0
    0
    0
    0
    0
    0
    0
    0
    0
    0
    0
    0
    0
    0
    0
    0
    0
    0
    0
    0
    0
    0
    0
    0
    0
    0
    0
    0
    0
    0
    0
    0
    0
    0
    0
    0
    0
    0
    0
    0
    0
    0
    0
    0
    0
    0
    0
    0
    0
    0
    0
    0
    0
    0
    0
    0
    0
    0
    0
    0
    0
    0
    0
    0
    0
    0
    0
    0
    0
    0
    0
    0
    0
    0
    0
    0
    0
    0
    0
    0
    0
    0
    0
    0
    0
    0
    0
    0
    0
    0
    0
    0
    0
    0
    0
    0
    0
    0
    0
    0
    0
    0
    0
    0
    0
    0
    0
    0
    0
    0
    0
    0
    0
    0
    0
    0
    0
    0
    0
    0
    0
    0
    0
    0
    0
    0
    0
    0
    0
    0
    0
    0
    0
    0
    0
    0
    0
    0
    0
    0
    0
    0
    0
    0
    0
    0
    0
    0
    0
    0
    0
    0
    0
    0
    0
    0
    0
    0
    0
    0
    0
    0
    0
    0
    0
    0
    0
    0
    0
    0
    0
    0
    0
    0
    0
    0
    0
    0
    0
    0
    0
    0
    0
    0
    0
    0
    0
    0
    0
    0
    0
    0
    0
    0
    0
    0
    0
    0
    0
    0
    0
    0
    0
    0
    0
    0
    0
    0
    0
    0
    0
    0
    0
    0
    0
    0
    0
    0
    0
    0
    0
    0
    0
    0
    0
    0
    0
    0
    0
    0
    0
    0
    0
    0
    0
    0
    0
    0
    0
    0
    0
    0
    0
    0
    0
    0
    0
    0
    0
    0
    0
    0
    0
    0
    0
    0
    0
    0
    0
    0
    0
    0
    0
    0
    0
    0
    0
    0
    0
    0
    0
    0
    0
    0
    0
    0
    0
    0
    0
    0
    0
    0
    0
    0
    0
    0
    0
    0
    0
    0
    0
    0
    0
    0
    0
    0
    0
    0
    0
    0
    0
    0
    0
    0
    0
    0
    0
    0
    0
    0
    0
    0
    0
    0
    0
    0
    0
    0
    0
    0
    0
    0
    0
    0
    0
    0
    0
    0
    0
    0
    0
    0
    0
    0
    0
    0
    0
    0
    0
    0
    0
    0
    0
    0
    0
    0
    0
    0
    0
    0
    0
    0
    0
    0
    0
    0
    0
    0
    0
    0
    0
    0
    0
    0
    0
    0
    0
    0
    0
    0
    0
    0
    0
    0
    0
    0
    0
    0
    0
    0
    0
    0
    0
    0
    0
    0
    0
    0
    0
    0
    0
    0
    0
    0
    0
    0
    0
    0
    0
    0
    0
    0
    0
    0
    0
    0
    0
    0
    0
    0
    0
    0
    0
    0
    0
    0
    0
    0
    0
    0
    0
    0
    0
    0
    0
    0
    0
    0
    0
    0
    0
    0
    0
    0
    0
    0
    0
    0
    0
    0
    0
    0
    0
    0
    0
    0
    0
    0
    0
    0
    0
    0
    0
    0
    0
    0
    0
    0
    0
    0
    0
    0
    0
    0
    0
    0
    0
    0
    0
    0
    0
    0
    0
    0
    0
    0
    0
    0
    0
    0
    0
    0
    0
    0
    0
    0
    0
    0
    0
    0
    0
    0
    0
    0
    0
    0
    0
    0
    0
    0
    0
    0
    0
    0
    0
    0
    0
    0
    0
    0
    0
    0
    0
    0
    0
    0
    0
    0
    0
    0
    0
    0
    0
    0
    0
    0
    0
    0
    0
    0
    0
    0
    0
    0
    0
    0
    0
    0
    0
    0
    0
    0
    0
    0
    0
    0
    0
    0
    0
    0
    0
    0
    0
    0
    0
    0
    0
    0
    0
    0
    0
    0
    0
    0
    0
    0
    0
    0
    0
    0
    0
    0
    0
    0
    0
    0
    0
    0
    0
    0
    0
    0
    0
    0
    0
    0
    0
    0
    0
    0
    0
    0
    0
    0
    0
    0
    0
    0
    0
    0
    0
    0
    0
    0
    0
    0
    0
    0
    0
    0
    0
    0
    0
    0
    0
    0
    0
    0
    0
    0
    0
    0
    0
    0
    0
    0
    0
    0
    0
    0
    0
    0
    0
    0
    0
    0
    0
    0
    0
    0
    0
    0
    0
    0
    0
    0
    0
    0
    0
    0
    0
    0
    0
    0
    0
    0
    0
    0
    0
    0
    0
    0
    0
    0
    0
    0
    0
    0
    0
    0
    0
    0
    0
    0
    0
    0
    0
    0
    0
    0
    0
    0
    0
    0
    0
    0
    0
    0
    0
    0
    0
    0
    0
    0
    0
    0
    0
    0
    0
    0
    0
    0
    0
    0
    0
    0
    0
    0
    0
    0
    0
    0
    0
    0
    0
    0
    0
    0
    0
    0
    0
    0
    0
    0
    0
    0
    0
    0
    0
    0
    0
    0
    0
    0
    0
    0
    0
    0
    0
    0
    0
    0
    0
    0
    0
    0
    0
    0
    0
    0
    0
    0
    0
    0
    0
    0
    0
    0
    0
    0
    0
    0
    0
    0
    0
    0
    0
    0
    0
    0
    0
    0
    0
    0
    0
    0
    0
    0
    0
    0
    0
    0
    0
    0
    0
    0
    0
    0
    0
    0
    0
    0
    0
    0
    0
    0
    0
    0
    0
    0
    0
    0
    0
    0
    0
    0
    0
    0
    0
    0
    0
    0
    0
    0
    0
    0
    0
    0
    0
    0
    0
    0
    0
    0
    0
    0
    0
    0
    0
    0
    0
    0
    0
    0
    0
    0
    0
    0
    0
    0
    0
    0
    0
    0
    0
    0
    0
    0
    0
    0
    0
    0
    0
    0
    0
    0
    0
    0
    0
    0
    0
    0
    0
    0
    0
    0
    0
    0
    0
    0
    0
    0
    0
    0
    0
    0
    0
    0
    0
    0
    0
    0
    0
    0
    0
    0
    0
    0
    0
    0
    0
    0
    0
    0
    0
    0
    0
    0
    0
    0
    0
    0
    0
    0
    0
    0
    0
    0
    0
    0
    0
    0
    0
    0
    0
    0
    0
    0
    0
    0
    0
    0
    0
    0
    0
    0
    0
    0
    0
    0
    0
    0
    0
    0
    0
    0
    0
    0
    0
    0
    0
    0
    0
    0
    0
    0
    0
    0
    0
    0
    0
    0
    0
    0
    0
    0
    0
    0
    0
    0
    0
    0
    0
    0
    0
    0
    0
    0
    0
    0
    0
    0
    0
    0
    0
    0
    0
    0
    0
    0
    0
    0
    0
    0
    0
    0
    0
    0
    0
    0
    0
    0
    0
    0
    0
    0
    0
    0
    0
    0
    0
    0
    0
    0
    0
    0
    0
    0
    0
    0
    0
    0
    0
    0
    0
    0
    0
    0
    0
    0
    0
    0
    0
    0
    0
    0
    0
    0
    0
    0
    0
    0
    0
    0
    0
    0
    0
    0
    0
    0
    0
    0
    0
    0
    0
    0
    0
    0
    0
    0
    0
    0
    0
    0
    0
