Project Info:
    ACQ Time: 2019- 9-24   9:33: 8: 115 .
    Project: tq左侧足三里（加深涂红药水）
    Name: 
    Part:  
    Operator:  
    Desc.:  
    Sample Data Acquired.

ACQ Parameters:
    Excited Peroid(ms): 50
    Excited Time(ms): 10
    Acq Delay Time(us): 10
    Gate Time(ms): 20
    Count Num per gate: 100
    Repeat Times: 50
    Acq Gate Times: 1
    Interval per Gate(us): 100
    Channel Number: 2

Data:
    343
    304
    279
    262
    234
    183
    186
    167
    147
    163
    145
    125
    124
    143
    111
    120
    102
    92
    68
    81
    80
    84
    90
    62
    66
    72
    69
    60
    63
    52
    44
    37
    39
    51
    48
    55
    46
    34
    26
    36
    33
    23
    46
    33
    29
    28
    34
    23
    28
    21
    22
    21
    16
    17
    26
    18
    25
    9
    14
    12
    18
    16
    17
    13
    18
    12
    10
    9
    8
    14
    10
    12
    12
    10
    9
    5
    10
    11
    13
    4
    3
    16
    13
    3
    10
    9
    6
    9
    9
    0
    12
    10
    3
    7
    5
    4
    5
    10
    2
    8
    353
    280
    305
    234
    237
    220
    187
    195
    181
    185
    154
    142
    128
    137
    126
    118
    102
    107
    98
    95
    93
    82
    80
    71
    76
    77
    52
    48
    72
    50
    55
    55
    53
    51
    45
    43
    44
    42
    43
    36
    39
    34
    25
    32
    38
    34
    29
    39
    26
    26
    22
    19
    18
    22
    30
    18
    22
    13
    14
    20
    24
    14
    24
    18
    11
    16
    12
    6
    16
    12
    16
    12
    12
    12
    9
    7
    10
    14
    14
    10
    11
    7
    8
    5
    8
    13
    6
    12
    3
    7
    2
    11
    6
    10
    8
    6
    5
    5
    7
    6
    297
    279
    247
    244
    233
    191
    214
    193
    161
    161
    169
    140
    131
    102
    101
    106
    96
    108
    88
    102
    81
    88
    79
    67
    74
    72
    51
    58
    52
    48
    72
    56
    51
    40
    53
    39
    46
    36
    36
    38
    36
    45
    39
    32
    39
    31
    29
    28
    29
    32
    22
    20
    20
    24
    16
    19
    16
    11
    20
    14
    13
    19
    14
    9
    15
    9
    19
    11
    17
    13
    10
    8
    11
    13
    16
    7
    9
    9
    7
    15
    12
    12
    13
    10
    10
    12
    4
    8
    4
    4
    5
    9
    6
    12
    5
    4
    4
    5
    3
    8
    326
    283
    292
    244
    210
    202
    181
    185
    184
    157
    139
    146
    122
    108
    103
    97
    86
    96
    94
    97
    93
    75
    80
    73
    61
    78
    74
    65
    41
    53
    59
    45
    40
    58
    56
    38
    52
    38
    34
    33
    35
    31
    28
    30
    22
    25
    32
    26
    29
    18
    19
    27
    20
    19
    28
    18
    17
    17
    15
    15
    20
    18
    13
    14
    13
    13
    19
    10
    12
    14
    19
    9
    8
    9
    9
    10
    12
    6
    8
    9
    10
    12
    11
    14
    11
    9
    11
    7
    4
    6
    6
    5
    5
    10
    12
    9
    4
    6
    4
    7
    324
    312
    302
    260
    232
    205
    187
    163
    150
    142
    132
    152
    121
    132
    125
    128
    109
    95
    103
    105
    89
    90
    80
    74
    60
    62
    64
    54
    44
    63
    63
    49
    54
    53
    45
    51
    48
    53
    40
    44
    38
    34
    25
    27
    32
    30
    31
    20
    27
    22
    28
    33
    19
    27
    30
    17
    26
    17
    14
    17
    16
    13
    13
    9
    13
    12
    7
    12
    15
    14
    13
    16
    11
    11
    11
    15
    11
    10
    11
    8
    21
    7
    8
    10
    9
    7
    4
    5
    7
    7
    7
    3
    9
    8
    4
    5
    5
    11
    5
    7
    348
    286
    270
    227
    217
    208
    162
    195
    170
    176
    137
    148
    117
    109
    112
    113
    107
    98
    81
    85
    81
    101
    71
    84
    79
    88
    79
    60
    57
    63
    58
    51
    51
    54
    59
    43
    39
    37
    42
    32
    40
    35
    31
    30
    31
    26
    29
    31
    27
    34
    14
    32
    22
    26
    19
    15
    20
    22
    23
    21
    17
    19
    24
    19
    20
    18
    11
    13
    18
    12
    12
    16
    17
    13
    10
    9
    5
    8
    9
    7
    4
    4
    8
    5
    8
    7
    11
    9
    5
    7
    6
    7
    2
    3
    6
    5
    3
    11
    2
    8
    348
    302
    284
    232
    229
    230
    188
    181
    174
    151
    145
    136
    134
    133
    105
    105
    101
    92
    113
    87
    71
    98
    73
    74
    66
    73
    60
    68
    55
    62
    45
    53
    52
    51
    44
    44
    56
    44
    40
    40
    32
    37
    35
    28
    30
    18
    27
    32
    24
    30
    26
    17
    17
    18
    20
    26
    22
    25
    11
    19
    22
    22
    14
    20
    13
    12
    15
    21
    10
    17
    14
    12
    12
    10
    13
    18
    4
    6
    19
    10
    7
    12
    10
    8
    10
    7
    10
    11
    12
    3
    7
    3
    10
    8
    2
    7
    2
    6
    6
    5
    328
    291
    274
    225
    222
    178
    178
    177
    164
    167
    137
    149
    129
    131
    100
    104
    107
    95
    84
    97
    86
    79
    62
    70
    77
    79
    66
    49
    52
    44
    51
    62
    51
    38
    43
    33
    48
    47
    44
    41
    36
    32
    35
    36
    26
    25
    36
    28
    33
    22
    27
    15
    14
    18
    22
    19
    21
    28
    18
    20
    13
    11
    13
    21
    13
    19
    12
    22
    26
    16
    10
    15
    15
    9
    8
    5
    5
    8
    10
    2
    11
    6
    6
    11
    10
    11
    7
    7
    6
    8
    8
    3
    7
    12
    7
    3
    4
    2
    5
    9
    349
    305
    280
    239
    194
    204
    179
    190
    173
    158
    158
    169
    144
    131
    128
    107
    102
    102
    81
    97
    80
    85
    85
    78
    74
    55
    65
    62
    70
    60
    40
    43
    49
    51
    38
    50
    43
    36
    39
    36
    44
    35
    30
    38
    38
    26
    28
    31
    28
    24
    21
    20
    21
    23
    18
    21
    23
    19
    23
    14
    23
    18
    16
    10
    13
    13
    13
    14
    12
    11
    11
    12
    14
    9
    12
    14
    7
    11
    6
    12
    8
    8
    9
    9
    10
    9
    18
    7
    8
    7
    9
    6
    5
    11
    4
    10
    5
    4
    6
    6
    324
    290
    258
    256
    242
    198
    204
    169
    151
    154
    142
    145
    109
    104
    115
    112
    118
    113
    90
    88
    85
    90
    81
    65
    78
    58
    84
    75
    78
    63
    61
    55
    31
    49
    57
    52
    47
    47
    52
    49
    39
    37
    34
    40
    38
    25
    31
    23
    28
    24
    28
    23
    17
    20
    22
    20
    22
    15
    24
    20
    15
    20
    11
    10
    18
    16
    12
    12
    14
    14
    14
    12
    7
    11
    13
    9
    10
    8
    11
    7
    8
    5
    10
    4
    7
    9
    5
    6
    6
    5
    8
    4
    4
    2
    5
    5
    7
    12
    7
    15
    365
    299
    256
    254
    247
    219
    193
    196
    162
    136
    126
    141
    166
    113
    117
    118
    107
    100
    86
    107
    76
    92
    75
    100
    56
    68
    77
    55
    62
    51
    46
    45
    65
    40
    44
    42
    37
    33
    38
    48
    46
    37
    23
    44
    31
    25
    17
    43
    25
    30
    23
    21
    24
    23
    24
    12
    18
    19
    14
    19
    15
    15
    19
    17
    11
    14
    21
    17
    16
    12
    13
    18
    14
    14
    10
    13
    18
    15
    9
    10
    8
    10
    5
    9
    9
    8
    11
    9
    7
    6
    7
    10
    4
    7
    7
    6
    8
    6
    4
    6
    344
    321
    276
    238
    228
    210
    202
    157
    149
    161
    161
    154
    137
    128
    112
    107
    110
    108
    80
    89
    96
    88
    80
    75
    73
    83
    62
    57
    50
    54
    51
    49
    53
    49
    41
    41
    46
    44
    49
    47
    37
    31
    39
    36
    29
    31
    36
    38
    30
    21
    20
    21
    22
    29
    25
    32
    16
    14
    20
    15
    23
    16
    15
    20
    19
    17
    15
    17
    13
    18
    11
    16
    5
    10
    10
    8
    7
    11
    10
    10
    11
    14
    11
    8
    9
    6
    9
    6
    17
    9
    5
    8
    8
    7
    5
    7
    6
    4
    10
    6
    309
    316
    261
    298
    229
    203
    207
    164
    151
    156
    146
    152
    132
    123
    127
    111
    108
    119
    89
    84
    92
    69
    86
    84
    50
    70
    64
    65
    56
    52
    48
    61
    53
    45
    38
    50
    32
    48
    39
    39
    47
    36
    40
    36
    34
    32
    26
    12
    26
    21
    23
    28
    21
    25
    26
    27
    23
    18
    16
    12
    19
    21
    18
    20
    12
    13
    13
    22
    23
    16
    12
    12
    19
    10
    8
    11
    13
    6
    15
    6
    7
    9
    8
    6
    10
    15
    4
    10
    5
    5
    6
    7
    8
    3
    6
    8
    9
    1
    8
    9
    319
    329
    250
    233
    225
    201
    201
    183
    189
    136
    140
    145
    135
    115
    132
    124
    110
    102
    97
    70
    85
    82
    79
    63
    77
    61
    65
    63
    71
    55
    54
    53
    56
    46
    52
    35
    54
    37
    42
    44
    45
    34
    38
    37
    35
    28
    26
    30
    29
    20
    31
    35
    19
    23
    12
    15
    25
    18
    28
    19
    22
    27
    16
    14
    12
    11
    11
    13
    14
    11
    8
    16
    15
    12
    9
    15
    15
    5
    4
    14
    11
    9
    4
    11
    10
    9
    16
    14
    8
    5
    11
    7
    8
    4
    6
    8
    5
    4
    6
    4
    309
    312
    274
    255
    223
    201
    199
    168
    155
    163
    132
    140
    146
    134
    115
    103
    99
    94
    101
    86
    96
    79
    75
    82
    73
    56
    68
    69
    67
    63
    53
    42
    48
    51
    43
    43
    36
    44
    30
    37
    50
    37
    31
    27
    37
    31
    29
    36
    31
    20
    19
    28
    30
    21
    28
    16
    24
    23
    19
    19
    22
    20
    11
    17
    15
    19
    13
    12
    15
    15
    15
    12
    12
    12
    14
    12
    10
    13
    13
    4
    9
    7
    8
    10
    9
    8
    10
    6
    12
    1
    4
    7
    8
    5
    9
    9
    11
    1
    11
    6
    326
    292
    280
    221
    229
    213
    199
    178
    166
    148
    138
    143
    124
    125
    113
    95
    97
    91
    101
    110
    77
    77
    78
    86
    72
    75
    62
    55
    51
    56
    59
    52
    64
    50
    50
    43
    47
    43
    38
    38
    34
    37
    41
    29
    24
    34
    33
    29
    19
    26
    19
    21
    16
    17
    20
    13
    32
    18
    17
    16
    19
    18
    21
    22
    18
    11
    20
    13
    19
    8
    15
    9
    8
    10
    11
    14
    13
    12
    9
    8
    16
    12
    9
    3
    12
    6
    10
    2
    4
    18
    8
    3
    6
    9
    4
    6
    7
    5
    3
    7
    330
    286
    260
    267
    222
    217
    182
    174
    189
    168
    141
    153
    127
    136
    112
    106
    100
    116
    99
    108
    93
    73
    60
    89
    88
    57
    81
    69
    46
    83
    54
    55
    61
    35
    47
    39
    39
    48
    40
    44
    37
    42
    31
    24
    33
    37
    23
    24
    28
    17
    21
    32
    21
    22
    22
    19
    24
    15
    17
    11
    19
    21
    12
    12
    13
    13
    14
    22
    20
    16
    13
    11
    6
    3
    16
    10
    19
    14
    7
    11
    11
    11
    7
    11
    7
    11
    4
    5
    8
    8
    4
    8
    7
    7
    5
    6
    6
    7
    4
    3
    311
    289
    283
    243
    201
    228
    199
    159
    177
    127
    157
    118
    114
    135
    115
    105
    101
    100
    82
    87
    67
    78
    75
    73
    64
    81
    60
    54
    62
    63
    70
    44
    44
    49
    51
    38
    40
    52
    46
    42
    39
    29
    34
    41
    39
    23
    32
    29
    21
    28
    27
    26
    19
    24
    27
    18
    16
    11
    22
    17
    20
    22
    19
    17
    9
    14
    16
    24
    21
    12
    11
    13
    10
    11
    11
    12
    13
    18
    12
    9
    9
    9
    9
    10
    9
    7
    8
    11
    11
    6
    8
    13
    9
    11
    3
    11
    5
    6
    6
    4
    325
    284
    260
    253
    226
    203
    181
    195
    175
    169
    165
    125
    155
    129
    133
    112
    100
    103
    96
    85
    75
    83
    70
    75
    63
    78
    63
    70
    57
    44
    51
    44
    52
    65
    39
    54
    41
    36
    48
    44
    45
    36
    29
    33
    30
    45
    26
    23
    23
    22
    18
    23
    29
    34
    17
    20
    10
    13
    22
    20
    24
    13
    16
    20
    18
    11
    23
    14
    13
    13
    12
    10
    9
    10
    19
    10
    10
    8
    15
    14
    7
    10
    6
    10
    5
    7
    13
    9
    14
    4
    8
    9
    4
    5
    6
    5
    9
    7
    5
    8
    339
    300
    279
    242
    224
    208
    183
    187
    160
    160
    156
    141
    132
    118
    110
    119
    108
    109
    103
    94
    88
    86
    87
    74
    66
    80
    65
    81
    67
    57
    52
    56
    60
    56
    59
    49
    38
    35
    33
    39
    30
    31
    37
    35
    31
    30
    36
    34
    33
    28
    28
    17
    22
    21
    28
    21
    20
    38
    21
    17
    16
    13
    23
    12
    7
    11
    13
    11
    14
    11
    16
    10
    20
    11
    9
    17
    7
    14
    11
    7
    11
    11
    3
    4
    4
    11
    15
    5
    5
    7
    6
    8
    7
    8
    11
    11
    2
    7
    4
    6
    321
    324
    281
    269
    240
    195
    212
    186
    186
    161
    163
    126
    154
    126
    98
    131
    100
    104
    88
    100
    84
    85
    77
    72
    82
    66
    78
    60
    52
    61
    52
    54
    48
    70
    39
    32
    33
    48
    43
    56
    45
    41
    26
    30
    35
    29
    30
    34
    34
    22
    29
    26
    20
    17
    16
    10
    16
    26
    25
    24
    17
    21
    13
    21
    15
    15
    16
    15
    16
    13
    8
    21
    15
    16
    17
    7
    7
    7
    17
    9
    17
    16
    10
    6
    10
    10
    8
    8
    14
    8
    13
    5
    8
    3
    6
    9
    8
    9
    4
    4
    315
    303
    280
    275
    212
    205
    196
    187
    175
    174
    150
    144
    123
    114
    136
    89
    100
    94
    104
    106
    85
    67
    84
    74
    80
    66
    55
    84
    62
    45
    47
    55
    45
    51
    47
    44
    25
    49
    33
    39
    32
    33
    26
    36
    28
    28
    34
    35
    27
    34
    25
    19
    22
    26
    17
    23
    18
    17
    21
    13
    15
    21
    24
    20
    15
    19
    18
    22
    11
    15
    5
    16
    11
    19
    13
    13
    10
    11
    11
    12
    14
    7
    7
    7
    7
    10
    14
    4
    7
    4
    7
    11
    8
    9
    4
    7
    8
    3
    7
    8
    358
    273
    288
    228
    215
    191
    187
    160
    163
    147
    159
    137
    145
    124
    112
    123
    107
    110
    95
    95
    90
    87
    84
    68
    74
    78
    70
    51
    48
    51
    68
    55
    50
    48
    49
    52
    45
    43
    44
    38
    41
    30
    37
    35
    42
    24
    44
    23
    28
    27
    25
    39
    24
    22
    18
    16
    14
    18
    21
    18
    20
    19
    10
    16
    21
    15
    15
    8
    13
    15
    14
    10
    5
    12
    8
    16
    13
    11
    10
    10
    9
    7
    13
    13
    9
    11
    6
    2
    7
    7
    10
    8
    8
    10
    8
    4
    4
    5
    5
    6
    304
    282
    283
    225
    227
    196
    176
    176
    160
    169
    137
    138
    111
    126
    109
    106
    113
    105
    96
    96
    86
    74
    72
    62
    86
    86
    57
    66
    78
    40
    52
    60
    59
    49
    46
    42
    42
    48
    42
    35
    37
    31
    27
    36
    29
    32
    26
    27
    31
    32
    19
    26
    27
    24
    23
    17
    17
    19
    12
    19
    16
    14
    16
    25
    16
    15
    12
    19
    11
    18
    16
    6
    15
    17
    9
    10
    9
    14
    8
    8
    7
    8
    5
    11
    9
    8
    9
    7
    5
    13
    10
    9
    4
    8
    3
    4
    5
    7
    6
    8
    350
    311
    265
    256
    226
    198
    209
    191
    184
    160
    158
    160
    145
    133
    134
    110
    106
    83
    104
    93
    87
    86
    85
    82
    62
    60
    56
    57
    68
    48
    49
    47
    51
    62
    48
    46
    39
    37
    38
    42
    31
    36
    43
    34
    35
    22
    27
    38
    36
    27
    20
    21
    28
    31
    21
    21
    22
    22
    22
    16
    22
    16
    17
    23
    9
    8
    15
    21
    12
    17
    20
    15
    11
    11
    17
    13
    21
    13
    9
    11
    7
    10
    13
    8
    10
    9
    13
    14
    3
    3
    6
    7
    7
    6
    7
    3
    11
    3
    4
    9
    324
    290
    256
    231
    222
    196
    212
    206
    174
    143
    161
    132
    147
    138
    105
    110
    109
    98
    98
    102
    83
    80
    72
    77
    77
    89
    55
    70
    66
    64
    55
    49
    50
    59
    47
    38
    47
    47
    36
    40
    33
    33
    46
    26
    31
    33
    23
    33
    31
    28
    26
    32
    25
    20
    34
    20
    16
    23
    29
    19
    20
    24
    17
    21
    16
    17
    18
    15
    11
    19
    13
    9
    11
    13
    17
    13
    11
    11
    8
    7
    13
    19
    5
    5
    11
    16
    11
    10
    8
    12
    7
    8
    7
    1
    6
    5
    3
    5
    6
    9
    321
    329
    287
    247
    226
    225
    194
    173
    170
    137
    160
    147
    140
    123
    136
    114
    114
    102
    91
    94
    86
    95
    81
    71
    79
    70
    63
    66
    79
    67
    51
    59
    55
    53
    50
    42
    32
    42
    50
    34
    28
    32
    43
    39
    31
    23
    42
    29
    26
    25
    20
    27
    22
    29
    16
    19
    21
    25
    24
    27
    13
    15
    19
    13
    18
    13
    14
    17
    17
    15
    22
    15
    8
    16
    10
    15
    13
    11
    7
    9
    17
    11
    11
    7
    11
    9
    12
    8
    5
    15
    5
    12
    4
    11
    4
    9
    7
    10
    6
    6
    314
    284
    270
    237
    226
    235
    166
    173
    163
    156
    167
    150
    125
    152
    108
    117
    96
    93
    109
    84
    108
    81
    87
    77
    77
    78
    56
    60
    50
    70
    39
    54
    44
    45
    42
    41
    43
    49
    38
    40
    38
    38
    43
    43
    27
    35
    25
    26
    25
    29
    27
    26
    28
    15
    13
    16
    22
    23
    18
    21
    13
    16
    21
    11
    20
    11
    14
    10
    13
    13
    24
    14
    17
    10
    7
    10
    14
    13
    8
    7
    12
    10
    7
    8
    9
    10
    7
    5
    14
    10
    10
    4
    4
    3
    9
    6
    7
    11
    6
    9
    338
    309
    295
    222
    246
    207
    200
    169
    175
    149
    140
    144
    143
    133
    114
    132
    112
    111
    109
    97
    95
    89
    96
    74
    65
    72
    67
    73
    55
    54
    51
    53
    43
    55
    56
    38
    50
    26
    39
    42
    30
    31
    33
    20
    28
    32
    37
    31
    26
    37
    34
    28
    22
    28
    25
    22
    28
    24
    14
    17
    18
    17
    16
    17
    9
    16
    14
    20
    12
    14
    20
    13
    18
    17
    9
    14
    11
    16
    8
    8
    12
    16
    8
    10
    6
    10
    4
    8
    6
    7
    8
    7
    12
    9
    11
    4
    6
    8
    6
    8
    326
    327
    267
    282
    237
    198
    198
    186
    178
    142
    154
    173
    145
    128
    114
    121
    110
    123
    111
    97
    97
    100
    97
    79
    82
    75
    67
    60
    68
    60
    58
    54
    73
    37
    48
    51
    40
    49
    42
    42
    34
    31
    36
    34
    40
    24
    40
    29
    23
    26
    29
    20
    23
    28
    21
    16
    24
    16
    21
    18
    20
    12
    19
    21
    18
    13
    11
    6
    14
    17
    11
    10
    13
    11
    8
    14
    15
    6
    8
    11
    11
    12
    8
    8
    9
    11
    10
    13
    7
    7
    6
    9
    4
    6
    5
    4
    11
    2
    5
    8
    317
    290
    289
    275
    231
    191
    182
    180
    163
    142
    156
    138
    124
    157
    106
    114
    115
    102
    89
    79
    96
    73
    75
    78
    67
    84
    81
    69
    67
    53
    45
    55
    41
    67
    40
    38
    42
    33
    46
    46
    32
    35
    32
    33
    36
    31
    27
    32
    17
    28
    24
    23
    19
    28
    28
    22
    28
    14
    15
    19
    28
    20
    21
    12
    18
    18
    18
    7
    21
    15
    12
    14
    6
    9
    9
    15
    20
    8
    8
    10
    11
    8
    7
    9
    10
    14
    7
    14
    7
    9
    11
    10
    3
    3
    6
    3
    6
    5
    8
    4
    329
    333
    268
    242
    237
    206
    219
    174
    161
    169
    177
    139
    127
    129
    134
    102
    111
    101
    100
    109
    78
    86
    80
    82
    74
    71
    58
    70
    73
    67
    54
    49
    58
    52
    27
    51
    40
    43
    42
    37
    39
    37
    30
    39
    33
    30
    36
    28
    27
    24
    33
    32
    18
    30
    14
    24
    25
    24
    22
    17
    17
    18
    21
    19
    15
    12
    20
    21
    14
    11
    16
    17
    10
    20
    9
    10
    15
    15
    9
    8
    14
    7
    6
    13
    8
    9
    12
    9
    6
    10
    5
    7
    8
    9
    4
    8
    7
    5
    5
    8
    324
    307
    287
    253
    256
    208
    196
    179
    155
    157
    157
    140
    119
    112
    101
    116
    119
    110
    100
    94
    81
    79
    77
    69
    72
    60
    67
    55
    56
    63
    55
    46
    45
    50
    53
    51
    32
    32
    28
    40
    42
    29
    29
    34
    30
    32
    35
    21
    34
    28
    31
    22
    29
    27
    19
    27
    19
    27
    22
    21
    17
    7
    17
    13
    23
    13
    10
    12
    13
    22
    8
    17
    17
    12
    13
    10
    9
    11
    12
    7
    7
    15
    9
    11
    5
    8
    12
    11
    5
    10
    10
    8
    5
    4
    9
    10
    7
    6
    6
    4
    339
    334
    289
    227
    220
    195
    201
    160
    174
    150
    154
    131
    129
    129
    125
    107
    107
    103
    102
    109
    80
    80
    73
    80
    67
    80
    60
    63
    58
    60
    60
    48
    61
    46
    59
    40
    48
    58
    36
    42
    46
    45
    33
    40
    27
    26
    38
    33
    27
    27
    29
    28
    19
    13
    28
    23
    23
    17
    34
    19
    19
    11
    24
    10
    16
    16
    13
    21
    13
    17
    14
    14
    10
    8
    7
    9
    8
    11
    8
    13
    8
    15
    6
    17
    9
    7
    11
    3
    5
    6
    5
    3
    5
    8
    4
    6
    9
    6
    6
    9
    306
    312
    289
    274
    235
    202
    209
    198
    160
    160
    142
    132
    129
    146
    117
    113
    130
    101
    87
    92
    84
    94
    72
    73
    49
    71
    67
    64
    54
    68
    53
    56
    60
    46
    41
    53
    51
    51
    47
    50
    39
    38
    23
    24
    28
    31
    36
    30
    23
    24
    22
    17
    22
    23
    19
    21
    13
    18
    19
    15
    22
    20
    9
    21
    20
    11
    18
    10
    12
    7
    14
    18
    13
    10
    19
    10
    21
    9
    13
    14
    9
    15
    10
    12
    8
    7
    6
    11
    7
    8
    9
    6
    7
    3
    7
    12
    4
    11
    4
    6
    334
    315
    265
    235
    207
    235
    192
    189
    187
    150
    151
    154
    150
    125
    122
    106
    107
    86
    101
    84
    78
    82
    85
    77
    76
    73
    83
    78
    62
    61
    63
    56
    57
    53
    58
    44
    46
    47
    35
    49
    40
    28
    37
    29
    26
    28
    28
    35
    32
    34
    28
    17
    21
    28
    24
    27
    29
    28
    22
    18
    22
    9
    19
    8
    15
    14
    19
    15
    18
    24
    16
    14
    10
    14
    11
    10
    12
    8
    9
    3
    12
    8
    8
    6
    10
    6
    6
    6
    11
    7
    10
    5
    7
    6
    9
    8
    9
    8
    4
    3
    302
    298
    271
    272
    232
    209
    178
    202
    173
    145
    153
    144
    127
    125
    116
    94
    106
    98
    89
    112
    76
    80
    74
    82
    59
    72
    64
    69
    63
    64
    50
    48
    54
    51
    45
    43
    44
    32
    42
    45
    30
    36
    29
    41
    45
    24
    21
    37
    35
    31
    31
    21
    24
    20
    16
    30
    27
    20
    17
    18
    22
    13
    16
    16
    18
    23
    15
    21
    13
    15
    19
    13
    12
    18
    12
    14
    9
    9
    16
    10
    12
    10
    10
    13
    8
    8
    11
    3
    9
    10
    10
    7
    6
    4
    7
    8
    6
    6
    9
    6
    339
    317
    284
    224
    235
    192
    193
    192
    159
    171
    150
    126
    133
    139
    105
    123
    100
    93
    110
    88
    75
    72
    78
    87
    81
    75
    65
    71
    78
    58
    58
    49
    50
    51
    48
    44
    36
    44
    45
    39
    45
    55
    41
    31
    30
    27
    23
    38
    27
    25
    23
    28
    26
    28
    18
    20
    29
    18
    16
    18
    17
    15
    16
    17
    11
    12
    12
    18
    12
    10
    14
    9
    15
    14
    17
    10
    10
    11
    7
    4
    12
    7
    8
    9
    5
    4
    10
    5
    9
    6
    6
    11
    4
    9
    6
    5
    10
    5
    4
    7
    316
    316
    278
    236
    236
    218
    211
    176
    190
    184
    166
    144
    140
    141
    113
    91
    111
    110
    93
    87
    105
    86
    77
    76
    72
    71
    72
    60
    54
    54
    45
    56
    43
    47
    52
    45
    49
    50
    42
    43
    37
    30
    36
    42
    32
    36
    34
    29
    39
    28
    18
    26
    25
    26
    29
    22
    35
    14
    20
    18
    17
    10
    12
    8
    18
    18
    15
    11
    13
    11
    18
    16
    16
    14
    14
    13
    4
    10
    11
    13
    5
    9
    5
    7
    10
    13
    11
    13
    7
    10
    8
    3
    6
    10
    5
    11
    5
    5
    6
    8
    320
    319
    265
    248
    249
    225
    183
    191
    156
    165
    162
    148
    145
    147
    133
    135
    100
    95
    104
    85
    96
    85
    83
    78
    74
    74
    70
    56
    59
    65
    59
    55
    51
    45
    54
    30
    42
    47
    37
    32
    39
    41
    40
    28
    34
    45
    31
    31
    31
    24
    22
    29
    26
    25
    22
    18
    22
    27
    20
    26
    13
    15
    16
    16
    18
    15
    17
    11
    16
    10
    12
    15
    9
    12
    8
    12
    11
    10
    8
    14
    12
    10
    17
    9
    10
    12
    10
    7
    5
    10
    9
    5
    11
    10
    7
    7
    7
    8
    6
    6
    349
    309
    252
    242
    224
    223
    197
    176
    169
    143
    151
    155
    120
    151
    109
    113
    116
    106
    108
    91
    111
    78
    83
    83
    80
    65
    66
    54
    71
    68
    47
    60
    47
    50
    59
    38
    49
    50
    43
    45
    37
    34
    37
    35
    28
    36
    28
    39
    31
    24
    30
    30
    10
    21
    21
    17
    32
    17
    15
    26
    14
    12
    10
    18
    20
    14
    14
    16
    8
    17
    13
    11
    13
    14
    12
    10
    12
    8
    10
    10
    17
    11
    7
    9
    12
    7
    13
    9
    6
    13
    6
    4
    11
    7
    8
    5
    9
    2
    7
    6
    351
    286
    283
    241
    260
    206
    206
    168
    160
    146
    128
    151
    128
    120
    131
    120
    103
    89
    105
    100
    101
    78
    69
    77
    70
    79
    65
    48
    51
    61
    68
    41
    54
    59
    47
    47
    34
    34
    43
    33
    31
    33
    44
    29
    36
    46
    36
    32
    21
    31
    22
    32
    25
    22
    22
    23
    15
    18
    14
    22
    23
    15
    21
    20
    21
    15
    13
    23
    18
    17
    14
    13
    8
    17
    16
    13
    18
    9
    15
    6
    11
    9
    7
    8
    7
    7
    11
    7
    15
    8
    13
    8
    6
    7
    7
    7
    9
    9
    6
    9
    325
    314
    249
    262
    230
    220
    213
    188
    158
    163
    155
    134
    133
    125
    132
    128
    129
    99
    88
    117
    97
    69
    79
    86
    72
    75
    63
    79
    76
    56
    69
    50
    55
    55
    49
    49
    45
    40
    42
    42
    37
    26
    32
    37
    35
    21
    42
    24
    25
    18
    31
    22
    19
    21
    22
    24
    19
    24
    21
    26
    10
    15
    15
    27
    9
    15
    18
    16
    13
    15
    12
    14
    19
    17
    11
    15
    6
    9
    11
    11
    14
    11
    5
    7
    11
    6
    5
    7
    6
    5
    5
    7
    7
    6
    7
    3
    5
    6
    5
    5
    312
    295
    270
    226
    216
    219
    218
    153
    176
    156
    137
    135
    123
    131
    114
    110
    79
    109
    98
    80
    88
    91
    73
    82
    77
    62
    64
    57
    66
    67
    50
    48
    38
    39
    50
    49
    50
    36
    33
    41
    46
    40
    31
    34
    28
    39
    20
    33
    29
    27
    20
    18
    26
    22
    20
    16
    16
    20
    20
    26
    23
    21
    18
    18
    21
    18
    17
    14
    18
    10
    18
    13
    20
    11
    14
    8
    11
    5
    9
    15
    9
    11
    11
    4
    17
    10
    6
    4
    10
    8
    6
    6
    10
    11
    4
    15
    4
    9
    7
    6
    315
    294
    271
    258
    211
    213
    201
    185
    162
    166
    144
    153
    144
    111
    120
    108
    109
    85
    96
    108
    88
    84
    85
    83
    69
    66
    68
    64
    67
    49
    54
    68
    60
    58
    46
    32
    54
    46
    44
    38
    33
    44
    29
    29
    29
    33
    30
    22
    26
    22
    23
    33
    23
    29
    18
    16
    15
    24
    24
    19
    23
    22
    26
    17
    21
    8
    18
    11
    19
    11
    14
    13
    12
    8
    10
    10
    6
    11
    10
    13
    10
    12
    14
    12
    8
    17
    10
    11
    3
    6
    1
    7
    8
    7
    3
    7
    4
    10
    4
    3
    344
    325
    273
    232
    217
    245
    183
    184
    175
    183
    144
    120
    148
    121
    130
    121
    101
    105
    81
    107
    83
    94
    77
    76
    67
    77
    72
    78
    67
    66
    51
    72
    46
    62
    52
    37
    49
    45
    42
    48
    41
    40
    32
    42
    34
    30
    36
    28
    39
    28
    24
    28
    28
    24
    21
    20
    26
    20
    15
    24
    19
    7
    18
    14
    26
    11
    17
    23
    16
    10
    12
    11
    13
    13
    11
    14
    11
    13
    11
    6
    9
    10
    9
    9
    11
    7
    11
    9
    9
    8
    4
    4
    2
    6
    3
    10
    6
    9
    6
    11
    341
    294
    281
    237
    214
    217
    199
    180
    159
    155
    144
    130
    126
    140
    138
    108
    111
    83
    93
    79
    95
    107
    83
    89
    80
    66
    75
    61
    63
    73
    59
    61
    43
    39
    37
    51
    41
    43
    38
    32
    31
    37
    30
    23
    29
    35
    42
    42
    22
    26
    29
    24
    24
    43
    12
    28
    14
    24
    20
    20
    21
    26
    13
    16
    15
    20
    20
    19
    10
    13
    18
    11
    7
    11
    14
    11
    6
    10
    11
    12
    7
    6
    6
    6
    7
    12
    4
    5
    8
    9
    11
    7
    6
    10
    11
    4
    7
    7
    7
    8
    338
    281
    280
    248
    260
    204
    197
    170
    154
    160
    153
    146
    129
    116
    127
    117
    100
    108
    110
    78
    73
    96
    64
    82
    63
    73
    65
    59
    57
    60
    50
    49
    49
    55
    57
    44
    39
    39
    39
    40
    45
    34
    37
    37
    32
    30
    29
    35
    25
    26
    26
    29
    34
    24
    16
    28
    23
    28
    20
    25
    20
    17
    15
    17
    19
    14
    15
    21
    12
    20
    5
    10
    20
    14
    4
    13
    8
    19
    9
    14
    15
    7
    5
    13
    8
    10
    7
    16
    9
    4
    10
    10
    7
    10
    10
    5
    7
    8
    3
    5
    322
    295
    289
    258
    232
    240
    223
    172
    173
    150
    141
    153
    134
    142
    112
    107
    109
    103
    104
    83
    84
    89
    82
    89
    76
    68
    69
    71
    55
    53
    73
    51
    63
    64
    52
    40
    45
    48
    39
    35
    45
    35
    46
    28
    22
    32
    17
    25
    30
    24
    21
    22
    27
    24
    23
    23
    20
    32
    22
    19
    14
    22
    20
    17
    20
    8
    11
    11
    20
    16
    15
    15
    15
    15
    10
    10
    9
    7
    14
    10
    6
    11
    10
    8
    8
    3
    6
    7
    5
    7
    10
    9
    9
    5
    10
    7
    4
    4
    9
    8
    347
    311
    285
    253
    244
    243
    172
    193
    166
    164
    140
    154
    150
    122
    122
    110
    119
    101
    104
    91
    95
    78
    82
    75
    70
    72
    63
    58
    60
    59
    70
    48
    56
    55
    45
    52
    47
    52
    52
    46
    36
    36
    39
    29
    32
    32
    26
    20
    33
    28
    30
    22
    19
    23
    23
    24
    21
    19
    20
    14
    23
    17
    19
    13
    19
    23
    18
    18
    18
    10
    17
    11
    10
    12
    11
    12
    8
    10
    11
    16
    10
    9
    9
    15
    7
    13
    7
    7
    12
    7
    14
    9
    9
    8
    5
    8
    8
    7
    3
    5

Data:
    0
    0
    0
    0
    0
    0
    0
    0
    0
    0
    0
    0
    0
    0
    0
    0
    0
    0
    0
    0
    0
    0
    0
    0
    0
    0
    0
    0
    0
    0
    0
    0
    0
    0
    0
    0
    0
    0
    0
    0
    0
    0
    0
    0
    0
    0
    0
    0
    0
    0
    0
    0
    0
    0
    0
    0
    0
    0
    0
    0
    0
    0
    0
    0
    0
    0
    0
    0
    0
    0
    0
    0
    0
    0
    0
    0
    0
    0
    0
    0
    0
    0
    0
    0
    0
    0
    0
    0
    0
    0
    0
    0
    0
    0
    0
    0
    0
    0
    0
    0
    0
    0
    0
    0
    0
    0
    0
    0
    0
    0
    0
    0
    0
    0
    0
    0
    0
    0
    0
    0
    0
    0
    0
    0
    0
    0
    0
    0
    0
    0
    0
    0
    0
    0
    0
    0
    0
    0
    0
    0
    0
    0
    0
    0
    0
    0
    0
    0
    0
    0
    0
    0
    0
    0
    0
    0
    0
    0
    0
    0
    0
    0
    0
    0
    0
    0
    0
    0
    0
    0
    0
    0
    0
    0
    0
    0
    0
    0
    0
    0
    0
    0
    0
    0
    0
    0
    0
    0
    0
    0
    0
    0
    0
    0
    0
    0
    0
    0
    0
    0
    0
    0
    0
    0
    0
    0
    0
    0
    0
    0
    0
    0
    0
    0
    0
    0
    0
    0
    0
    0
    0
    0
    0
    0
    0
    0
    0
    0
    0
    0
    0
    0
    0
    0
    0
    0
    0
    0
    0
    0
    0
    0
    0
    0
    0
    0
    0
    0
    0
    0
    0
    0
    0
    0
    0
    0
    0
    0
    0
    0
    0
    0
    0
    0
    0
    0
    0
    0
    0
    0
    0
    0
    0
    0
    0
    0
    0
    0
    0
    0
    0
    0
    0
    0
    0
    0
    0
    0
    0
    0
    0
    0
    0
    0
    0
    0
    0
    0
    0
    0
    0
    0
    0
    0
    0
    0
    0
    0
    0
    0
    0
    0
    0
    0
    0
    0
    0
    0
    0
    0
    0
    0
    0
    0
    0
    0
    0
    0
    0
    0
    0
    0
    0
    0
    0
    0
    0
    0
    0
    0
    0
    0
    0
    0
    0
    0
    0
    0
    0
    0
    0
    0
    0
    0
    0
    0
    0
    0
    0
    0
    0
    0
    0
    0
    0
    0
    0
    0
    0
    0
    0
    0
    0
    0
    0
    0
    0
    0
    0
    0
    0
    0
    0
    0
    0
    0
    0
    0
    0
    0
    0
    0
    0
    0
    0
    0
    0
    0
    0
    0
    0
    0
    0
    0
    0
    0
    0
    0
    0
    0
    0
    0
    0
    0
    0
    0
    0
    0
    0
    0
    0
    0
    0
    0
    0
    0
    0
    0
    0
    0
    0
    0
    0
    0
    0
    0
    0
    0
    0
    0
    0
    0
    0
    0
    0
    0
    0
    0
    0
    0
    0
    0
    0
    0
    0
    0
    0
    0
    0
    0
    0
    0
    0
    0
    0
    0
    0
    0
    0
    0
    0
    0
    0
    0
    0
    0
    0
    0
    0
    0
    0
    0
    0
    0
    0
    0
    0
    0
    0
    0
    0
    0
    0
    0
    0
    0
    0
    0
    0
    0
    0
    0
    0
    0
    0
    0
    0
    0
    0
    0
    0
    0
    0
    0
    0
    0
    0
    0
    0
    0
    0
    0
    0
    0
    0
    0
    0
    0
    0
    0
    0
    0
    0
    0
    0
    0
    0
    0
    0
    0
    0
    0
    0
    0
    0
    0
    0
    0
    0
    0
    0
    0
    0
    0
    0
    0
    0
    0
    0
    0
    0
    0
    0
    0
    0
    0
    0
    0
    0
    0
    0
    0
    0
    0
    0
    0
    0
    0
    0
    0
    0
    0
    0
    0
    0
    0
    0
    0
    0
    0
    0
    0
    0
    0
    0
    0
    0
    0
    0
    0
    0
    0
    0
    0
    0
    0
    0
    0
    0
    0
    0
    0
    0
    0
    0
    0
    0
    0
    0
    0
    0
    0
    0
    0
    0
    0
    0
    0
    0
    0
    0
    0
    0
    0
    0
    0
    0
    0
    0
    0
    0
    0
    0
    0
    0
    0
    0
    0
    0
    0
    0
    0
    0
    0
    0
    0
    0
    0
    0
    0
    0
    0
    0
    0
    0
    0
    0
    0
    0
    0
    0
    0
    0
    0
    0
    0
    0
    0
    0
    0
    0
    0
    0
    0
    0
    0
    0
    0
    0
    0
    0
    0
    0
    0
    0
    0
    0
    0
    0
    0
    0
    0
    0
    0
    0
    0
    0
    0
    0
    0
    0
    0
    0
    0
    0
    0
    0
    0
    0
    0
    0
    0
    0
    0
    0
    0
    0
    0
    0
    0
    0
    0
    0
    0
    0
    0
    0
    0
    0
    0
    0
    0
    0
    0
    0
    0
    0
    0
    0
    0
    0
    0
    0
    0
    0
    0
    0
    0
    0
    0
    0
    0
    0
    0
    0
    0
    0
    0
    0
    0
    0
    0
    0
    0
    0
    0
    0
    0
    0
    0
    0
    0
    0
    0
    0
    0
    0
    0
    0
    0
    0
    0
    0
    0
    0
    0
    0
    0
    0
    0
    0
    0
    0
    0
    0
    0
    0
    0
    0
    0
    0
    0
    0
    0
    0
    0
    0
    0
    0
    0
    0
    0
    0
    0
    0
    0
    0
    0
    0
    0
    0
    0
    0
    0
    0
    0
    0
    0
    0
    0
    0
    0
    0
    0
    0
    0
    0
    0
    0
    0
    0
    0
    0
    0
    0
    0
    0
    0
    0
    0
    0
    0
    0
    0
    0
    0
    0
    0
    0
    0
    0
    0
    0
    0
    0
    0
    0
    0
    0
    0
    0
    0
    0
    0
    0
    0
    0
    0
    0
    0
    0
    0
    0
    0
    0
    0
    0
    0
    0
    0
    0
    0
    0
    0
    0
    0
    0
    0
    0
    0
    0
    0
    0
    0
    0
    0
    0
    0
    0
    0
    0
    0
    0
    0
    0
    0
    0
    0
    0
    0
    0
    0
    0
    0
    0
    0
    0
    0
    0
    0
    0
    0
    0
    0
    0
    0
    0
    0
    0
    0
    0
    0
    0
    0
    0
    0
    0
    0
    0
    0
    0
    0
    0
    0
    0
    0
    0
    0
    0
    0
    0
    0
    0
    0
    0
    0
    0
    0
    0
    0
    0
    0
    0
    0
    0
    0
    0
    0
    0
    0
    0
    0
    0
    0
    0
    0
    0
    0
    0
    0
    0
    0
    0
    0
    0
    0
    0
    0
    0
    0
    0
    0
    0
    0
    0
    0
    0
    0
    0
    0
    0
    0
    0
    0
    0
    0
    0
    0
    0
    0
    0
    0
    0
    0
    0
    0
    0
    0
    0
    0
    0
    0
    0
    0
    0
    0
    0
    0
    0
    0
    0
    0
    0
    0
    0
    0
    0
    0
    0
    0
    0
    0
    0
    0
    0
    0
    0
    0
    0
    0
    0
    0
    0
    0
    0
    0
    0
    0
    0
    0
    0
    0
    0
    0
    0
    0
    0
    0
    0
    0
    0
    0
    0
    0
    0
    0
    0
    0
    0
    0
    0
    0
    0
    0
    0
    0
    0
    0
    0
    0
    0
    0
    0
    0
    0
    0
    0
    0
    0
    0
    0
    0
    0
    0
    0
    0
    0
    0
    0
    0
    0
    0
    0
    0
    0
    0
    0
    0
    0
    0
    0
    0
    0
    0
    0
    0
    0
    0
    0
    0
    0
    0
    0
    0
    0
    0
    0
    0
    0
    0
    0
    0
    0
    0
    0
    0
    0
    0
    0
    0
    0
    0
    0
    0
    0
    0
    0
    0
    0
    0
    0
    0
    0
    0
    0
    0
    0
    0
    0
    0
    0
    0
    0
    0
    0
    0
    0
    0
    0
    0
    0
    0
    0
    0
    0
    0
    0
    0
    0
    0
    0
    0
    0
    0
    0
    0
    0
    0
    0
    0
    0
    0
    0
    0
    0
    0
    0
    0
    0
    0
    0
    0
    0
    0
    0
    0
    0
    0
    0
    0
    0
    0
    0
    0
    0
    0
    0
    0
    0
    0
    0
    0
    0
    0
    0
    0
    0
    0
    0
    0
    0
    0
    0
    0
    0
    0
    0
    0
    0
    0
    0
    0
    0
    0
    0
    0
    0
    0
    0
    0
    0
    0
    0
    0
    0
    0
    0
    0
    0
    0
    0
    0
    0
    0
    0
    0
    0
    0
    0
    0
    0
    0
    0
    0
    0
    0
    0
    0
    0
    0
    0
    0
    0
    0
    0
    0
    0
    0
    0
    0
    0
    0
    0
    0
    0
    0
    0
    0
    0
    0
    0
    0
    0
    0
    0
    0
    0
    0
    0
    0
    0
    0
    0
    0
    0
    0
    0
    0
    0
    0
    0
    0
    0
    0
    0
    0
    0
    0
    0
    0
    0
    0
    0
    0
    0
    0
    0
    0
    0
    0
    0
    0
    0
    0
    0
    0
    0
    0
    0
    0
    0
    0
    0
    0
    0
    0
    0
    0
    0
    0
    0
    0
    0
    0
    0
    0
    0
    0
    0
    0
    0
    0
    0
    0
    0
    0
    0
    0
    0
    0
    0
    0
    0
    0
    0
    0
    0
    0
    0
    0
    0
    0
    0
    0
    0
    0
    0
    0
    0
    0
    0
    0
    0
    0
    0
    0
    0
    0
    0
    0
    0
    0
    0
    0
    0
    0
    0
    0
    0
    0
    0
    0
    0
    0
    0
    0
    0
    0
    0
    0
    0
    0
    0
    0
    0
    0
    0
    0
    0
    0
    0
    0
    0
    0
    0
    0
    0
    0
    0
    0
    0
    0
    0
    0
    0
    0
    0
    0
    0
    0
    0
    0
    0
    0
    0
    0
    0
    0
    0
    0
    0
    0
    0
    0
    0
    0
    0
    0
    0
    0
    0
    0
    0
    0
    0
    0
    0
    0
    0
    0
    0
    0
    0
    0
    0
    0
    0
    0
    0
    0
    0
    0
    0
    0
    0
    0
    0
    0
    0
    0
    0
    0
    0
    0
    0
    0
    0
    0
    0
    0
    0
    0
    0
    0
    0
    0
    0
    0
    0
    0
    0
    0
    0
    0
    0
    0
    0
    0
    0
    0
    0
    0
    0
    0
    0
    0
    0
    0
    0
    0
    0
    0
    0
    0
    0
    0
    0
    0
    0
    0
    0
    0
    0
    0
    0
    0
    0
    0
    0
    0
    0
    0
    0
    0
    0
    0
    0
    0
    0
    0
    0
    0
    0
    0
    0
    0
    0
    0
    0
    0
    0
    0
    0
    0
    0
    0
    0
    0
    0
    0
    0
    0
    0
    0
    0
    0
    0
    0
    0
    0
    0
    0
    0
    0
    0
    0
    0
    0
    0
    0
    0
    0
    0
    0
    0
    0
    0
    0
    0
    0
    0
    0
    0
    0
    0
    0
    0
    0
    0
    0
    0
    0
    0
    0
    0
    0
    0
    0
    0
    0
    0
    0
    0
    0
    0
    0
    0
    0
    0
    0
    0
    0
    0
    0
    0
    0
    0
    0
    0
    0
    0
    0
    0
    0
    0
    0
    0
    0
    0
    0
    0
    0
    0
    0
    0
    0
    0
    0
    0
    0
    0
    0
    0
    0
    0
    0
    0
    0
    0
    0
    0
    0
    0
    0
    0
    0
    0
    0
    0
    0
    0
    0
    0
    0
    0
    0
    0
    0
    0
    0
    0
    0
    0
    0
    0
    0
    0
    0
    0
    0
    0
    0
    0
    0
    0
    0
    0
    0
    0
    0
    0
    0
    0
    0
    0
    0
    0
    0
    0
    0
    0
    0
    0
    0
    0
    0
    0
    0
    0
    0
    0
    0
    0
    0
    0
    0
    0
    0
    0
    0
    0
    0
    0
    0
    0
    0
    0
    0
    0
    0
    0
    0
    0
    0
    0
    0
    0
    0
    0
    0
    0
    0
    0
    0
    0
    0
    0
    0
    0
    0
    0
    0
    0
    0
    0
    0
    0
    0
    0
    0
    0
    0
    0
    0
    0
    0
    0
    0
    0
    0
    0
    0
    0
    0
    0
    0
    0
    0
    0
    0
    0
    0
    0
    0
    0
    0
    0
    0
    0
    0
    0
    0
    0
    0
    0
    0
    0
    0
    0
    0
    0
    0
    0
    0
    0
    0
    0
    0
    0
    0
    0
    0
    0
    0
    0
    0
    0
    0
    0
    0
    0
    0
    0
    0
    0
    0
    0
    0
    0
    0
    0
    0
    0
    0
    0
    0
    0
    0
    0
    0
    0
    0
    0
    0
    0
    0
    0
    0
    0
    0
    0
    0
    0
    0
    0
    0
    0
    0
    0
    0
    0
    0
    0
    0
    0
    0
    0
    0
    0
    0
    0
    0
    0
    0
    0
    0
    0
    0
    0
    0
    0
    0
    0
    0
    0
    0
    0
    0
    0
    0
    0
    0
    0
    0
    0
    0
    0
    0
    0
    0
    0
    0
    0
    0
    0
    0
    0
    0
    0
    0
    0
    0
    0
    0
    0
    0
    0
    0
    0
    0
    0
    0
    0
    0
    0
    0
    0
    0
    0
    0
    0
    0
    0
    0
    0
    0
    0
    0
    0
    0
    0
    0
    0
    0
    0
    0
    0
    0
    0
    0
    0
    0
    0
    0
    0
    0
    0
    0
    0
    0
    0
    0
    0
    0
    0
    0
    0
    0
    0
    0
    0
    0
    0
    0
    0
    0
    0
    0
    0
    0
    0
    0
    0
    0
    0
    0
    0
    0
    0
    0
    0
    0
    0
    0
    0
    0
    0
    0
    0
    0
    0
    0
    0
    0
    0
    0
    0
    0
    0
    0
    0
    0
    0
    0
    0
    0
    0
    0
    0
    0
    0
    0
    0
    0
    0
    0
    0
    0
    0
    0
    0
    0
    0
    0
    0
    0
    0
    0
    0
    0
    0
    0
    0
    0
    0
    0
    0
    0
    0
    0
    0
    0
    0
    0
    0
    0
    0
    0
    0
    0
    0
    0
    0
    0
    0
    0
    0
    0
    0
    0
    0
    0
    0
    0
    0
    0
    0
    0
    0
    0
    0
    0
    0
    0
    0
    0
    0
    0
    0
    0
    0
    0
    0
    0
    0
    0
    0
    0
    0
    0
    0
    0
    0
    0
    0
    0
    0
    0
    0
    0
    0
    0
    0
    0
    0
    0
    0
    0
    0
    0
    0
    0
    0
    0
    0
    0
    0
    0
    0
    0
    0
    0
    0
    0
    0
    0
    0
    0
    0
    0
    0
    0
    0
    0
    0
    0
    0
    0
    0
    0
    0
    0
    0
    0
    0
    0
    0
    0
    0
    0
    0
    0
    0
    0
    0
    0
    0
    0
    0
    0
    0
    0
    0
    0
    0
    0
    0
    0
    0
    0
    0
    0
    0
    0
    0
    0
    0
    0
    0
    0
    0
    0
    0
    0
    0
    0
    0
    0
    0
    0
    0
    0
    0
    0
    0
    0
    0
    0
    0
    0
    0
    0
    0
    0
    0
    0
    0
    0
    0
    0
    0
    0
    0
    0
    0
    0
    0
    0
    0
    0
    0
    0
    0
    0
    0
    0
    0
    0
    0
    0
    0
    0
    0
    0
    0
    0
    0
    0
    0
    0
    0
    0
    0
    0
    0
    0
    0
    0
    0
    0
    0
    0
    0
    0
    0
    0
    0
    0
    0
    0
    0
    0
    0
    0
    0
    0
    0
    0
    0
    0
    0
    0
    0
    0
    0
    0
    0
    0
    0
    0
    0
    0
    0
    0
    0
    0
    0
    0
    0
    0
    0
    0
    0
    0
    0
    0
    0
    0
    0
    0
    0
    0
    0
    0
    0
    0
    0
    0
    0
    0
    0
    0
    0
    0
    0
    0
    0
    0
    0
    0
    0
    0
    0
    0
    0
    0
    0
    0
    0
    0
    0
    0
    0
    0
    0
    0
    0
    0
    0
    0
    0
    0
    0
    0
    0
    0
    0
    0
    0
    0
    0
    0
    0
    0
    0
    0
    0
    0
    0
    0
    0
    0
    0
    0
    0
    0
    0
    0
    0
    0
    0
    0
    0
    0
    0
    0
    0
    0
    0
    0
    0
    0
    0
    0
    0
    0
    0
    0
    0
    0
    0
    0
    0
    0
    0
    0
    0
    0
    0
    0
    0
    0
    0
    0
    0
    0
    0
    0
    0
    0
    0
    0
    0
    0
    0
    0
    0
    0
    0
    0
    0
    0
    0
    0
    0
    0
    0
    0
    0
    0
    0
    0
    0
    0
    0
    0
    0
    0
    0
    0
    0
    0
    0
    0
    0
    0
    0
    0
    0
    0
    0
    0
    0
    0
    0
    0
    0
    0
    0
    0
    0
    0
    0
    0
    0
    0
    0
    0
    0
    0
    0
    0
    0
    0
    0
    0
    0
    0
    0
    0
    0
    0
    0
    0
    0
    0
    0
    0
    0
    0
    0
    0
    0
    0
    0
    0
    0
    0
    0
    0
    0
    0
    0
    0
    0
    0
    0
    0
    0
    0
    0
    0
    0
    0
    0
    0
    0
    0
    0
    0
    0
    0
    0
    0
    0
    0
    0
    0
    0
    0
    0
    0
    0
    0
    0
    0
    0
    0
    0
    0
    0
    0
    0
    0
    0
    0
    0
    0
    0
    0
    0
    0
    0
    0
    0
    0
    0
    0
    0
    0
    0
    0
    0
    0
    0
    0
    0
    0
    0
    0
    0
    0
    0
    0
    0
    0
    0
    0
    0
    0
    0
    0
    0
    0
    0
    0
    0
    0
    0
    0
    0
    0
    0
    0
    0
    0
    0
    0
    0
    0
    0
    0
    0
    0
    0
    0
    0
    0
    0
    0
    0
    0
    0
    0
    0
    0
    0
    0
    0
    0
    0
    0
    0
    0
    0
    0
    0
    0
    0
    0
    0
    0
    0
    0
    0
    0
    0
    0
    0
    0
    0
    0
    0
    0
    0
    0
    0
    0
    0
    0
    0
    0
    0
    0
    0
    0
    0
    0
    0
    0
    0
    0
    0
    0
    0
    0
    0
    0
    0
    0
    0
    0
    0
    0
    0
    0
    0
    0
    0
    0
    0
    0
    0
    0
    0
    0
    0
    0
    0
    0
    0
    0
    0
    0
    0
    0
    0
    0
    0
    0
    0
    0
    0
    0
    0
    0
    0
    0
    0
    0
    0
    0
    0
    0
    0
    0
    0
    0
    0
    0
    0
    0
    0
    0
    0
    0
    0
    0
    0
    0
    0
    0
    0
    0
    0
    0
    0
    0
    0
    0
    0
    0
    0
    0
    0
    0
    0
    0
    0
    0
    0
    0
    0
    0
    0
    0
    0
    0
    0
    0
    0
    0
    0
    0
    0
    0
    0
    0
    0
    0
    0
    0
    0
    0
    0
    0
    0
    0
    0
    0
    0
    0
    0
    0
    0
    0
    0
    0
    0
    0
    0
    0
    0
    0
    0
    0
    0
    0
    0
    0
    0
    0
    0
    0
    0
    0
    0
    0
    0
    0
    0
    0
    0
    0
    0
    0
    0
    0
    0
    0
    0
    0
    0
    0
    0
    0
    0
    0
    0
    0
    0
    0
    0
    0
    0
    0
    0
    0
    0
    0
    0
    0
    0
    0
    0
    0
    0
    0
    0
    0
    0
    0
    0
    0
    0
    0
    0
    0
    0
    0
    0
    0
    0
    0
    0
    0
    0
    0
    0
    0
    0
    0
    0
    0
    0
    0
    0
    0
    0
    0
    0
    0
    0
    0
    0
    0
    0
    0
    0
    0
    0
    0
    0
    0
    0
    0
    0
    0
    0
    0
    0
    0
    0
    0
    0
    0
    0
    0
    0
    0
    0
    0
    0
    0
    0
    0
    0
    0
    0
    0
    0
    0
    0
    0
    0
    0
    0
    0
    0
    0
    0
    0
    0
    0
    0
    0
    0
    0
    0
    0
    0
    0
    0
    0
    0
    0
    0
    0
    0
    0
    0
    0
    0
    0
    0
    0
    0
    0
    0
    0
    0
    0
    0
    0
    0
    0
    0
    0
    0
    0
    0
    0
    0
    0
    0
    0
    0
    0
    0
    0
    0
    0
    0
    0
    0
    0
    0
    0
    0
    0
    0
    0
    0
    0
    0
    0
    0
    0
    0
    0
    0
    0
    0
    0
    0
    0
    0
    0
    0
    0
    0
    0
    0
    0
    0
    0
    0
    0
    0
    0
    0
    0
    0
    0
    0
    0
    0
    0
    0
    0
    0
    0
    0
    0
    0
    0
    0
    0
    0
    0
    0
    0
    0
    0
    0
    0
    0
    0
    0
    0
    0
    0
    0
    0
    0
    0
    0
    0
    0
    0
    0
    0
    0
    0
    0
    0
    0
    0
    0
    0
    0
    0
    0
    0
    0
    0
    0
    0
    0
    0
    0
    0
    0
    0
    0
    0
    0
    0
    0
    0
    0
    0
    0
    0
    0
    0
    0
    0
    0
    0
    0
    0
    0
    0
    0
    0
    0
    0
    0
    0
    0
    0
    0
    0
    0
    0
    0
    0
    0
    0
    0
    0
    0
    0
    0
    0
    0
    0
    0
    0
    0
    0
    0
    0
    0
    0
    0
    0
    0
    0
    0
    0
    0
    0
    0
    0
    0
    0
    0
    0
    0
    0
    0
    0
    0
    0
    0
    0
    0
    0
    0
    0
    0
    0
    0
    0
    0
    0
    0
    0
    0
    0
    0
    0
    0
    0
    0
    0
    0
    0
    0
    0
    0
    0
    0
    0
    0
    0
    0
    0
    0
    0
    0
    0
    0
    0
    0
    0
    0
    0
    0
    0
    0
    0
    0
    0
    0
    0
    0
    0
    0
    0
    0
    0
    0
    0
    0
    0
    0
    0
    0
    0
    0
    0
    0
    0
    0
    0
    0
    0
    0
    0
    0
    0
    0
    0
    0
    0
    0
    0
    0
    0
    0
    0
    0
    0
    0
    0
    0
    0
    0
    0
    0
    0
    0
    0
    0
    0
    0
    0
    0
    0
    0
    0
    0
    0
    0
    0
    0
    0
    0
    0
    0
    0
    0
    0
    0
    0
    0
    0
    0
    0
    0
    0
    0
    0
    0
    0
    0
    0
    0
    0
    0
    0
    0
    0
    0
    0
    0
    0
    0
    0
    0
    0
    0
    0
    0
    0
    0
    0
    0
    0
    0
    0
    0
    0
    0
    0
    0
    0
    0
    0
    0
    0
    0
    0
    0
    0
    0
    0
    0
    0
    0
    0
    0
    0
    0
    0
    0
    0
    0
    0
    0
    0
    0
    0
    0
    0
    0
    0
    0
    0
    0
    0
    0
    0
    0
    0
    0
    0
    0
    0
    0
    0
    0
    0
    0
    0
    0
    0
    0
    0
    0
    0
    0
    0
    0
    0
    0
    0
    0
    0
    0
    0
    0
    0
    0
    0
    0
    0
    0
    0
    0
    0
    0
    0
    0
    0
    0
    0
    0
    0
    0
    0
    0
    0
    0
    0
    0
    0
    0
    0
    0
    0
    0
    0
    0
    0
    0
    0
    0
    0
    0
    0
    0
    0
    0
    0
    0
    0
    0
    0
    0
    0
    0
    0
    0
    0
    0
    0
    0
    0
    0
    0
    0
    0
    0
    0
    0
    0
    0
    0
    0
    0
    0
    0
    0
    0
    0
    0
    0
    0
    0
    0
    0
    0
    0
    0
    0
    0
    0
    0
    0
    0
    0
    0
    0
    0
    0
    0
    0
    0
    0
    0
    0
    0
    0
    0
    0
    0
    0
    0
    0
    0
    0
    0
    0
    0
    0
    0
    0
    0
    0
    0
    0
    0
    0
    0
    0
    0
    0
    0
    0
    0
    0
    0
    0
    0
    0
    0
    0
    0
    0
    0
    0
    0
    0
    0
    0
    0
    0
    0
    0
    0
    0
    0
    0
    0
    0
    0
    0
    0
    0
    0
    0
    0
    0
    0
    0
    0
    0
    0
    0
    0
    0
    0
    0
    0
    0
    0
    0
    0
    0
    0
    0
    0
    0
    0
    0
    0
    0
    0
    0
    0
    0
    0
    0
    0
    0
    0
    0
    0
    0
    0
    0
    0
    0
    0
    0
    0
    0
    0
    0
    0
    0
    0
    0
    0
    0
    0
    0
    0
    0
    0
    0
    0
    0
    0
    0
    0
    0
    0
    0
    0
    0
    0
    0
    0
    0
    0
    0
    0
    0
    0
    0
    0
    0
    0
    0
    0
    0
    0
    0
    0
    0
    0
    0
    0
    0
    0
    0
    0
    0
    0
    0
    0
    0
    0
    0
    0
    0
    0
    0
    0
    0
    0
    0
    0
    0
    0
    0
    0
    0
    0
    0
    0
    0
    0
    0
    0
    0
    0
    0
    0
    0
    0
    0
    0
    0
    0
    0
    0
    0
    0
    0
    0
    0
    0
    0
    0
    0
    0
    0
    0
    0
    0
    0
    0
    0
    0
    0
    0
    0
    0
    0
    0
    0
    0
    0
    0
    0
    0
    0
    0
    0
    0
    0
    0
    0
    0
    0
    0
    0
    0
    0
    0
    0
    0
    0
    0
    0
    0
    0
    0
    0
    0
    0
    0
    0
    0
    0
    0
    0
    0
    0
    0
    0
    0
    0
    0
    0
    0
    0
    0
    0
    0
    0
    0
    0
    0
    0
    0
    0
    0
    0
    0
    0
    0
    0
    0
    0
    0
    0
    0
    0
    0
    0
    0
    0
    0
    0
    0
    0
    0
    0
    0
    0
    0
    0
    0
    0
    0
    0
    0
    0
    0
    0
    0
    0
    0
    0
    0
    0
    0
    0
    0
    0
    0
    0
    0
    0
    0
    0
    0
    0
    0
    0
    0
    0
    0
    0
    0
    0
    0
    0
    0
    0
    0
    0
    0
    0
    0
    0
    0
    0
    0
    0
    0
    0
    0
    0
    0
    0
    0
    0
    0
    0
    0
    0
    0
    0
    0
    0
    0
    0
    0
    0
    0
    0
    0
    0
    0
    0
    0
    0
    0
    0
    0
    0
    0
    0
    0
    0
    0
    0
    0
    0
    0
    0
    0
    0
    0
    0
    0
    0
    0
    0
    0
    0
    0
    0
    0
    0
    0
    0
    0
    0
    0
    0
    0
    0
    0
    0
    0
    0
    0
    0
    0
    0
    0
    0
    0
    0
    0
    0
    0
    0
    0
    0
    0
    0
    0
    0
    0
    0
    0
    0
    0
    0
    0
    0
    0
    0
    0
    0
    0
    0
    0
    0
    0
    0
    0
    0
    0
    0
    0
    0
    0
    0
    0
    0
    0
    0
    0
    0
    0
    0
    0
    0
    0
    0
    0
    0
    0
    0
    0
    0
    0
    0
    0
    0
    0
    0
    0
    0
    0
    0
    0
    0
    0
    0
    0
    0
    0
    0
    0
    0
    0
    0
    0
    0
    0
    0
    0
    0
    0
    0
    0
    0
    0
    0
    0
    0
    0
    0
    0
    0
    0
    0
    0
    0
    0
    0
    0
    0
    0
    0
    0
    0
    0
    0
    0
    0
    0
    0
    0
    0
    0
    0
    0
    0
    0
    0
    0
    0
    0
    0
    0
    0
    0
    0
    0
    0
    0
    0
    0
    0
    0
    0
    0
    0
    0
    0
    0
    0
    0
    0
    0
    0
    0
    0
    0
    0
    0
    0
    0
    0
    0
    0
    0
    0
    0
    0
    0
    0
    0
    0
    0
    0
    0
    0
    0
    0
    0
    0
    0
    0
    0
    0
    0
    0
    0
    0
    0
    0
    0
    0
    0
    0
    0
    0
    0
    0
    0
    0
    0
    0
    0
    0
    0
    0
    0
    0
    0
    0
    0
    0
    0
    0
    0
    0
    0
    0
    0
    0
    0
    0
    0
    0
    0
    0
    0
    0
    0
    0
    0
    0
    0
    0
    0
    0
    0
    0
    0
    0
    0
    0
    0
    0
    0
    0
    0
    0
    0
    0
    0
    0
    0
    0
    0
    0
    0
    0
    0
    0
    0
    0
    0
    0
    0
    0
    0
    0
    0
    0
    0
    0
    0
    0
    0
    0
    0
    0
    0
    0
    0
    0
    0
    0
    0
    0
    0
    0
    0
    0
    0
    0
    0
    0
    0
    0
    0
    0
    0
    0
    0
    0
    0
    0
    0
    0
    0
    0
    0
    0
    0
    0
    0
    0
    0
    0
    0
    0
    0
    0
    0
    0
    0
    0
    0
    0
    0
    0
    0
    0
    0
    0
    0
    0
    0
    0
    0
    0
    0
    0
    0
    0
    0
    0
    0
    0
    0
    0
    0
    0
    0
    0
    0
    0
    0
    0
    0
    0
    0
    0
    0
    0
    0
    0
    0
    0
    0
    0
    0
    0
    0
    0
    0
    0
    0
    0
    0
    0
    0
    0
    0
    0
    0
    0
    0
    0
    0
    0
    0
    0
    0
    0
    0
    0
    0
    0
    0
    0
    0
    0
    0
    0
    0
    0
    0
    0
    0
    0
    0
    0
    0
    0
    0
    0
    0
    0
    0
    0
    0
    0
    0
    0
    0
    0
    0
    0
    0
    0
    0
    0
    0
    0
    0
    0
    0
    0
    0
    0
    0
    0
    0
    0
    0
    0
    0
    0
    0
    0
    0
    0
    0
    0
    0
    0
    0
    0
    0
    0
    0
    0
    0
    0
    0
    0
    0
    0
    0
    0
    0
    0
    0
    0
    0
    0
    0
    0
    0
    0
    0
    0
    0
    0
    0
    0
    0
    0
    0
    0
    0
    0
    0
    0
    0
    0
    0
    0
    0
    0
    0
    0
    0
    0
    0
    0
    0
    0
    0
    0
    0
    0
    0
    0
    0
    0
    0
    0
    0
    0
    0
    0
    0
    0
    0
    0
    0
    0
    0
    0
    0
    0
    0
    0
    0
    0
    0
    0
    0
    0
    0
    0
    0
    0
    0
    0
    0
    0
    0
    0
    0
    0
    0
    0
    0
    0
    0
    0
    0
    0
    0
    0
    0
    0
    0
    0
    0
    0
    0
    0
    0
    0
    0
    0
    0
    0
    0
    0
    0
    0
    0
    0
    0
    0
    0
    0
    0
    0
    0
    0
    0
    0
    0
    0
    0
    0
    0
    0
    0
    0
    0
    0
    0
    0
    0
    0
    0
    0
    0
    0
    0
    0
    0
    0
    0
    0
    0
    0
    0
    0
    0
    0
    0
    0
    0
    0
    0
    0
    0
    0
    0
    0
    0
    0
    0
    0
    0
    0
    0
    0
    0
    0
    0
    0
    0
    0
    0
    0
    0
    0
    0
    0
    0
    0
    0
    0
    0
    0
    0
    0
    0
    0
    0
    0
    0
    0
    0
    0
    0
    0
    0
    0
    0
    0
    0
    0
    0
    0
    0
    0
    0
    0
    0
    0
    0
    0
    0
    0
    0
    0
    0
    0
    0
    0
    0
    0
    0
    0
    0
    0
    0
    0
    0
    0
    0
    0
    0
    0
    0
    0
    0
    0
    0
    0
    0
    0
    0
    0
    0
    0
    0
    0
    0
    0
    0
    0
    0
    0
    0
    0
    0
    0
    0
    0
    0
    0
    0
    0
    0
    0
    0
    0
    0
    0
    0
    0
    0
    0
    0
    0
    0
    0
    0
    0
    0
    0
    0
    0
    0
    0
    0
    0
    0
    0
    0
    0
    0
    0
    0
    0
    0
    0
    0
    0
    0
    0
    0
    0
    0
    0
    0
    0
    0
    0
    0
    0
    0
    0
    0
    0
    0
    0
    0
    0
    0
    0
    0
    0
    0
    0
    0
    0
    0
    0
    0
    0
    0
    0
    0
    0
    0
    0
    0
    0
    0
    0
    0
    0
    0
    0
    0
    0
    0
    0
    0
    0
    0
    0
    0
    0
    0
    0
    0
    0
    0
    0
    0
    0
    0
    0
    0
    0
    0
    0
    0
    0
    0
    0
    0
    0
    0
    0
    0
    0
    0
    0
    0
    0
    0
    0
    0
    0
    0
    0
    0
    0
    0
    0
    0
    0
    0
    0
    0
    0
    0
    0
    0
    0
    0
    0
    0
    0
    0
    0
    0
    0
    0
    0
    0
    0
    0
    0
    0
    0
    0
    0
    0
    0
    0
    0
    0
    0
    0
    0
    0
    0
    0
    0
    0
    0
    0
    0
    0
    0
    0
    0
    0
    0
    0
    0
    0
    0
    0
    0
    0
    0
    0
    0
    0
    0
    0
    0
    0
    0
    0
    0
    0
    0
    0
    0
    0
    0
    0
    0
    0
    0
    0
    0
    0
    0
    0
    0
    0
    0
    0
    0
    0
    0
    0
    0
    0
    0
    0
    0
    0
    0
    0
    0
    0
    0
    0
    0
    0
    0
    0
    0
    0
    0
    0
    0
    0
    0
    0
    0
    0
    0
    0
    0
    0
    0
    0
    0
    0
    0
    0
    0
    0
    0
    0
    0
    0
    0
    0
    0
    0
    0
    0
