Project Info:
    ACQ Time: 2019- 9-24  11:22: 3: 555 .
    Project: ltj左侧足三里右旁开（足三里涂红药水30min）
    Name: 
    Part:  
    Operator:  
    Desc.:  
    Sample Data Acquired.

ACQ Parameters:
    Excited Peroid(ms): 50
    Excited Time(ms): 10
    Acq Delay Time(us): 10
    Gate Time(ms): 20
    Count Num per gate: 100
    Repeat Times: 50
    Acq Gate Times: 1
    Interval per Gate(us): 100
    Channel Number: 2

Data:
    426
    351
    281
    267
    258
    211
    190
    185
    159
    174
    160
    121
    134
    130
    102
    118
    101
    107
    101
    77
    97
    99
    78
    85
    78
    82
    73
    65
    57
    58
    53
    51
    63
    48
    44
    38
    42
    48
    37
    42
    38
    31
    33
    26
    24
    31
    25
    28
    31
    28
    25
    33
    27
    13
    20
    17
    32
    22
    19
    23
    18
    9
    18
    14
    16
    24
    6
    19
    5
    7
    18
    8
    18
    8
    12
    10
    10
    15
    10
    5
    13
    10
    11
    8
    15
    10
    13
    5
    14
    8
    6
    9
    8
    8
    16
    10
    5
    2
    9
    4
    396
    337
    287
    295
    258
    227
    219
    189
    189
    182
    162
    137
    154
    124
    108
    127
    123
    109
    97
    98
    102
    93
    87
    85
    80
    65
    61
    65
    61
    54
    59
    61
    46
    68
    60
    45
    40
    55
    42
    46
    32
    36
    39
    32
    35
    26
    21
    26
    33
    23
    24
    24
    27
    24
    13
    15
    23
    20
    28
    15
    15
    19
    13
    19
    20
    12
    16
    15
    16
    13
    13
    20
    11
    15
    7
    6
    10
    4
    10
    6
    8
    5
    11
    10
    8
    12
    7
    12
    9
    13
    10
    8
    8
    5
    10
    10
    4
    5
    9
    4
    390
    332
    303
    278
    246
    232
    216
    200
    188
    180
    179
    148
    125
    128
    147
    103
    99
    107
    98
    104
    90
    88
    88
    86
    71
    88
    70
    69
    52
    52
    59
    46
    57
    53
    48
    49
    46
    43
    47
    44
    35
    40
    47
    27
    33
    39
    29
    30
    23
    23
    28
    32
    21
    17
    28
    14
    21
    16
    25
    22
    13
    17
    17
    16
    15
    25
    22
    14
    15
    11
    20
    11
    9
    14
    9
    13
    12
    6
    11
    13
    10
    6
    8
    9
    8
    7
    10
    8
    9
    9
    7
    8
    6
    11
    10
    6
    6
    4
    10
    6
    381
    355
    319
    288
    221
    224
    213
    229
    179
    172
    147
    145
    126
    135
    117
    117
    112
    117
    108
    100
    104
    96
    76
    90
    77
    78
    71
    76
    67
    52
    72
    60
    60
    59
    55
    47
    41
    44
    44
    36
    44
    39
    42
    31
    42
    38
    18
    26
    28
    37
    37
    25
    25
    34
    30
    27
    16
    25
    20
    18
    14
    24
    12
    21
    15
    19
    20
    12
    11
    14
    18
    13
    15
    8
    18
    9
    9
    14
    12
    10
    12
    6
    13
    9
    6
    11
    9
    9
    15
    8
    10
    9
    10
    10
    9
    2
    11
    6
    7
    5
    419
    336
    321
    273
    290
    221
    211
    199
    206
    169
    175
    133
    173
    151
    113
    125
    107
    126
    132
    92
    100
    73
    90
    77
    70
    78
    65
    69
    64
    74
    55
    60
    63
    45
    40
    43
    52
    46
    41
    30
    34
    33
    36
    34
    35
    27
    30
    29
    27
    29
    24
    32
    24
    21
    18
    17
    21
    23
    22
    14
    20
    23
    17
    12
    12
    11
    16
    14
    11
    8
    11
    18
    13
    11
    10
    13
    14
    10
    10
    12
    12
    13
    11
    6
    7
    9
    12
    10
    8
    6
    8
    12
    7
    7
    11
    9
    6
    4
    5
    6
    401
    325
    267
    267
    246
    210
    228
    167
    184
    187
    171
    153
    156
    133
    124
    111
    118
    127
    115
    116
    104
    81
    86
    70
    69
    73
    69
    60
    64
    60
    54
    54
    53
    50
    42
    51
    44
    47
    50
    25
    32
    31
    44
    39
    40
    30
    24
    37
    31
    29
    32
    31
    33
    22
    23
    27
    22
    21
    23
    19
    24
    19
    17
    20
    14
    10
    14
    15
    17
    15
    9
    9
    10
    14
    10
    9
    13
    12
    9
    10
    9
    11
    6
    8
    9
    8
    11
    10
    7
    12
    10
    6
    9
    7
    7
    7
    7
    7
    7
    7
    382
    374
    314
    294
    249
    251
    213
    194
    189
    185
    181
    175
    150
    139
    135
    111
    103
    120
    116
    115
    89
    109
    84
    77
    66
    72
    65
    61
    81
    66
    45
    59
    62
    53
    56
    49
    47
    42
    53
    41
    38
    44
    44
    42
    41
    32
    27
    37
    30
    29
    30
    31
    22
    30
    27
    26
    22
    19
    15
    23
    24
    18
    24
    14
    12
    15
    17
    15
    16
    13
    16
    15
    13
    17
    19
    7
    14
    22
    17
    11
    10
    10
    10
    14
    10
    11
    9
    4
    10
    8
    8
    6
    5
    6
    6
    5
    11
    8
    6
    9
    382
    355
    336
    286
    233
    251
    210
    207
    184
    191
    164
    148
    139
    133
    133
    123
    111
    121
    103
    92
    87
    80
    74
    76
    78
    69
    71
    72
    70
    61
    57
    58
    53
    64
    53
    58
    49
    49
    34
    34
    27
    47
    45
    22
    27
    36
    28
    26
    28
    33
    20
    28
    25
    21
    22
    21
    22
    23
    23
    17
    22
    31
    17
    23
    15
    16
    11
    9
    17
    16
    12
    10
    16
    7
    13
    11
    11
    16
    10
    11
    12
    10
    10
    12
    7
    7
    17
    15
    9
    10
    9
    7
    11
    6
    9
    6
    3
    4
    9
    7
    392
    390
    327
    263
    253
    222
    242
    221
    179
    154
    171
    157
    152
    155
    140
    112
    138
    115
    116
    108
    116
    115
    90
    68
    90
    75
    80
    66
    67
    60
    68
    50
    53
    60
    51
    54
    59
    51
    42
    34
    44
    43
    38
    32
    36
    40
    27
    39
    32
    29
    19
    36
    28
    25
    16
    23
    14
    22
    19
    22
    19
    12
    17
    16
    17
    16
    22
    15
    23
    4
    9
    14
    13
    10
    9
    17
    12
    13
    8
    13
    8
    10
    10
    9
    10
    12
    10
    7
    5
    6
    4
    9
    9
    8
    7
    9
    3
    4
    5
    7
    401
    328
    323
    260
    236
    252
    186
    173
    187
    150
    168
    153
    141
    126
    131
    133
    101
    114
    106
    94
    96
    96
    107
    65
    85
    70
    75
    86
    80
    74
    63
    59
    49
    63
    50
    64
    57
    49
    36
    48
    27
    35
    46
    36
    42
    38
    25
    32
    31
    39
    37
    22
    17
    31
    22
    19
    19
    18
    19
    20
    20
    14
    23
    16
    9
    20
    23
    13
    10
    18
    13
    13
    18
    13
    15
    13
    16
    13
    13
    13
    14
    12
    3
    8
    7
    5
    15
    10
    6
    6
    10
    11
    8
    6
    12
    6
    5
    9
    7
    5
    388
    385
    293
    287
    255
    229
    206
    196
    192
    177
    167
    166
    158
    149
    135
    126
    117
    109
    100
    117
    99
    98
    87
    84
    94
    79
    79
    73
    74
    58
    63
    44
    54
    62
    44
    49
    38
    49
    44
    44
    44
    29
    34
    34
    33
    26
    23
    31
    34
    37
    33
    29
    25
    27
    29
    19
    17
    20
    23
    24
    18
    16
    17
    16
    15
    17
    17
    20
    14
    13
    16
    15
    10
    11
    8
    10
    17
    16
    12
    5
    8
    14
    10
    11
    8
    4
    3
    6
    9
    8
    9
    11
    4
    3
    6
    5
    7
    8
    6
    7
    383
    362
    302
    297
    240
    240
    211
    176
    165
    165
    161
    163
    139
    138
    124
    112
    100
    115
    103
    84
    95
    82
    83
    86
    81
    78
    66
    66
    67
    66
    79
    64
    69
    56
    49
    54
    52
    46
    56
    43
    41
    30
    44
    33
    27
    39
    23
    35
    35
    33
    23
    32
    21
    29
    24
    20
    21
    26
    26
    17
    23
    18
    21
    18
    14
    17
    13
    14
    14
    20
    22
    9
    14
    17
    9
    11
    9
    12
    9
    9
    6
    12
    8
    11
    12
    9
    8
    5
    4
    10
    6
    12
    10
    11
    3
    15
    6
    4
    8
    3
    386
    334
    328
    269
    261
    216
    230
    199
    190
    179
    175
    151
    139
    128
    129
    110
    97
    111
    115
    120
    91
    103
    99
    80
    75
    87
    81
    66
    80
    77
    47
    52
    61
    52
    40
    46
    62
    41
    44
    39
    38
    44
    29
    32
    30
    29
    33
    29
    31
    30
    27
    27
    23
    22
    18
    19
    13
    21
    14
    17
    19
    21
    13
    18
    13
    14
    12
    11
    17
    11
    21
    11
    11
    17
    13
    13
    11
    18
    17
    8
    13
    9
    10
    12
    15
    6
    10
    10
    5
    8
    5
    8
    9
    12
    5
    6
    7
    6
    7
    12
    373
    357
    290
    270
    247
    242
    254
    197
    175
    166
    145
    153
    124
    114
    131
    129
    116
    106
    93
    97
    98
    96
    68
    85
    80
    87
    95
    72
    74
    71
    63
    44
    50
    55
    64
    60
    42
    45
    46
    43
    30
    30
    48
    28
    30
    45
    30
    39
    30
    30
    25
    31
    29
    20
    25
    27
    29
    25
    18
    25
    22
    23
    18
    15
    11
    15
    11
    15
    12
    16
    7
    13
    12
    14
    15
    15
    14
    8
    13
    14
    10
    14
    12
    12
    9
    9
    5
    10
    10
    4
    8
    15
    13
    11
    11
    6
    8
    8
    8
    4
    392
    376
    316
    290
    255
    223
    221
    185
    194
    175
    162
    142
    150
    164
    139
    125
    118
    107
    114
    82
    109
    92
    99
    78
    69
    66
    79
    72
    61
    77
    67
    47
    51
    51
    41
    58
    49
    47
    47
    52
    33
    43
    45
    42
    39
    30
    40
    27
    40
    23
    26
    25
    19
    25
    26
    21
    22
    21
    26
    21
    14
    21
    15
    19
    16
    13
    20
    16
    13
    10
    14
    19
    21
    16
    7
    11
    17
    13
    11
    16
    6
    11
    10
    7
    5
    6
    7
    10
    8
    11
    6
    3
    12
    10
    14
    4
    7
    11
    4
    7
    385
    343
    315
    277
    245
    206
    200
    222
    179
    163
    190
    161
    150
    141
    130
    103
    128
    116
    119
    101
    121
    91
    84
    85
    90
    78
    83
    72
    64
    51
    61
    54
    46
    57
    43
    50
    49
    44
    42
    53
    45
    44
    34
    34
    31
    30
    31
    30
    36
    32
    37
    26
    19
    32
    19
    35
    19
    20
    23
    31
    15
    23
    22
    18
    15
    17
    11
    17
    11
    15
    24
    10
    9
    15
    3
    12
    14
    13
    11
    16
    12
    11
    8
    8
    12
    7
    7
    10
    10
    12
    7
    9
    6
    8
    6
    9
    7
    8
    5
    7
    371
    369
    305
    278
    248
    203
    215
    205
    181
    148
    153
    143
    168
    134
    131
    115
    131
    122
    126
    90
    86
    90
    89
    84
    73
    75
    77
    69
    65
    58
    64
    52
    53
    63
    50
    41
    46
    54
    45
    51
    42
    35
    32
    41
    28
    38
    30
    39
    30
    30
    27
    36
    23
    23
    20
    27
    24
    14
    24
    25
    20
    20
    27
    20
    17
    15
    16
    8
    17
    21
    14
    18
    14
    18
    11
    9
    7
    17
    19
    8
    7
    14
    8
    11
    8
    7
    6
    10
    8
    8
    10
    7
    6
    7
    5
    9
    9
    4
    9
    6
    434
    352
    300
    263
    252
    227
    231
    229
    195
    193
    177
    164
    148
    148
    137
    130
    127
    118
    105
    107
    111
    82
    95
    106
    90
    73
    80
    71
    68
    50
    63
    45
    61
    54
    49
    56
    52
    48
    49
    41
    33
    28
    55
    46
    33
    32
    32
    37
    22
    21
    27
    22
    30
    16
    24
    33
    20
    30
    23
    31
    26
    24
    17
    20
    19
    20
    16
    9
    18
    19
    12
    10
    18
    10
    11
    15
    9
    16
    11
    11
    5
    8
    9
    12
    12
    7
    7
    10
    8
    11
    5
    5
    7
    5
    11
    7
    6
    7
    10
    5
    418
    389
    317
    264
    252
    250
    218
    232
    181
    171
    171
    150
    148
    123
    131
    124
    114
    114
    102
    97
    93
    91
    110
    87
    74
    80
    65
    83
    73
    61
    53
    60
    49
    52
    67
    54
    49
    43
    43
    45
    42
    29
    46
    38
    32
    39
    29
    26
    36
    34
    38
    35
    30
    25
    22
    26
    24
    23
    19
    27
    18
    16
    23
    11
    20
    25
    16
    14
    15
    10
    17
    10
    16
    14
    12
    10
    15
    13
    15
    11
    15
    16
    7
    11
    12
    10
    7
    8
    11
    8
    6
    13
    8
    12
    14
    6
    9
    6
    8
    4
    358
    343
    333
    285
    243
    250
    251
    206
    193
    181
    177
    162
    152
    152
    145
    112
    133
    109
    105
    101
    94
    77
    73
    103
    80
    63
    73
    65
    69
    64
    57
    45
    57
    64
    46
    65
    49
    38
    49
    23
    49
    39
    24
    35
    35
    36
    27
    29
    23
    26
    26
    38
    31
    34
    22
    23
    24
    21
    13
    19
    14
    23
    13
    20
    12
    30
    18
    19
    18
    15
    8
    19
    12
    15
    9
    12
    9
    8
    13
    8
    5
    10
    4
    11
    5
    10
    11
    15
    7
    12
    9
    7
    7
    8
    10
    7
    4
    7
    11
    4
    406
    380
    339
    256
    258
    248
    209
    208
    196
    180
    169
    137
    139
    128
    122
    130
    136
    117
    110
    103
    94
    102
    90
    95
    61
    85
    79
    70
    64
    77
    62
    63
    53
    47
    51
    41
    47
    56
    39
    35
    33
    37
    36
    40
    36
    29
    33
    45
    32
    30
    19
    26
    26
    17
    34
    26
    23
    28
    21
    23
    14
    15
    25
    20
    14
    24
    11
    16
    18
    18
    14
    8
    11
    13
    20
    12
    15
    12
    13
    8
    14
    12
    8
    14
    11
    7
    17
    7
    12
    10
    12
    7
    6
    7
    2
    7
    7
    4
    8
    4
    399
    403
    335
    300
    254
    224
    191
    186
    178
    151
    185
    149
    156
    146
    156
    124
    114
    123
    110
    105
    116
    112
    87
    87
    93
    80
    81
    69
    64
    65
    54
    51
    60
    40
    52
    56
    47
    43
    35
    40
    36
    27
    39
    39
    27
    28
    37
    29
    31
    39
    39
    33
    27
    25
    23
    25
    23
    23
    19
    20
    17
    19
    21
    19
    21
    11
    10
    14
    16
    11
    23
    17
    13
    10
    17
    4
    13
    10
    17
    10
    15
    10
    13
    11
    5
    9
    6
    10
    7
    10
    4
    5
    9
    12
    3
    7
    11
    6
    8
    2
    396
    384
    306
    260
    245
    226
    211
    227
    198
    197
    176
    158
    139
    154
    126
    119
    108
    127
    117
    104
    106
    105
    91
    75
    77
    79
    76
    79
    65
    90
    63
    65
    55
    58
    57
    50
    50
    51
    43
    37
    41
    35
    46
    47
    40
    41
    33
    40
    28
    34
    26
    38
    26
    30
    25
    25
    24
    23
    22
    28
    14
    14
    17
    17
    18
    11
    10
    14
    17
    16
    12
    15
    5
    16
    15
    14
    12
    10
    7
    12
    12
    8
    16
    14
    11
    14
    5
    8
    6
    5
    11
    8
    8
    11
    16
    2
    8
    5
    3
    7
    408
    364
    324
    298
    231
    249
    224
    228
    195
    174
    157
    199
    145
    144
    136
    118
    123
    98
    113
    121
    105
    102
    70
    90
    84
    76
    61
    76
    75
    55
    56
    62
    48
    59
    48
    52
    53
    48
    45
    58
    49
    38
    44
    41
    41
    26
    27
    26
    28
    31
    31
    24
    21
    32
    38
    21
    18
    27
    23
    26
    18
    15
    16
    16
    23
    13
    18
    20
    21
    19
    22
    21
    14
    6
    15
    10
    8
    9
    12
    13
    8
    9
    13
    15
    15
    12
    10
    10
    10
    10
    10
    12
    7
    11
    15
    4
    4
    4
    5
    8
    400
    403
    324
    281
    259
    211
    228
    224
    203
    167
    168
    168
    166
    145
    150
    130
    128
    123
    95
    92
    107
    87
    97
    79
    80
    81
    82
    76
    76
    66
    62
    62
    71
    55
    47
    43
    49
    53
    42
    39
    43
    53
    48
    30
    26
    27
    38
    33
    32
    21
    21
    30
    25
    26
    20
    21
    24
    22
    25
    19
    23
    16
    15
    11
    20
    14
    11
    21
    17
    20
    9
    14
    17
    12
    4
    12
    15
    10
    3
    10
    11
    11
    7
    9
    8
    13
    3
    9
    12
    11
    8
    7
    6
    10
    7
    12
    5
    3
    6
    13
    403
    356
    325
    270
    251
    234
    220
    204
    179
    189
    175
    156
    164
    153
    134
    133
    136
    120
    115
    117
    106
    84
    100
    86
    78
    62
    76
    76
    73
    65
    54
    74
    57
    60
    46
    45
    46
    41
    36
    38
    41
    37
    40
    40
    22
    49
    34
    35
    28
    32
    25
    20
    36
    34
    27
    21
    18
    24
    25
    25
    17
    22
    25
    8
    12
    19
    19
    22
    13
    20
    16
    16
    14
    11
    15
    16
    13
    12
    15
    8
    13
    14
    10
    9
    11
    10
    7
    5
    9
    5
    9
    9
    5
    6
    9
    12
    4
    7
    9
    5
    413
    366
    275
    299
    266
    234
    244
    201
    185
    167
    154
    165
    151
    133
    134
    134
    108
    105
    111
    113
    103
    111
    83
    82
    76
    65
    81
    67
    76
    62
    68
    54
    64
    51
    53
    55
    58
    47
    51
    35
    40
    41
    45
    33
    35
    32
    30
    27
    35
    32
    26
    34
    31
    31
    26
    24
    20
    26
    21
    22
    29
    20
    20
    21
    18
    16
    18
    23
    17
    23
    17
    20
    18
    14
    16
    15
    11
    18
    15
    13
    18
    13
    12
    9
    11
    9
    5
    9
    6
    7
    10
    9
    7
    7
    8
    8
    8
    7
    8
    9
    411
    365
    325
    297
    239
    228
    213
    188
    203
    176
    166
    168
    140
    129
    140
    132
    141
    107
    95
    109
    100
    82
    86
    97
    103
    79
    72
    73
    66
    70
    52
    53
    64
    59
    58
    61
    52
    38
    52
    50
    47
    30
    38
    39
    35
    27
    38
    39
    36
    26
    23
    31
    29
    26
    22
    21
    15
    18
    25
    22
    24
    18
    18
    24
    22
    13
    14
    20
    15
    25
    13
    14
    9
    14
    9
    16
    11
    10
    15
    9
    16
    15
    15
    14
    15
    9
    8
    10
    11
    7
    10
    12
    8
    11
    9
    4
    10
    8
    5
    10
    395
    322
    313
    283
    265
    209
    184
    241
    194
    172
    183
    151
    145
    144
    124
    117
    128
    129
    98
    105
    101
    94
    94
    91
    76
    67
    78
    82
    77
    59
    84
    67
    55
    57
    60
    56
    42
    59
    49
    50
    42
    40
    33
    36
    33
    29
    33
    39
    33
    33
    36
    35
    32
    28
    14
    23
    27
    23
    21
    22
    19
    12
    26
    19
    26
    20
    11
    17
    15
    15
    19
    21
    19
    14
    16
    13
    12
    14
    17
    10
    12
    18
    13
    11
    12
    13
    16
    6
    13
    9
    7
    7
    8
    12
    6
    9
    8
    6
    5
    5
    391
    350
    290
    287
    227
    236
    199
    200
    165
    183
    179
    170
    155
    125
    136
    120
    130
    98
    110
    88
    90
    91
    91
    90
    96
    87
    71
    75
    79
    66
    51
    65
    44
    52
    53
    58
    44
    59
    45
    43
    42
    43
    22
    42
    34
    27
    31
    37
    34
    32
    29
    36
    29
    30
    33
    25
    27
    15
    23
    24
    18
    24
    16
    15
    12
    16
    23
    16
    14
    14
    9
    13
    15
    21
    13
    13
    16
    6
    18
    14
    8
    14
    9
    10
    12
    7
    5
    8
    10
    4
    8
    9
    7
    9
    6
    3
    8
    3
    8
    9
    384
    362
    331
    270
    286
    220
    185
    210
    193
    162
    170
    171
    168
    120
    139
    98
    131
    101
    112
    83
    82
    94
    97
    72
    79
    58
    73
    63
    76
    71
    65
    50
    72
    57
    65
    41
    47
    56
    44
    60
    41
    38
    43
    37
    37
    36
    36
    40
    27
    32
    24
    32
    17
    26
    24
    36
    15
    21
    21
    19
    26
    23
    18
    12
    27
    14
    21
    16
    16
    15
    15
    14
    11
    9
    12
    22
    16
    12
    10
    10
    16
    12
    12
    12
    11
    12
    5
    4
    11
    8
    6
    7
    4
    8
    7
    8
    9
    15
    10
    6
    376
    362
    361
    298
    276
    238
    223
    173
    197
    192
    198
    153
    169
    132
    107
    134
    103
    115
    101
    105
    79
    90
    108
    92
    80
    86
    76
    89
    68
    78
    60
    62
    65
    56
    41
    55
    56
    59
    39
    38
    43
    43
    52
    33
    36
    36
    38
    27
    26
    28
    25
    22
    29
    31
    26
    35
    35
    25
    19
    22
    22
    26
    15
    22
    19
    19
    13
    20
    14
    17
    10
    17
    15
    12
    14
    10
    14
    12
    9
    12
    7
    11
    12
    11
    12
    12
    9
    10
    10
    13
    9
    7
    3
    10
    8
    6
    9
    9
    12
    14
    397
    367
    320
    302
    251
    208
    234
    195
    176
    185
    190
    160
    137
    155
    146
    122
    133
    136
    99
    90
    116
    107
    93
    67
    74
    82
    91
    65
    80
    62
    68
    71
    58
    57
    54
    50
    39
    61
    41
    51
    38
    37
    43
    54
    30
    47
    41
    40
    22
    33
    35
    22
    15
    25
    24
    27
    22
    29
    30
    29
    19
    21
    21
    17
    13
    14
    12
    15
    21
    17
    12
    12
    15
    14
    14
    8
    18
    9
    16
    17
    10
    13
    11
    10
    8
    9
    15
    9
    9
    13
    6
    10
    5
    12
    7
    8
    8
    3
    11
    6
    461
    341
    306
    288
    246
    250
    220
    213
    194
    187
    160
    163
    144
    131
    134
    125
    113
    108
    108
    110
    94
    94
    109
    88
    70
    92
    77
    69
    72
    58
    54
    68
    71
    57
    53
    42
    49
    34
    49
    47
    34
    34
    35
    37
    37
    33
    24
    24
    25
    31
    28
    31
    23
    29
    23
    20
    26
    25
    18
    23
    16
    16
    21
    20
    19
    19
    15
    23
    16
    11
    11
    18
    18
    13
    14
    12
    9
    15
    11
    12
    9
    11
    8
    19
    14
    19
    8
    6
    8
    7
    8
    4
    5
    5
    8
    11
    11
    14
    12
    6
    386
    346
    319
    263
    242
    252
    193
    212
    183
    202
    172
    159
    142
    122
    142
    138
    126
    113
    102
    81
    89
    103
    79
    90
    85
    81
    73
    64
    67
    63
    50
    60
    51
    49
    51
    62
    51
    43
    41
    45
    44
    37
    31
    37
    43
    32
    37
    33
    33
    35
    30
    21
    32
    33
    25
    26
    24
    17
    29
    19
    20
    23
    15
    20
    22
    19
    11
    19
    12
    19
    15
    14
    21
    16
    12
    12
    15
    6
    13
    6
    15
    10
    13
    10
    11
    8
    7
    9
    9
    8
    8
    6
    9
    8
    4
    6
    6
    8
    7
    3
    418
    361
    333
    275
    247
    248
    207
    220
    195
    174
    191
    156
    143
    134
    129
    125
    125
    131
    95
    112
    110
    105
    106
    93
    94
    76
    59
    59
    60
    77
    73
    66
    62
    59
    57
    54
    45
    39
    42
    46
    44
    35
    41
    33
    31
    50
    33
    30
    30
    30
    30
    19
    22
    27
    24
    25
    22
    22
    26
    21
    17
    24
    17
    20
    18
    18
    12
    18
    13
    20
    26
    15
    16
    16
    16
    16
    15
    7
    13
    17
    11
    7
    10
    14
    15
    12
    14
    13
    11
    7
    9
    9
    10
    5
    4
    9
    7
    5
    8
    4
    381
    329
    293
    272
    266
    219
    222
    211
    187
    171
    170
    156
    151
    144
    136
    122
    105
    133
    118
    111
    107
    89
    99
    88
    73
    91
    68
    80
    72
    65
    69
    62
    49
    68
    50
    47
    55
    57
    49
    46
    47
    51
    37
    42
    31
    32
    29
    40
    26
    36
    21
    28
    31
    18
    22
    22
    18
    29
    18
    18
    18
    23
    24
    16
    13
    12
    20
    14
    21
    22
    13
    21
    7
    12
    18
    16
    14
    13
    11
    14
    10
    11
    16
    6
    11
    8
    12
    6
    11
    11
    10
    12
    7
    11
    5
    8
    5
    5
    6
    10
    386
    371
    324
    285
    226
    233
    214
    213
    197
    189
    151
    166
    163
    144
    133
    138
    132
    113
    115
    97
    95
    88
    91
    90
    89
    86
    61
    72
    74
    58
    60
    73
    59
    60
    55
    52
    44
    56
    55
    43
    47
    38
    41
    40
    43
    37
    35
    30
    31
    21
    22
    17
    26
    28
    22
    32
    24
    25
    19
    21
    27
    10
    20
    20
    14
    20
    13
    16
    11
    24
    12
    18
    24
    13
    18
    13
    20
    13
    19
    13
    19
    13
    9
    12
    8
    12
    12
    8
    11
    11
    9
    11
    13
    11
    4
    8
    7
    6
    10
    5
    364
    343
    300
    291
    250
    216
    226
    216
    158
    179
    160
    147
    150
    152
    129
    126
    118
    118
    96
    101
    94
    113
    86
    91
    88
    73
    72
    80
    55
    71
    61
    60
    69
    45
    50
    53
    51
    43
    50
    42
    46
    47
    35
    38
    23
    26
    37
    25
    32
    24
    29
    27
    30
    25
    24
    29
    23
    25
    22
    19
    26
    19
    20
    9
    17
    10
    24
    19
    12
    8
    10
    18
    13
    20
    11
    17
    7
    8
    21
    9
    13
    12
    4
    11
    14
    9
    8
    5
    13
    11
    8
    12
    10
    7
    4
    9
    5
    12
    9
    8
    412
    346
    337
    278
    264
    251
    209
    208
    177
    172
    140
    143
    144
    145
    112
    118
    120
    105
    107
    103
    111
    99
    83
    80
    88
    76
    74
    70
    64
    63
    74
    64
    76
    51
    48
    55
    47
    54
    41
    34
    39
    28
    34
    28
    28
    29
    38
    23
    30
    27
    20
    37
    33
    24
    29
    31
    37
    14
    26
    19
    22
    15
    22
    22
    18
    13
    22
    15
    20
    17
    15
    19
    16
    10
    13
    7
    15
    19
    10
    11
    12
    9
    7
    5
    12
    6
    8
    17
    6
    6
    14
    8
    2
    7
    7
    4
    4
    9
    7
    5
    402
    343
    322
    285
    255
    220
    225
    223
    193
    177
    141
    161
    147
    122
    138
    131
    130
    103
    100
    104
    104
    85
    83
    81
    85
    68
    60
    69
    58
    67
    65
    48
    69
    49
    53
    40
    62
    44
    48
    51
    47
    51
    44
    34
    45
    36
    40
    34
    29
    26
    31
    28
    26
    22
    19
    30
    22
    18
    23
    16
    19
    18
    22
    17
    17
    20
    24
    12
    24
    21
    17
    11
    20
    13
    13
    11
    9
    16
    12
    11
    14
    10
    5
    11
    8
    6
    13
    7
    14
    8
    8
    7
    6
    11
    5
    9
    6
    3
    6
    5
    417
    370
    300
    289
    292
    226
    238
    193
    171
    178
    175
    188
    149
    153
    139
    143
    119
    106
    100
    135
    93
    110
    90
    88
    95
    66
    64
    74
    51
    67
    56
    60
    64
    47
    62
    54
    40
    57
    45
    45
    40
    32
    40
    45
    34
    37
    38
    44
    40
    37
    22
    24
    32
    30
    22
    29
    30
    18
    25
    26
    27
    15
    25
    15
    14
    16
    24
    19
    16
    19
    14
    19
    20
    16
    19
    19
    13
    11
    9
    15
    10
    10
    15
    10
    5
    9
    7
    7
    9
    6
    8
    10
    7
    9
    7
    7
    3
    6
    15
    8
    404
    330
    296
    292
    275
    260
    228
    208
    193
    178
    156
    180
    145
    129
    121
    115
    117
    118
    124
    98
    91
    94
    102
    78
    78
    83
    93
    64
    72
    55
    75
    48
    49
    50
    46
    47
    45
    54
    37
    47
    33
    47
    50
    42
    33
    34
    28
    40
    35
    26
    24
    18
    35
    24
    20
    25
    29
    30
    21
    28
    16
    19
    15
    14
    14
    18
    15
    8
    18
    20
    14
    12
    15
    16
    14
    10
    15
    13
    8
    10
    12
    13
    5
    5
    8
    8
    5
    19
    5
    2
    7
    10
    8
    11
    5
    6
    11
    9
    10
    7
    377
    328
    288
    304
    254
    222
    197
    216
    214
    189
    187
    158
    162
    155
    133
    118
    129
    131
    111
    104
    89
    102
    79
    80
    76
    76
    74
    71
    69
    67
    59
    52
    67
    61
    46
    51
    50
    49
    51
    35
    48
    39
    37
    41
    31
    37
    34
    26
    30
    21
    27
    30
    34
    26
    19
    30
    21
    23
    16
    27
    17
    22
    16
    10
    24
    20
    17
    8
    25
    19
    18
    11
    10
    18
    12
    13
    10
    13
    15
    10
    11
    12
    15
    9
    13
    14
    7
    9
    5
    9
    12
    6
    7
    4
    12
    6
    6
    8
    7
    3
    376
    370
    319
    267
    259
    242
    239
    191
    204
    183
    158
    147
    159
    162
    121
    115
    137
    106
    114
    91
    98
    104
    74
    85
    71
    64
    77
    79
    82
    61
    58
    76
    54
    54
    64
    55
    40
    43
    45
    31
    49
    36
    37
    32
    29
    33
    23
    32
    22
    28
    33
    28
    31
    28
    24
    14
    19
    24
    21
    24
    23
    23
    17
    26
    18
    16
    15
    22
    19
    26
    18
    12
    18
    12
    19
    17
    11
    11
    12
    12
    8
    10
    11
    12
    10
    10
    13
    6
    16
    8
    16
    12
    12
    13
    7
    5
    8
    7
    8
    3
    370
    349
    337
    307
    276
    236
    233
    209
    179
    217
    161
    135
    156
    134
    141
    114
    103
    117
    134
    122
    99
    100
    108
    92
    76
    77
    82
    79
    76
    52
    67
    71
    59
    48
    54
    60
    53
    57
    41
    39
    42
    33
    42
    41
    43
    36
    40
    40
    40
    29
    27
    36
    28
    28
    24
    25
    20
    25
    26
    20
    12
    17
    26
    27
    14
    13
    13
    18
    17
    20
    9
    11
    18
    14
    17
    7
    9
    15
    13
    10
    13
    13
    12
    11
    7
    9
    9
    8
    9
    13
    11
    9
    4
    6
    4
    9
    4
    8
    5
    3
    412
    378
    317
    313
    288
    254
    215
    216
    209
    196
    179
    159
    146
    121
    125
    136
    125
    120
    108
    107
    109
    99
    95
    83
    72
    59
    80
    60
    54
    74
    80
    69
    60
    51
    57
    45
    51
    53
    51
    38
    43
    37
    46
    40
    24
    27
    29
    28
    39
    30
    21
    29
    31
    32
    25
    31
    33
    21
    20
    19
    28
    21
    21
    13
    18
    14
    22
    19
    13
    19
    11
    11
    16
    14
    19
    9
    12
    14
    12
    7
    11
    10
    16
    16
    12
    11
    8
    8
    14
    6
    14
    8
    8
    10
    5
    10
    8
    5
    9
    0
    358
    342
    313
    291
    269
    248
    212
    202
    191
    186
    193
    160
    179
    138
    138
    111
    130
    119
    105
    125
    95
    110
    85
    83
    86
    82
    71
    66
    76
    50
    59
    80
    60
    60
    51
    52
    58
    48
    41
    38
    43
    45
    40
    33
    35
    32
    34
    32
    23
    28
    33
    25
    27
    19
    39
    20
    26
    18
    24
    25
    16
    20
    24
    25
    32
    15
    19
    18
    22
    19
    16
    15
    19
    13
    13
    13
    9
    16
    15
    10
    10
    7
    11
    11
    9
    5
    11
    10
    9
    8
    4
    7
    10
    10
    10
    7
    8
    7
    12
    7
    402
    349
    308
    296
    235
    255
    221
    223
    191
    193
    175
    156
    143
    136
    133
    129
    130
    114
    127
    102
    95
    94
    79
    82
    86
    100
    83
    76
    56
    71
    66
    49
    56
    49
    53
    41
    46
    53
    35
    52
    34
    43
    48
    37
    31
    38
    22
    27
    33
    29
    35
    27
    28
    38
    21
    30
    26
    22
    20
    24
    22
    14
    13
    25
    19
    19
    22
    13
    11
    12
    26
    23
    17
    15
    12
    18
    14
    13
    17
    10
    14
    10
    14
    10
    7
    7
    9
    5
    10
    5
    7
    9
    15
    10
    11
    4
    8
    7
    3
    6
    394
    355
    327
    291
    268
    245
    222
    202
    192
    193
    163
    162
    166
    126
    162
    124
    123
    122
    116
    128
    92
    94
    104
    88
    86
    67
    68
    59
    63
    53
    60
    62
    58
    54
    53
    40
    62
    55
    47
    36
    29
    44
    37
    47
    41
    42
    31
    39
    44
    21
    25
    30
    36
    22
    22
    28
    15
    24
    21
    19
    25
    10
    34
    21
    14
    18
    19
    16
    15
    22
    16
    16
    13
    7
    15
    11
    12
    14
    10
    11
    9
    7
    12
    13
    12
    7
    8
    17
    3
    7
    6
    3
    10
    9
    8
    10
    5
    7
    4
    8

Data:
    0
    0
    0
    0
    0
    0
    0
    0
    0
    0
    0
    0
    0
    0
    0
    0
    0
    0
    0
    0
    0
    0
    0
    0
    0
    0
    0
    0
    0
    0
    0
    0
    0
    0
    0
    0
    0
    0
    0
    0
    0
    0
    0
    0
    0
    0
    0
    0
    0
    0
    0
    0
    0
    0
    0
    0
    0
    0
    0
    0
    0
    0
    0
    0
    0
    0
    0
    0
    0
    0
    0
    0
    0
    0
    0
    0
    0
    0
    0
    0
    0
    0
    0
    0
    0
    0
    0
    0
    0
    0
    0
    0
    0
    0
    0
    0
    0
    0
    0
    0
    0
    0
    0
    0
    0
    0
    0
    0
    0
    0
    0
    0
    0
    0
    0
    0
    0
    0
    0
    0
    0
    0
    0
    0
    0
    0
    0
    0
    0
    0
    0
    0
    0
    0
    0
    0
    0
    0
    0
    0
    0
    0
    0
    0
    0
    0
    0
    0
    0
    0
    0
    0
    0
    0
    0
    0
    0
    0
    0
    0
    0
    0
    0
    0
    0
    0
    0
    0
    0
    0
    0
    0
    0
    0
    0
    0
    0
    0
    0
    0
    0
    0
    0
    0
    0
    0
    0
    0
    0
    0
    0
    0
    0
    0
    0
    0
    0
    0
    0
    0
    0
    0
    0
    0
    0
    0
    0
    0
    0
    0
    0
    0
    0
    0
    0
    0
    0
    0
    0
    0
    0
    0
    0
    0
    0
    0
    0
    0
    0
    0
    0
    0
    0
    0
    0
    0
    0
    0
    0
    0
    0
    0
    0
    0
    0
    0
    0
    0
    0
    0
    0
    0
    0
    0
    0
    0
    0
    0
    0
    0
    0
    0
    0
    0
    0
    0
    0
    0
    0
    0
    0
    0
    0
    0
    0
    0
    0
    0
    0
    0
    0
    0
    0
    0
    0
    0
    0
    0
    0
    0
    0
    0
    0
    0
    0
    0
    0
    0
    0
    0
    0
    0
    0
    0
    0
    0
    0
    0
    0
    0
    0
    0
    0
    0
    0
    0
    0
    0
    0
    0
    0
    0
    0
    0
    0
    0
    0
    0
    0
    0
    0
    0
    0
    0
    0
    0
    0
    0
    0
    0
    0
    0
    0
    0
    0
    0
    0
    0
    0
    0
    0
    0
    0
    0
    0
    0
    0
    0
    0
    0
    0
    0
    0
    0
    0
    0
    0
    0
    0
    0
    0
    0
    0
    0
    0
    0
    0
    0
    0
    0
    0
    0
    0
    0
    0
    0
    0
    0
    0
    0
    0
    0
    0
    0
    0
    0
    0
    0
    0
    0
    0
    0
    0
    0
    0
    0
    0
    0
    0
    0
    0
    0
    0
    0
    0
    0
    0
    0
    0
    0
    0
    0
    0
    0
    0
    0
    0
    0
    0
    0
    0
    0
    0
    0
    0
    0
    0
    0
    0
    0
    0
    0
    0
    0
    0
    0
    0
    0
    0
    0
    0
    0
    0
    0
    0
    0
    0
    0
    0
    0
    0
    0
    0
    0
    0
    0
    0
    0
    0
    0
    0
    0
    0
    0
    0
    0
    0
    0
    0
    0
    0
    0
    0
    0
    0
    0
    0
    0
    0
    0
    0
    0
    0
    0
    0
    0
    0
    0
    0
    0
    0
    0
    0
    0
    0
    0
    0
    0
    0
    0
    0
    0
    0
    0
    0
    0
    0
    0
    0
    0
    0
    0
    0
    0
    0
    0
    0
    0
    0
    0
    0
    0
    0
    0
    0
    0
    0
    0
    0
    0
    0
    0
    0
    0
    0
    0
    0
    0
    0
    0
    0
    0
    0
    0
    0
    0
    0
    0
    0
    0
    0
    0
    0
    0
    0
    0
    0
    0
    0
    0
    0
    0
    0
    0
    0
    0
    0
    0
    0
    0
    0
    0
    0
    0
    0
    0
    0
    0
    0
    0
    0
    0
    0
    0
    0
    0
    0
    0
    0
    0
    0
    0
    0
    0
    0
    0
    0
    0
    0
    0
    0
    0
    0
    0
    0
    0
    0
    0
    0
    0
    0
    0
    0
    0
    0
    0
    0
    0
    0
    0
    0
    0
    0
    0
    0
    0
    0
    0
    0
    0
    0
    0
    0
    0
    0
    0
    0
    0
    0
    0
    0
    0
    0
    0
    0
    0
    0
    0
    0
    0
    0
    0
    0
    0
    0
    0
    0
    0
    0
    0
    0
    0
    0
    0
    0
    0
    0
    0
    0
    0
    0
    0
    0
    0
    0
    0
    0
    0
    0
    0
    0
    0
    0
    0
    0
    0
    0
    0
    0
    0
    0
    0
    0
    0
    0
    0
    0
    0
    0
    0
    0
    0
    0
    0
    0
    0
    0
    0
    0
    0
    0
    0
    0
    0
    0
    0
    0
    0
    0
    0
    0
    0
    0
    0
    0
    0
    0
    0
    0
    0
    0
    0
    0
    0
    0
    0
    0
    0
    0
    0
    0
    0
    0
    0
    0
    0
    0
    0
    0
    0
    0
    0
    0
    0
    0
    0
    0
    0
    0
    0
    0
    0
    0
    0
    0
    0
    0
    0
    0
    0
    0
    0
    0
    0
    0
    0
    0
    0
    0
    0
    0
    0
    0
    0
    0
    0
    0
    0
    0
    0
    0
    0
    0
    0
    0
    0
    0
    0
    0
    0
    0
    0
    0
    0
    0
    0
    0
    0
    0
    0
    0
    0
    0
    0
    0
    0
    0
    0
    0
    0
    0
    0
    0
    0
    0
    0
    0
    0
    0
    0
    0
    0
    0
    0
    0
    0
    0
    0
    0
    0
    0
    0
    0
    0
    0
    0
    0
    0
    0
    0
    0
    0
    0
    0
    0
    0
    0
    0
    0
    0
    0
    0
    0
    0
    0
    0
    0
    0
    0
    0
    0
    0
    0
    0
    0
    0
    0
    0
    0
    0
    0
    0
    0
    0
    0
    0
    0
    0
    0
    0
    0
    0
    0
    0
    0
    0
    0
    0
    0
    0
    0
    0
    0
    0
    0
    0
    0
    0
    0
    0
    0
    0
    0
    0
    0
    0
    0
    0
    0
    0
    0
    0
    0
    0
    0
    0
    0
    0
    0
    0
    0
    0
    0
    0
    0
    0
    0
    0
    0
    0
    0
    0
    0
    0
    0
    0
    0
    0
    0
    0
    0
    0
    0
    0
    0
    0
    0
    0
    0
    0
    0
    0
    0
    0
    0
    0
    0
    0
    0
    0
    0
    0
    0
    0
    0
    0
    0
    0
    0
    0
    0
    0
    0
    0
    0
    0
    0
    0
    0
    0
    0
    0
    0
    0
    0
    0
    0
    0
    0
    0
    0
    0
    0
    0
    0
    0
    0
    0
    0
    0
    0
    0
    0
    0
    0
    0
    0
    0
    0
    0
    0
    0
    0
    0
    0
    0
    0
    0
    0
    0
    0
    0
    0
    0
    0
    0
    0
    0
    0
    0
    0
    0
    0
    0
    0
    0
    0
    0
    0
    0
    0
    0
    0
    0
    0
    0
    0
    0
    0
    0
    0
    0
    0
    0
    0
    0
    0
    0
    0
    0
    0
    0
    0
    0
    0
    0
    0
    0
    0
    0
    0
    0
    0
    0
    0
    0
    0
    0
    0
    0
    0
    0
    0
    0
    0
    0
    0
    0
    0
    0
    0
    0
    0
    0
    0
    0
    0
    0
    0
    0
    0
    0
    0
    0
    0
    0
    0
    0
    0
    0
    0
    0
    0
    0
    0
    0
    0
    0
    0
    0
    0
    0
    0
    0
    0
    0
    0
    0
    0
    0
    0
    0
    0
    0
    0
    0
    0
    0
    0
    0
    0
    0
    0
    0
    0
    0
    0
    0
    0
    0
    0
    0
    0
    0
    0
    0
    0
    0
    0
    0
    0
    0
    0
    0
    0
    0
    0
    0
    0
    0
    0
    0
    0
    0
    0
    0
    0
    0
    0
    0
    0
    0
    0
    0
    0
    0
    0
    0
    0
    0
    0
    0
    0
    0
    0
    0
    0
    0
    0
    0
    0
    0
    0
    0
    0
    0
    0
    0
    0
    0
    0
    0
    0
    0
    0
    0
    0
    0
    0
    0
    0
    0
    0
    0
    0
    0
    0
    0
    0
    0
    0
    0
    0
    0
    0
    0
    0
    0
    0
    0
    0
    0
    0
    0
    0
    0
    0
    0
    0
    0
    0
    0
    0
    0
    0
    0
    0
    0
    0
    0
    0
    0
    0
    0
    0
    0
    0
    0
    0
    0
    0
    0
    0
    0
    0
    0
    0
    0
    0
    0
    0
    0
    0
    0
    0
    0
    0
    0
    0
    0
    0
    0
    0
    0
    0
    0
    0
    0
    0
    0
    0
    0
    0
    0
    0
    0
    0
    0
    0
    0
    0
    0
    0
    0
    0
    0
    0
    0
    0
    0
    0
    0
    0
    0
    0
    0
    0
    0
    0
    0
    0
    0
    0
    0
    0
    0
    0
    0
    0
    0
    0
    0
    0
    0
    0
    0
    0
    0
    0
    0
    0
    0
    0
    0
    0
    0
    0
    0
    0
    0
    0
    0
    0
    0
    0
    0
    0
    0
    0
    0
    0
    0
    0
    0
    0
    0
    0
    0
    0
    0
    0
    0
    0
    0
    0
    0
    0
    0
    0
    0
    0
    0
    0
    0
    0
    0
    0
    0
    0
    0
    0
    0
    0
    0
    0
    0
    0
    0
    0
    0
    0
    0
    0
    0
    0
    0
    0
    0
    0
    0
    0
    0
    0
    0
    0
    0
    0
    0
    0
    0
    0
    0
    0
    0
    0
    0
    0
    0
    0
    0
    0
    0
    0
    0
    0
    0
    0
    0
    0
    0
    0
    0
    0
    0
    0
    0
    0
    0
    0
    0
    0
    0
    0
    0
    0
    0
    0
    0
    0
    0
    0
    0
    0
    0
    0
    0
    0
    0
    0
    0
    0
    0
    0
    0
    0
    0
    0
    0
    0
    0
    0
    0
    0
    0
    0
    0
    0
    0
    0
    0
    0
    0
    0
    0
    0
    0
    0
    0
    0
    0
    0
    0
    0
    0
    0
    0
    0
    0
    0
    0
    0
    0
    0
    0
    0
    0
    0
    0
    0
    0
    0
    0
    0
    0
    0
    0
    0
    0
    0
    0
    0
    0
    0
    0
    0
    0
    0
    0
    0
    0
    0
    0
    0
    0
    0
    0
    0
    0
    0
    0
    0
    0
    0
    0
    0
    0
    0
    0
    0
    0
    0
    0
    0
    0
    0
    0
    0
    0
    0
    0
    0
    0
    0
    0
    0
    0
    0
    0
    0
    0
    0
    0
    0
    0
    0
    0
    0
    0
    0
    0
    0
    0
    0
    0
    0
    0
    0
    0
    0
    0
    0
    0
    0
    0
    0
    0
    0
    0
    0
    0
    0
    0
    0
    0
    0
    0
    0
    0
    0
    0
    0
    0
    0
    0
    0
    0
    0
    0
    0
    0
    0
    0
    0
    0
    0
    0
    0
    0
    0
    0
    0
    0
    0
    0
    0
    0
    0
    0
    0
    0
    0
    0
    0
    0
    0
    0
    0
    0
    0
    0
    0
    0
    0
    0
    0
    0
    0
    0
    0
    0
    0
    0
    0
    0
    0
    0
    0
    0
    0
    0
    0
    0
    0
    0
    0
    0
    0
    0
    0
    0
    0
    0
    0
    0
    0
    0
    0
    0
    0
    0
    0
    0
    0
    0
    0
    0
    0
    0
    0
    0
    0
    0
    0
    0
    0
    0
    0
    0
    0
    0
    0
    0
    0
    0
    0
    0
    0
    0
    0
    0
    0
    0
    0
    0
    0
    0
    0
    0
    0
    0
    0
    0
    0
    0
    0
    0
    0
    0
    0
    0
    0
    0
    0
    0
    0
    0
    0
    0
    0
    0
    0
    0
    0
    0
    0
    0
    0
    0
    0
    0
    0
    0
    0
    0
    0
    0
    0
    0
    0
    0
    0
    0
    0
    0
    0
    0
    0
    0
    0
    0
    0
    0
    0
    0
    0
    0
    0
    0
    0
    0
    0
    0
    0
    0
    0
    0
    0
    0
    0
    0
    0
    0
    0
    0
    0
    0
    0
    0
    0
    0
    0
    0
    0
    0
    0
    0
    0
    0
    0
    0
    0
    0
    0
    0
    0
    0
    0
    0
    0
    0
    0
    0
    0
    0
    0
    0
    0
    0
    0
    0
    0
    0
    0
    0
    0
    0
    0
    0
    0
    0
    0
    0
    0
    0
    0
    0
    0
    0
    0
    0
    0
    0
    0
    0
    0
    0
    0
    0
    0
    0
    0
    0
    0
    0
    0
    0
    0
    0
    0
    0
    0
    0
    0
    0
    0
    0
    0
    0
    0
    0
    0
    0
    0
    0
    0
    0
    0
    0
    0
    0
    0
    0
    0
    0
    0
    0
    0
    0
    0
    0
    0
    0
    0
    0
    0
    0
    0
    0
    0
    0
    0
    0
    0
    0
    0
    0
    0
    0
    0
    0
    0
    0
    0
    0
    0
    0
    0
    0
    0
    0
    0
    0
    0
    0
    0
    0
    0
    0
    0
    0
    0
    0
    0
    0
    0
    0
    0
    0
    0
    0
    0
    0
    0
    0
    0
    0
    0
    0
    0
    0
    0
    0
    0
    0
    0
    0
    0
    0
    0
    0
    0
    0
    0
    0
    0
    0
    0
    0
    0
    0
    0
    0
    0
    0
    0
    0
    0
    0
    0
    0
    0
    0
    0
    0
    0
    0
    0
    0
    0
    0
    0
    0
    0
    0
    0
    0
    0
    0
    0
    0
    0
    0
    0
    0
    0
    0
    0
    0
    0
    0
    0
    0
    0
    0
    0
    0
    0
    0
    0
    0
    0
    0
    0
    0
    0
    0
    0
    0
    0
    0
    0
    0
    0
    0
    0
    0
    0
    0
    0
    0
    0
    0
    0
    0
    0
    0
    0
    0
    0
    0
    0
    0
    0
    0
    0
    0
    0
    0
    0
    0
    0
    0
    0
    0
    0
    0
    0
    0
    0
    0
    0
    0
    0
    0
    0
    0
    0
    0
    0
    0
    0
    0
    0
    0
    0
    0
    0
    0
    0
    0
    0
    0
    0
    0
    0
    0
    0
    0
    0
    0
    0
    0
    0
    0
    0
    0
    0
    0
    0
    0
    0
    0
    0
    0
    0
    0
    0
    0
    0
    0
    0
    0
    0
    0
    0
    0
    0
    0
    0
    0
    0
    0
    0
    0
    0
    0
    0
    0
    0
    0
    0
    0
    0
    0
    0
    0
    0
    0
    0
    0
    0
    0
    0
    0
    0
    0
    0
    0
    0
    0
    0
    0
    0
    0
    0
    0
    0
    0
    0
    0
    0
    0
    0
    0
    0
    0
    0
    0
    0
    0
    0
    0
    0
    0
    0
    0
    0
    0
    0
    0
    0
    0
    0
    0
    0
    0
    0
    0
    0
    0
    0
    0
    0
    0
    0
    0
    0
    0
    0
    0
    0
    0
    0
    0
    0
    0
    0
    0
    0
    0
    0
    0
    0
    0
    0
    0
    0
    0
    0
    0
    0
    0
    0
    0
    0
    0
    0
    0
    0
    0
    0
    0
    0
    0
    0
    0
    0
    0
    0
    0
    0
    0
    0
    0
    0
    0
    0
    0
    0
    0
    0
    0
    0
    0
    0
    0
    0
    0
    0
    0
    0
    0
    0
    0
    0
    0
    0
    0
    0
    0
    0
    0
    0
    0
    0
    0
    0
    0
    0
    0
    0
    0
    0
    0
    0
    0
    0
    0
    0
    0
    0
    0
    0
    0
    0
    0
    0
    0
    0
    0
    0
    0
    0
    0
    0
    0
    0
    0
    0
    0
    0
    0
    0
    0
    0
    0
    0
    0
    0
    0
    0
    0
    0
    0
    0
    0
    0
    0
    0
    0
    0
    0
    0
    0
    0
    0
    0
    0
    0
    0
    0
    0
    0
    0
    0
    0
    0
    0
    0
    0
    0
    0
    0
    0
    0
    0
    0
    0
    0
    0
    0
    0
    0
    0
    0
    0
    0
    0
    0
    0
    0
    0
    0
    0
    0
    0
    0
    0
    0
    0
    0
    0
    0
    0
    0
    0
    0
    0
    0
    0
    0
    0
    0
    0
    0
    0
    0
    0
    0
    0
    0
    0
    0
    0
    0
    0
    0
    0
    0
    0
    0
    0
    0
    0
    0
    0
    0
    0
    0
    0
    0
    0
    0
    0
    0
    0
    0
    0
    0
    0
    0
    0
    0
    0
    0
    0
    0
    0
    0
    0
    0
    0
    0
    0
    0
    0
    0
    0
    0
    0
    0
    0
    0
    0
    0
    0
    0
    0
    0
    0
    0
    0
    0
    0
    0
    0
    0
    0
    0
    0
    0
    0
    0
    0
    0
    0
    0
    0
    0
    0
    0
    0
    0
    0
    0
    0
    0
    0
    0
    0
    0
    0
    0
    0
    0
    0
    0
    0
    0
    0
    0
    0
    0
    0
    0
    0
    0
    0
    0
    0
    0
    0
    0
    0
    0
    0
    0
    0
    0
    0
    0
    0
    0
    0
    0
    0
    0
    0
    0
    0
    0
    0
    0
    0
    0
    0
    0
    0
    0
    0
    0
    0
    0
    0
    0
    0
    0
    0
    0
    0
    0
    0
    0
    0
    0
    0
    0
    0
    0
    0
    0
    0
    0
    0
    0
    0
    0
    0
    0
    0
    0
    0
    0
    0
    0
    0
    0
    0
    0
    0
    0
    0
    0
    0
    0
    0
    0
    0
    0
    0
    0
    0
    0
    0
    0
    0
    0
    0
    0
    0
    0
    0
    0
    0
    0
    0
    0
    0
    0
    0
    0
    0
    0
    0
    0
    0
    0
    0
    0
    0
    0
    0
    0
    0
    0
    0
    0
    0
    0
    0
    0
    0
    0
    0
    0
    0
    0
    0
    0
    0
    0
    0
    0
    0
    0
    0
    0
    0
    0
    0
    0
    0
    0
    0
    0
    0
    0
    0
    0
    0
    0
    0
    0
    0
    0
    0
    0
    0
    0
    0
    0
    0
    0
    0
    0
    0
    0
    0
    0
    0
    0
    0
    0
    0
    0
    0
    0
    0
    0
    0
    0
    0
    0
    0
    0
    0
    0
    0
    0
    0
    0
    0
    0
    0
    0
    0
    0
    0
    0
    0
    0
    0
    0
    0
    0
    0
    0
    0
    0
    0
    0
    0
    0
    0
    0
    0
    0
    0
    0
    0
    0
    0
    0
    0
    0
    0
    0
    0
    0
    0
    0
    0
    0
    0
    0
    0
    0
    0
    0
    0
    0
    0
    0
    0
    0
    0
    0
    0
    0
    0
    0
    0
    0
    0
    0
    0
    0
    0
    0
    0
    0
    0
    0
    0
    0
    0
    0
    0
    0
    0
    0
    0
    0
    0
    0
    0
    0
    0
    0
    0
    0
    0
    0
    0
    0
    0
    0
    0
    0
    0
    0
    0
    0
    0
    0
    0
    0
    0
    0
    0
    0
    0
    0
    0
    0
    0
    0
    0
    0
    0
    0
    0
    0
    0
    0
    0
    0
    0
    0
    0
    0
    0
    0
    0
    0
    0
    0
    0
    0
    0
    0
    0
    0
    0
    0
    0
    0
    0
    0
    0
    0
    0
    0
    0
    0
    0
    0
    0
    0
    0
    0
    0
    0
    0
    0
    0
    0
    0
    0
    0
    0
    0
    0
    0
    0
    0
    0
    0
    0
    0
    0
    0
    0
    0
    0
    0
    0
    0
    0
    0
    0
    0
    0
    0
    0
    0
    0
    0
    0
    0
    0
    0
    0
    0
    0
    0
    0
    0
    0
    0
    0
    0
    0
    0
    0
    0
    0
    0
    0
    0
    0
    0
    0
    0
    0
    0
    0
    0
    0
    0
    0
    0
    0
    0
    0
    0
    0
    0
    0
    0
    0
    0
    0
    0
    0
    0
    0
    0
    0
    0
    0
    0
    0
    0
    0
    0
    0
    0
    0
    0
    0
    0
    0
    0
    0
    0
    0
    0
    0
    0
    0
    0
    0
    0
    0
    0
    0
    0
    0
    0
    0
    0
    0
    0
    0
    0
    0
    0
    0
    0
    0
    0
    0
    0
    0
    0
    0
    0
    0
    0
    0
    0
    0
    0
    0
    0
    0
    0
    0
    0
    0
    0
    0
    0
    0
    0
    0
    0
    0
    0
    0
    0
    0
    0
    0
    0
    0
    0
    0
    0
    0
    0
    0
    0
    0
    0
    0
    0
    0
    0
    0
    0
    0
    0
    0
    0
    0
    0
    0
    0
    0
    0
    0
    0
    0
    0
    0
    0
    0
    0
    0
    0
    0
    0
    0
    0
    0
    0
    0
    0
    0
    0
    0
    0
    0
    0
    0
    0
    0
    0
    0
    0
    0
    0
    0
    0
    0
    0
    0
    0
    0
    0
    0
    0
    0
    0
    0
    0
    0
    0
    0
    0
    0
    0
    0
    0
    0
    0
    0
    0
    0
    0
    0
    0
    0
    0
    0
    0
    0
    0
    0
    0
    0
    0
    0
    0
    0
    0
    0
    0
    0
    0
    0
    0
    0
    0
    0
    0
    0
    0
    0
    0
    0
    0
    0
    0
    0
    0
    0
    0
    0
    0
    0
    0
    0
    0
    0
    0
    0
    0
    0
    0
    0
    0
    0
    0
    0
    0
    0
    0
    0
    0
    0
    0
    0
    0
    0
    0
    0
    0
    0
    0
    0
    0
    0
    0
    0
    0
    0
    0
    0
    0
    0
    0
    0
    0
    0
    0
    0
    0
    0
    0
    0
    0
    0
    0
    0
    0
    0
    0
    0
    0
    0
    0
    0
    0
    0
    0
    0
    0
    0
    0
    0
    0
    0
    0
    0
    0
    0
    0
    0
    0
    0
    0
    0
    0
    0
    0
    0
    0
    0
    0
    0
    0
    0
    0
    0
    0
    0
    0
    0
    0
    0
    0
    0
    0
    0
    0
    0
    0
    0
    0
    0
    0
    0
    0
    0
    0
    0
    0
    0
    0
    0
    0
    0
    0
    0
    0
    0
    0
    0
    0
    0
    0
    0
    0
    0
    0
    0
    0
    0
    0
    0
    0
    0
    0
    0
    0
    0
    0
    0
    0
    0
    0
    0
    0
    0
    0
    0
    0
    0
    0
    0
    0
    0
    0
    0
    0
    0
    0
    0
    0
    0
    0
    0
    0
    0
    0
    0
    0
    0
    0
    0
    0
    0
    0
    0
    0
    0
    0
    0
    0
    0
    0
    0
    0
    0
    0
    0
    0
    0
    0
    0
    0
    0
    0
    0
    0
    0
    0
    0
    0
    0
    0
    0
    0
    0
    0
    0
    0
    0
    0
    0
    0
    0
    0
    0
    0
    0
    0
    0
    0
    0
    0
    0
    0
    0
    0
    0
    0
    0
    0
    0
    0
    0
    0
    0
    0
    0
    0
    0
    0
    0
    0
    0
    0
    0
    0
    0
    0
    0
    0
    0
    0
    0
    0
    0
    0
    0
    0
    0
    0
    0
    0
    0
    0
    0
    0
    0
    0
    0
    0
    0
    0
    0
    0
    0
    0
    0
    0
    0
    0
    0
    0
    0
    0
    0
    0
    0
    0
    0
    0
    0
    0
    0
    0
    0
    0
    0
    0
    0
    0
    0
    0
    0
    0
    0
    0
    0
    0
    0
    0
    0
    0
    0
    0
    0
    0
    0
    0
    0
    0
    0
    0
    0
    0
    0
    0
    0
    0
    0
    0
    0
    0
    0
    0
    0
    0
    0
    0
    0
    0
    0
    0
    0
    0
    0
    0
    0
    0
    0
    0
    0
    0
    0
    0
    0
    0
    0
    0
    0
    0
    0
    0
    0
    0
    0
    0
    0
    0
    0
    0
    0
    0
    0
    0
    0
    0
    0
    0
    0
    0
    0
    0
    0
    0
    0
    0
    0
    0
    0
    0
    0
    0
    0
    0
    0
    0
    0
    0
    0
    0
    0
    0
    0
    0
    0
    0
    0
    0
    0
    0
    0
    0
    0
    0
    0
    0
    0
    0
    0
    0
    0
    0
    0
    0
    0
    0
    0
    0
    0
    0
    0
    0
    0
    0
    0
    0
    0
    0
    0
    0
    0
    0
    0
    0
    0
    0
    0
    0
    0
    0
    0
    0
    0
    0
    0
    0
    0
    0
    0
    0
    0
    0
    0
    0
    0
    0
    0
    0
    0
    0
    0
    0
    0
    0
    0
    0
    0
    0
    0
    0
    0
    0
    0
    0
    0
    0
    0
    0
    0
    0
    0
    0
    0
    0
    0
    0
    0
    0
    0
    0
    0
    0
    0
    0
    0
    0
    0
    0
    0
    0
    0
    0
    0
    0
    0
    0
    0
    0
    0
    0
    0
    0
    0
    0
    0
    0
    0
    0
    0
    0
    0
    0
    0
    0
    0
    0
    0
    0
    0
    0
    0
    0
    0
    0
    0
    0
    0
    0
    0
    0
    0
    0
    0
    0
    0
    0
    0
    0
    0
    0
    0
    0
    0
    0
    0
    0
    0
    0
    0
    0
    0
    0
    0
    0
    0
    0
    0
    0
    0
    0
    0
    0
    0
    0
    0
    0
    0
    0
    0
    0
    0
    0
    0
    0
    0
    0
    0
    0
    0
    0
    0
    0
    0
    0
    0
    0
    0
    0
    0
    0
    0
    0
    0
    0
    0
    0
    0
    0
    0
    0
    0
    0
    0
    0
    0
    0
    0
    0
    0
    0
    0
    0
    0
    0
    0
    0
    0
    0
    0
    0
    0
    0
    0
    0
    0
    0
    0
    0
    0
    0
    0
    0
    0
    0
    0
    0
    0
    0
    0
    0
    0
    0
    0
    0
    0
    0
    0
    0
    0
    0
    0
    0
    0
    0
    0
    0
    0
    0
    0
    0
    0
    0
    0
    0
    0
    0
    0
    0
    0
    0
    0
    0
    0
    0
    0
    0
    0
    0
    0
    0
    0
    0
    0
    0
    0
    0
    0
    0
    0
    0
    0
    0
    0
    0
    0
    0
    0
    0
    0
    0
    0
    0
    0
    0
    0
    0
    0
    0
    0
    0
    0
    0
    0
    0
    0
    0
    0
    0
    0
    0
    0
    0
    0
    0
    0
    0
    0
    0
    0
    0
    0
    0
    0
    0
    0
    0
    0
    0
    0
    0
    0
    0
    0
    0
    0
    0
    0
    0
    0
    0
    0
    0
    0
    0
    0
    0
    0
    0
    0
    0
    0
    0
    0
    0
    0
    0
    0
    0
    0
    0
    0
    0
    0
    0
    0
    0
    0
    0
    0
    0
    0
    0
    0
    0
    0
    0
    0
    0
    0
    0
    0
    0
    0
    0
    0
    0
    0
    0
    0
    0
    0
    0
    0
    0
    0
    0
    0
    0
    0
    0
    0
    0
    0
    0
    0
    0
    0
    0
    0
    0
    0
    0
    0
    0
    0
    0
    0
    0
    0
    0
    0
    0
    0
    0
    0
    0
    0
    0
    0
    0
    0
    0
    0
    0
    0
    0
    0
    0
    0
    0
    0
    0
    0
    0
    0
    0
    0
    0
    0
    0
    0
    0
    0
    0
    0
    0
    0
    0
    0
    0
    0
    0
    0
    0
    0
    0
    0
    0
    0
    0
    0
    0
    0
    0
    0
    0
    0
    0
    0
    0
    0
    0
    0
    0
    0
    0
    0
    0
    0
    0
    0
    0
    0
    0
    0
    0
    0
    0
    0
    0
    0
    0
    0
    0
    0
    0
    0
    0
    0
    0
    0
    0
    0
    0
    0
    0
    0
    0
    0
    0
    0
    0
    0
    0
    0
    0
    0
    0
    0
    0
    0
    0
    0
    0
    0
    0
    0
    0
    0
    0
    0
    0
    0
    0
    0
    0
    0
    0
    0
    0
    0
    0
    0
    0
    0
    0
    0
    0
    0
    0
    0
    0
    0
    0
    0
    0
    0
    0
    0
    0
    0
    0
    0
    0
    0
    0
    0
    0
    0
    0
    0
    0
    0
    0
    0
    0
    0
    0
    0
    0
    0
    0
    0
    0
    0
    0
    0
    0
    0
    0
    0
    0
    0
    0
    0
    0
    0
    0
    0
    0
    0
    0
    0
    0
    0
    0
    0
    0
    0
    0
    0
    0
    0
    0
    0
    0
    0
    0
    0
    0
    0
    0
    0
    0
    0
    0
    0
    0
    0
    0
    0
    0
    0
    0
    0
    0
    0
    0
    0
    0
    0
    0
    0
    0
    0
    0
    0
    0
    0
    0
    0
    0
    0
    0
    0
    0
    0
    0
    0
    0
    0
    0
    0
    0
    0
    0
    0
    0
    0
    0
    0
    0
    0
    0
    0
    0
    0
    0
    0
    0
    0
    0
    0
    0
    0
    0
    0
    0
    0
    0
    0
    0
    0
    0
    0
    0
    0
    0
    0
    0
    0
    0
    0
    0
    0
    0
    0
    0
    0
    0
    0
    0
    0
    0
    0
    0
    0
    0
    0
    0
    0
    0
    0
    0
    0
    0
    0
    0
    0
    0
    0
    0
    0
    0
    0
    0
    0
    0
    0
    0
    0
    0
    0
    0
    0
    0
    0
    0
    0
    0
    0
    0
    0
    0
    0
    0
    0
    0
    0
    0
    0
    0
    0
    0
    0
    0
    0
    0
    0
    0
    0
    0
    0
    0
    0
    0
    0
    0
    0
    0
    0
    0
    0
    0
    0
    0
    0
    0
    0
    0
    0
    0
    0
    0
    0
    0
    0
    0
    0
    0
    0
    0
    0
    0
    0
    0
    0
    0
    0
    0
    0
    0
    0
    0
    0
    0
    0
    0
    0
    0
    0
    0
    0
    0
    0
    0
    0
    0
    0
    0
    0
    0
    0
    0
    0
    0
    0
    0
    0
    0
    0
    0
    0
    0
    0
    0
    0
    0
    0
    0
    0
    0
    0
    0
    0
    0
    0
    0
    0
    0
    0
    0
    0
    0
    0
    0
    0
    0
    0
    0
    0
    0
    0
    0
    0
    0
    0
    0
    0
    0
    0
    0
    0
    0
    0
    0
    0
    0
    0
    0
    0
    0
    0
    0
    0
    0
    0
    0
    0
    0
    0
    0
    0
    0
    0
    0
    0
    0
    0
    0
    0
    0
    0
    0
    0
    0
    0
    0
    0
    0
    0
    0
    0
    0
    0
    0
    0
    0
    0
    0
    0
    0
    0
    0
    0
    0
    0
    0
    0
    0
    0
    0
    0
    0
    0
    0
    0
    0
    0
    0
    0
    0
    0
    0
    0
    0
    0
    0
    0
    0
    0
    0
    0
    0
    0
    0
    0
    0
    0
    0
    0
    0
    0
    0
    0
    0
    0
    0
    0
    0
    0
    0
    0
    0
    0
    0
    0
    0
    0
    0
    0
    0
    0
    0
    0
    0
    0
    0
    0
    0
    0
    0
    0
    0
    0
    0
    0
    0
    0
    0
    0
    0
    0
    0
    0
    0
    0
    0
    0
    0
    0
    0
    0
    0
    0
    0
    0
    0
    0
    0
    0
    0
    0
    0
    0
    0
    0
    0
    0
    0
    0
    0
    0
    0
    0
    0
    0
    0
    0
    0
    0
    0
    0
    0
    0
    0
    0
    0
    0
    0
    0
    0
    0
    0
    0
    0
    0
    0
    0
    0
    0
    0
    0
    0
    0
    0
    0
    0
    0
    0
    0
    0
    0
    0
    0
    0
    0
    0
    0
    0
    0
    0
    0
    0
    0
    0
    0
    0
    0
    0
    0
    0
    0
    0
    0
    0
    0
    0
    0
    0
    0
    0
    0
    0
    0
    0
    0
    0
    0
    0
    0
    0
    0
    0
    0
    0
    0
    0
    0
    0
    0
    0
    0
    0
    0
    0
    0
    0
    0
    0
    0
    0
    0
    0
    0
    0
    0
    0
    0
    0
    0
    0
    0
    0
    0
    0
    0
    0
    0
    0
    0
    0
    0
    0
    0
    0
    0
    0
    0
    0
    0
    0
    0
    0
    0
    0
    0
    0
    0
    0
    0
    0
    0
    0
    0
    0
    0
    0
    0
    0
    0
    0
    0
    0
    0
    0
    0
    0
    0
    0
    0
    0
    0
    0
    0
    0
    0
    0
    0
    0
    0
    0
    0
    0
    0
    0
    0
    0
    0
    0
    0
    0
    0
    0
    0
    0
    0
    0
    0
    0
    0
    0
    0
    0
    0
    0
    0
    0
    0
    0
    0
    0
    0
    0
    0
    0
    0
    0
    0
    0
    0
    0
    0
    0
    0
    0
    0
    0
    0
    0
    0
    0
    0
    0
    0
    0
    0
    0
    0
    0
    0
    0
    0
    0
    0
    0
    0
    0
    0
    0
    0
    0
    0
    0
    0
    0
    0
    0
    0
    0
    0
    0
    0
    0
    0
    0
    0
    0
    0
    0
    0
    0
    0
    0
    0
    0
    0
    0
    0
    0
    0
    0
    0
    0
    0
    0
    0
    0
    0
    0
    0
    0
    0
    0
    0
    0
    0
    0
