Project Info:
    ACQ Time: 2019- 9-24   9:29:14: 385 .
    Project: tq左侧足三里（加深红药水）
    Name: 
    Part:  
    Operator:  
    Desc.:  
    Sample Data Acquired.

ACQ Parameters:
    Excited Peroid(ms): 50
    Excited Time(ms): 10
    Acq Delay Time(us): 10
    Gate Time(ms): 20
    Count Num per gate: 100
    Repeat Times: 50
    Acq Gate Times: 1
    Interval per Gate(us): 100
    Channel Number: 2

Data:
    388
    359
    311
    263
    263
    214
    234
    211
    188
    184
    158
    153
    137
    144
    135
    133
    126
    120
    102
    106
    93
    87
    93
    72
    81
    84
    78
    51
    73
    69
    71
    63
    71
    49
    53
    50
    46
    45
    36
    39
    44
    46
    35
    34
    33
    30
    34
    29
    23
    34
    24
    29
    23
    23
    28
    23
    24
    18
    16
    17
    19
    16
    20
    22
    24
    16
    18
    5
    12
    16
    13
    12
    14
    13
    10
    15
    10
    14
    7
    6
    7
    11
    10
    17
    18
    4
    9
    6
    3
    9
    11
    5
    11
    4
    7
    10
    8
    5
    6
    4
    398
    348
    306
    294
    249
    212
    227
    189
    193
    180
    162
    157
    134
    159
    165
    139
    127
    117
    109
    107
    102
    98
    90
    93
    73
    103
    76
    65
    74
    64
    54
    68
    49
    46
    61
    50
    46
    36
    50
    44
    43
    42
    38
    37
    40
    37
    32
    37
    38
    26
    19
    30
    38
    30
    32
    23
    28
    21
    22
    16
    26
    19
    21
    20
    21
    12
    12
    22
    21
    21
    9
    13
    15
    14
    15
    11
    14
    15
    13
    13
    16
    10
    11
    14
    3
    8
    5
    6
    6
    8
    5
    7
    7
    4
    7
    12
    4
    6
    6
    4
    362
    324
    312
    303
    251
    250
    213
    187
    184
    137
    177
    137
    166
    129
    152
    134
    121
    109
    91
    93
    101
    98
    98
    68
    83
    85
    82
    71
    80
    78
    61
    70
    69
    53
    57
    55
    54
    36
    46
    47
    43
    37
    31
    35
    44
    35
    33
    31
    27
    31
    30
    24
    32
    24
    21
    20
    19
    21
    22
    20
    20
    23
    19
    13
    16
    16
    21
    13
    24
    8
    15
    13
    5
    15
    12
    17
    7
    15
    21
    10
    9
    8
    12
    8
    6
    9
    13
    11
    15
    8
    8
    4
    9
    10
    6
    11
    6
    7
    4
    12
    386
    367
    321
    257
    250
    236
    207
    200
    192
    177
    164
    154
    159
    128
    147
    125
    104
    117
    102
    119
    103
    100
    92
    80
    73
    78
    73
    78
    97
    69
    49
    67
    67
    50
    62
    51
    55
    40
    46
    41
    40
    56
    34
    34
    35
    29
    30
    49
    45
    38
    26
    25
    32
    25
    34
    21
    21
    18
    26
    22
    20
    24
    27
    17
    25
    14
    20
    19
    15
    20
    12
    17
    19
    11
    10
    9
    12
    13
    13
    11
    7
    7
    8
    13
    10
    11
    7
    9
    10
    13
    6
    3
    9
    11
    8
    4
    9
    12
    3
    5
    373
    367
    310
    284
    269
    227
    230
    217
    173
    171
    171
    152
    147
    151
    114
    135
    111
    96
    110
    99
    93
    103
    82
    82
    70
    72
    73
    101
    74
    56
    55
    65
    62
    47
    52
    56
    44
    43
    47
    37
    37
    34
    42
    38
    33
    36
    41
    28
    27
    37
    31
    33
    23
    16
    25
    26
    24
    26
    17
    22
    19
    14
    18
    19
    11
    13
    15
    14
    19
    18
    11
    15
    21
    8
    13
    16
    19
    11
    19
    8
    8
    13
    9
    17
    11
    8
    9
    8
    10
    5
    10
    7
    11
    12
    11
    11
    9
    8
    13
    4
    389
    380
    294
    276
    226
    238
    201
    182
    198
    185
    173
    156
    156
    151
    136
    113
    112
    103
    108
    104
    96
    84
    84
    72
    98
    82
    60
    61
    54
    67
    69
    63
    56
    53
    50
    53
    47
    50
    48
    47
    41
    39
    32
    37
    33
    27
    36
    34
    25
    31
    18
    27
    31
    18
    30
    22
    16
    17
    20
    17
    20
    23
    11
    17
    27
    15
    21
    13
    15
    19
    21
    13
    17
    11
    14
    9
    14
    13
    9
    17
    5
    9
    14
    15
    10
    10
    8
    7
    9
    6
    10
    9
    9
    3
    12
    9
    8
    8
    11
    11
    385
    389
    314
    266
    265
    242
    235
    190
    197
    204
    172
    157
    144
    143
    118
    143
    114
    113
    101
    110
    83
    94
    87
    90
    90
    67
    75
    85
    56
    57
    76
    51
    62
    57
    64
    51
    50
    48
    51
    55
    54
    49
    35
    30
    28
    38
    35
    36
    44
    18
    32
    17
    34
    14
    23
    25
    21
    23
    24
    34
    23
    18
    19
    22
    14
    20
    22
    23
    17
    12
    23
    13
    12
    20
    12
    14
    9
    11
    10
    11
    15
    12
    7
    9
    12
    10
    11
    13
    16
    8
    13
    5
    9
    11
    4
    5
    7
    5
    8
    9
    401
    361
    315
    292
    263
    229
    187
    190
    171
    196
    156
    164
    146
    143
    151
    120
    125
    107
    116
    118
    89
    102
    101
    81
    93
    81
    75
    60
    69
    70
    56
    48
    55
    56
    60
    47
    50
    53
    41
    50
    47
    51
    43
    41
    31
    40
    34
    41
    33
    21
    15
    19
    21
    19
    33
    30
    22
    19
    20
    24
    20
    19
    21
    21
    31
    19
    20
    13
    18
    15
    19
    15
    8
    11
    17
    14
    12
    18
    10
    13
    16
    4
    6
    8
    10
    8
    10
    13
    10
    12
    9
    9
    10
    1
    8
    5
    9
    5
    8
    11
    374
    342
    327
    287
    233
    257
    222
    202
    175
    168
    185
    166
    157
    154
    160
    113
    109
    115
    103
    94
    113
    102
    94
    85
    79
    72
    77
    66
    56
    59
    72
    59
    60
    54
    60
    44
    39
    42
    58
    44
    42
    33
    46
    36
    32
    39
    36
    26
    25
    33
    27
    23
    26
    23
    27
    28
    22
    17
    20
    22
    25
    20
    19
    14
    18
    19
    17
    14
    20
    16
    18
    20
    14
    10
    19
    8
    15
    12
    14
    14
    11
    12
    17
    9
    4
    14
    16
    11
    12
    11
    11
    9
    11
    13
    10
    13
    8
    5
    8
    11
    394
    347
    298
    284
    255
    230
    238
    206
    212
    163
    150
    177
    169
    123
    143
    139
    127
    102
    106
    106
    100
    99
    90
    94
    74
    75
    56
    82
    69
    60
    60
    63
    56
    69
    63
    64
    50
    51
    55
    47
    44
    43
    31
    49
    20
    40
    33
    27
    33
    20
    23
    37
    24
    25
    22
    23
    19
    34
    23
    22
    17
    26
    20
    12
    16
    14
    14
    15
    20
    21
    17
    14
    17
    15
    12
    13
    17
    21
    14
    8
    12
    5
    14
    10
    8
    17
    9
    10
    7
    6
    9
    7
    9
    8
    12
    7
    8
    1
    6
    6
    384
    338
    301
    301
    253
    251
    167
    188
    196
    188
    185
    170
    155
    153
    124
    125
    124
    108
    123
    95
    113
    81
    86
    90
    56
    77
    93
    77
    65
    69
    54
    66
    68
    66
    57
    56
    61
    52
    43
    47
    40
    49
    52
    53
    37
    30
    41
    32
    41
    41
    23
    31
    31
    18
    23
    31
    26
    24
    19
    21
    27
    17
    24
    25
    16
    14
    20
    20
    14
    18
    22
    17
    13
    12
    19
    11
    8
    10
    15
    16
    11
    6
    5
    8
    17
    9
    8
    5
    8
    16
    11
    12
    8
    6
    9
    6
    9
    9
    4
    10
    367
    397
    318
    294
    252
    238
    241
    220
    204
    189
    176
    151
    161
    125
    141
    112
    137
    106
    114
    91
    109
    98
    86
    86
    90
    67
    83
    81
    78
    70
    64
    59
    49
    45
    41
    55
    50
    47
    42
    45
    50
    44
    33
    38
    39
    34
    25
    42
    28
    23
    25
    24
    35
    27
    27
    28
    22
    24
    17
    28
    16
    16
    24
    21
    19
    20
    16
    20
    11
    15
    21
    14
    10
    15
    12
    19
    14
    17
    13
    10
    12
    15
    8
    7
    6
    10
    9
    7
    9
    14
    17
    5
    6
    11
    13
    11
    6
    6
    5
    4
    371
    351
    302
    278
    241
    260
    211
    215
    190
    171
    164
    180
    160
    159
    135
    126
    120
    120
    114
    110
    98
    95
    78
    93
    69
    70
    80
    86
    67
    51
    60
    62
    64
    70
    50
    50
    52
    31
    48
    41
    33
    32
    36
    30
    31
    44
    41
    34
    31
    31
    19
    42
    26
    25
    30
    33
    26
    26
    22
    21
    20
    27
    25
    20
    19
    18
    21
    12
    21
    10
    17
    15
    16
    19
    13
    14
    13
    13
    8
    22
    13
    23
    13
    8
    8
    6
    12
    13
    10
    10
    10
    12
    11
    7
    6
    7
    5
    7
    5
    15
    372
    349
    291
    287
    228
    203
    229
    200
    193
    171
    168
    168
    138
    136
    134
    134
    126
    112
    94
    104
    93
    92
    95
    80
    77
    80
    73
    60
    76
    78
    71
    65
    50
    59
    40
    49
    53
    44
    52
    61
    44
    42
    45
    40
    26
    33
    31
    29
    33
    30
    37
    27
    31
    35
    31
    15
    21
    20
    26
    18
    21
    31
    13
    20
    18
    16
    16
    7
    22
    11
    15
    17
    14
    14
    17
    9
    12
    11
    15
    15
    13
    14
    13
    11
    7
    10
    11
    10
    8
    10
    12
    16
    8
    4
    5
    8
    8
    10
    4
    7
    378
    342
    307
    278
    266
    260
    213
    216
    185
    154
    162
    165
    142
    132
    123
    129
    123
    132
    122
    112
    110
    115
    72
    85
    85
    59
    72
    84
    66
    49
    52
    57
    70
    51
    46
    52
    62
    48
    38
    44
    36
    33
    47
    34
    36
    48
    31
    31
    29
    30
    36
    26
    32
    25
    22
    21
    21
    23
    23
    14
    31
    16
    15
    12
    23
    13
    22
    21
    19
    20
    17
    19
    17
    13
    10
    13
    11
    16
    10
    21
    13
    21
    16
    9
    10
    11
    3
    8
    14
    11
    6
    10
    14
    9
    7
    8
    7
    9
    6
    5
    358
    317
    284
    273
    260
    208
    240
    189
    190
    174
    187
    165
    140
    135
    133
    122
    114
    134
    108
    125
    93
    84
    101
    95
    74
    76
    83
    80
    91
    72
    53
    59
    63
    56
    48
    56
    55
    47
    40
    54
    39
    47
    47
    35
    39
    34
    39
    38
    31
    39
    25
    22
    26
    25
    32
    30
    33
    26
    16
    28
    17
    22
    24
    24
    14
    11
    15
    11
    12
    13
    20
    15
    15
    8
    6
    16
    14
    14
    12
    10
    9
    10
    9
    16
    17
    12
    7
    9
    8
    7
    7
    4
    6
    6
    10
    11
    7
    7
    8
    11
    367
    345
    302
    289
    252
    252
    220
    223
    196
    208
    167
    159
    133
    142
    144
    113
    105
    99
    129
    114
    115
    94
    73
    77
    90
    78
    73
    80
    60
    67
    54
    54
    60
    66
    61
    41
    40
    44
    55
    40
    44
    35
    32
    46
    38
    38
    36
    34
    38
    30
    28
    25
    38
    17
    30
    25
    28
    23
    18
    21
    20
    13
    15
    18
    23
    28
    16
    18
    23
    16
    15
    11
    13
    27
    12
    21
    15
    12
    9
    11
    5
    14
    12
    10
    10
    8
    10
    6
    10
    8
    5
    7
    13
    12
    12
    9
    9
    7
    12
    8
    328
    346
    295
    294
    287
    216
    229
    218
    203
    163
    171
    160
    134
    146
    139
    116
    114
    115
    100
    117
    113
    93
    89
    98
    67
    78
    75
    73
    77
    72
    45
    65
    60
    55
    45
    61
    40
    43
    49
    51
    43
    40
    44
    31
    39
    34
    35
    35
    39
    27
    29
    20
    36
    34
    31
    35
    24
    26
    16
    32
    15
    23
    29
    21
    18
    18
    20
    25
    14
    16
    14
    14
    11
    10
    10
    19
    19
    16
    12
    9
    13
    15
    9
    14
    9
    17
    8
    8
    9
    9
    4
    10
    12
    5
    9
    11
    10
    12
    8
    6
    385
    355
    321
    275
    258
    209
    221
    191
    168
    178
    178
    132
    132
    134
    142
    112
    124
    110
    121
    99
    93
    113
    80
    92
    68
    73
    74
    67
    79
    73
    51
    72
    46
    61
    73
    41
    44
    49
    48
    43
    44
    49
    30
    42
    35
    31
    27
    26
    30
    25
    20
    35
    34
    24
    19
    28
    31
    35
    18
    25
    19
    16
    28
    16
    21
    16
    15
    18
    13
    13
    8
    25
    17
    17
    18
    10
    7
    17
    16
    10
    12
    14
    12
    9
    5
    10
    8
    12
    15
    5
    7
    6
    5
    6
    10
    4
    7
    4
    10
    7
    391
    337
    287
    270
    275
    235
    218
    198
    215
    176
    187
    152
    144
    165
    118
    125
    129
    112
    120
    93
    104
    95
    93
    83
    86
    93
    85
    64
    82
    66
    66
    66
    66
    49
    60
    68
    53
    47
    44
    51
    49
    34
    34
    36
    40
    45
    25
    40
    38
    29
    33
    31
    24
    23
    21
    18
    23
    27
    17
    25
    16
    23
    18
    24
    24
    21
    19
    20
    14
    12
    11
    11
    8
    15
    10
    17
    8
    10
    13
    14
    6
    17
    11
    9
    12
    14
    12
    13
    10
    14
    7
    11
    9
    12
    9
    8
    4
    6
    8
    6
    394
    373
    309
    295
    254
    243
    201
    195
    179
    187
    164
    179
    173
    129
    130
    148
    143
    126
    116
    107
    87
    84
    94
    79
    91
    67
    83
    78
    71
    57
    65
    65
    46
    61
    49
    51
    58
    41
    41
    48
    36
    48
    48
    36
    40
    39
    44
    36
    23
    34
    32
    24
    37
    19
    25
    18
    27
    27
    17
    25
    26
    16
    19
    18
    12
    19
    14
    18
    11
    11
    15
    10
    12
    20
    12
    13
    18
    9
    6
    18
    7
    8
    15
    10
    9
    16
    11
    9
    11
    6
    7
    7
    7
    7
    7
    8
    3
    8
    9
    6
    360
    330
    314
    284
    238
    227
    235
    224
    197
    200
    177
    165
    145
    159
    137
    134
    118
    126
    112
    98
    86
    96
    97
    92
    75
    65
    71
    83
    73
    52
    52
    58
    65
    49
    67
    49
    56
    36
    43
    44
    49
    31
    35
    27
    41
    38
    24
    41
    32
    25
    26
    23
    23
    35
    31
    21
    29
    31
    23
    21
    19
    21
    27
    20
    12
    19
    11
    16
    16
    11
    20
    16
    23
    14
    12
    17
    9
    15
    14
    11
    16
    10
    9
    8
    15
    12
    12
    6
    9
    7
    10
    7
    14
    8
    8
    9
    9
    10
    10
    6
    358
    343
    318
    289
    294
    206
    212
    191
    202
    187
    170
    153
    158
    133
    129
    139
    103
    123
    105
    110
    84
    112
    100
    88
    86
    77
    80
    60
    73
    61
    52
    52
    59
    60
    48
    53
    52
    52
    42
    43
    47
    41
    39
    36
    39
    37
    32
    33
    30
    33
    26
    28
    28
    28
    27
    22
    32
    23
    28
    20
    15
    25
    15
    23
    26
    18
    19
    22
    17
    14
    13
    14
    12
    18
    9
    12
    9
    10
    15
    12
    14
    8
    12
    5
    12
    14
    7
    11
    10
    13
    6
    9
    9
    7
    3
    6
    6
    10
    10
    7
    389
    342
    294
    275
    256
    254
    206
    205
    181
    190
    177
    156
    140
    131
    122
    101
    137
    115
    107
    95
    108
    87
    94
    108
    84
    91
    83
    80
    74
    67
    63
    64
    57
    61
    62
    60
    61
    47
    49
    48
    39
    38
    44
    39
    28
    45
    38
    29
    34
    26
    37
    40
    26
    24
    16
    16
    16
    26
    19
    17
    31
    18
    21
    23
    12
    20
    17
    19
    20
    20
    15
    16
    12
    13
    14
    13
    18
    21
    9
    12
    11
    7
    13
    13
    13
    7
    9
    9
    16
    8
    11
    12
    7
    9
    10
    6
    7
    11
    7
    6
    360
    337
    328
    283
    270
    237
    222
    207
    200
    165
    177
    160
    137
    144
    134
    126
    136
    106
    123
    104
    98
    99
    104
    77
    94
    81
    65
    68
    74
    70
    80
    63
    71
    60
    48
    59
    46
    45
    37
    47
    30
    52
    30
    38
    39
    35
    37
    28
    34
    36
    29
    29
    30
    26
    31
    24
    19
    15
    18
    20
    24
    16
    19
    16
    17
    13
    21
    22
    17
    19
    14
    16
    9
    19
    15
    10
    13
    14
    9
    9
    16
    12
    8
    5
    9
    17
    10
    13
    9
    10
    12
    6
    7
    9
    9
    9
    9
    12
    7
    8
    385
    340
    314
    290
    259
    240
    214
    178
    197
    207
    154
    159
    141
    154
    116
    118
    111
    130
    92
    100
    108
    106
    81
    77
    82
    70
    87
    78
    65
    54
    57
    58
    62
    71
    54
    44
    46
    42
    58
    59
    48
    36
    35
    43
    40
    41
    32
    31
    32
    32
    32
    35
    24
    40
    28
    32
    21
    30
    21
    29
    16
    23
    23
    20
    17
    18
    12
    19
    18
    15
    16
    15
    13
    13
    20
    18
    16
    9
    13
    8
    14
    6
    14
    10
    10
    9
    14
    11
    10
    9
    8
    7
    7
    6
    9
    7
    13
    6
    6
    8
    382
    355
    332
    288
    272
    239
    235
    196
    198
    158
    174
    164
    143
    159
    137
    126
    114
    131
    109
    82
    101
    106
    85
    88
    86
    73
    79
    56
    66
    72
    68
    66
    62
    51
    49
    46
    62
    54
    49
    38
    37
    40
    40
    52
    35
    37
    33
    39
    34
    35
    28
    30
    26
    22
    15
    26
    20
    18
    20
    19
    17
    22
    20
    17
    20
    20
    16
    18
    12
    16
    15
    14
    16
    9
    15
    9
    12
    5
    10
    10
    16
    16
    8
    10
    12
    8
    5
    7
    8
    7
    12
    11
    10
    9
    5
    14
    6
    4
    5
    7
    385
    361
    301
    269
    230
    247
    219
    193
    194
    170
    157
    152
    142
    127
    142
    127
    122
    117
    97
    98
    96
    103
    91
    109
    79
    73
    69
    60
    67
    67
    62
    60
    56
    52
    59
    61
    50
    53
    49
    34
    40
    46
    47
    33
    38
    38
    27
    29
    31
    28
    27
    37
    37
    27
    23
    25
    19
    22
    23
    11
    17
    33
    24
    16
    20
    23
    26
    20
    13
    11
    15
    21
    20
    10
    13
    7
    8
    10
    9
    10
    11
    14
    13
    12
    12
    10
    9
    13
    8
    12
    6
    7
    15
    10
    8
    8
    6
    18
    8
    8
    405
    343
    314
    295
    253
    252
    223
    230
    173
    180
    160
    167
    180
    138
    153
    133
    125
    125
    103
    95
    87
    92
    81
    101
    96
    82
    68
    89
    76
    71
    64
    59
    43
    75
    68
    56
    58
    51
    44
    41
    53
    35
    48
    34
    33
    35
    40
    39
    28
    32
    29
    27
    23
    21
    25
    20
    26
    21
    26
    27
    19
    18
    19
    17
    17
    19
    23
    16
    21
    11
    12
    17
    11
    19
    14
    15
    11
    12
    9
    10
    16
    13
    9
    15
    10
    12
    7
    6
    11
    7
    11
    14
    8
    10
    7
    7
    13
    6
    6
    9
    402
    352
    306
    262
    274
    226
    214
    199
    215
    179
    150
    184
    172
    145
    137
    131
    105
    126
    105
    101
    88
    100
    104
    89
    78
    77
    71
    84
    57
    75
    63
    61
    64
    67
    43
    44
    35
    49
    45
    34
    47
    45
    40
    30
    35
    43
    33
    23
    30
    36
    34
    24
    31
    34
    29
    24
    30
    16
    27
    21
    19
    22
    12
    22
    27
    9
    22
    17
    14
    16
    22
    12
    20
    10
    17
    14
    12
    11
    17
    13
    10
    15
    11
    11
    8
    8
    5
    8
    6
    10
    12
    5
    17
    8
    11
    6
    4
    5
    4
    9
    346
    350
    333
    274
    267
    222
    251
    180
    181
    193
    165
    142
    138
    126
    132
    143
    113
    102
    99
    82
    95
    101
    86
    94
    76
    63
    75
    74
    73
    68
    43
    60
    70
    68
    39
    51
    51
    49
    54
    38
    47
    43
    41
    43
    46
    35
    30
    36
    23
    26
    37
    34
    29
    26
    36
    28
    19
    20
    26
    23
    13
    20
    24
    17
    22
    13
    11
    12
    22
    13
    19
    20
    11
    12
    14
    12
    15
    11
    11
    8
    8
    12
    12
    13
    14
    11
    9
    25
    3
    12
    11
    13
    11
    7
    7
    6
    10
    3
    4
    10
    388
    358
    340
    264
    297
    259
    211
    227
    188
    199
    167
    155
    178
    151
    126
    139
    108
    117
    109
    114
    110
    101
    87
    103
    90
    77
    72
    87
    62
    65
    83
    67
    54
    68
    60
    61
    67
    68
    44
    42
    47
    40
    43
    33
    38
    35
    34
    41
    33
    50
    34
    34
    28
    37
    30
    27
    28
    33
    21
    24
    20
    24
    18
    25
    21
    14
    15
    9
    16
    13
    15
    17
    22
    10
    14
    16
    16
    10
    16
    12
    10
    6
    14
    15
    8
    11
    11
    11
    6
    14
    13
    6
    11
    11
    8
    6
    6
    11
    13
    9
    388
    332
    283
    298
    255
    224
    217
    190
    180
    176
    189
    157
    174
    134
    135
    163
    99
    101
    116
    99
    104
    97
    107
    95
    78
    78
    59
    68
    73
    73
    62
    85
    67
    63
    54
    61
    54
    46
    49
    39
    42
    31
    41
    44
    29
    36
    45
    31
    32
    27
    35
    25
    35
    26
    31
    19
    28
    17
    22
    29
    23
    16
    19
    23
    24
    28
    14
    16
    16
    13
    13
    12
    8
    14
    5
    13
    12
    12
    14
    18
    8
    14
    18
    11
    12
    5
    15
    12
    12
    6
    13
    8
    6
    10
    11
    7
    7
    9
    8
    8
    421
    309
    293
    300
    258
    236
    247
    191
    202
    184
    161
    167
    141
    150
    112
    127
    111
    115
    118
    105
    119
    90
    102
    95
    87
    73
    76
    78
    86
    78
    64
    57
    60
    49
    57
    51
    58
    35
    36
    45
    45
    35
    33
    49
    27
    36
    30
    27
    34
    33
    29
    29
    26
    35
    27
    32
    28
    28
    19
    26
    15
    28
    20
    15
    29
    22
    10
    18
    20
    16
    17
    10
    17
    16
    12
    8
    16
    14
    15
    12
    12
    7
    6
    10
    16
    6
    12
    9
    15
    11
    11
    13
    10
    7
    7
    9
    5
    6
    13
    5
    382
    328
    317
    279
    248
    220
    214
    182
    173
    155
    159
    159
    144
    166
    137
    144
    130
    105
    115
    96
    96
    93
    103
    97
    109
    74
    73
    69
    79
    64
    57
    58
    59
    67
    61
    62
    49
    53
    62
    48
    55
    43
    35
    41
    36
    39
    38
    33
    35
    26
    20
    24
    28
    31
    23
    17
    21
    27
    19
    31
    26
    16
    23
    23
    22
    16
    19
    19
    20
    11
    13
    15
    14
    13
    16
    12
    10
    14
    22
    18
    7
    13
    9
    12
    14
    12
    8
    10
    7
    10
    6
    11
    8
    14
    5
    18
    5
    5
    4
    7
    380
    350
    336
    279
    249
    244
    213
    235
    182
    171
    161
    141
    166
    151
    149
    96
    126
    100
    107
    112
    110
    112
    91
    92
    78
    82
    91
    80
    68
    76
    71
    56
    58
    58
    49
    56
    59
    48
    51
    46
    48
    46
    41
    43
    38
    29
    33
    30
    36
    41
    29
    36
    28
    28
    26
    21
    26
    25
    21
    29
    17
    22
    26
    17
    18
    20
    17
    21
    18
    13
    14
    15
    12
    16
    15
    23
    14
    16
    12
    19
    14
    14
    8
    8
    12
    14
    10
    4
    8
    10
    8
    13
    7
    6
    6
    10
    12
    10
    5
    5
    378
    351
    337
    277
    225
    227
    234
    193
    191
    155
    137
    156
    161
    146
    150
    120
    131
    116
    94
    92
    98
    91
    97
    83
    86
    66
    80
    92
    73
    70
    68
    69
    70
    55
    56
    53
    53
    43
    38
    50
    36
    41
    38
    34
    34
    32
    28
    35
    40
    36
    27
    31
    26
    33
    31
    28
    30
    19
    25
    22
    13
    15
    31
    18
    18
    20
    16
    11
    18
    18
    12
    15
    24
    15
    16
    9
    9
    12
    17
    9
    12
    13
    12
    11
    5
    9
    15
    9
    9
    11
    10
    10
    10
    9
    3
    15
    6
    8
    8
    10
    365
    348
    317
    271
    243
    249
    208
    184
    183
    180
    167
    171
    166
    130
    139
    142
    120
    131
    96
    111
    109
    101
    79
    92
    69
    83
    88
    75
    61
    73
    72
    60
    48
    47
    52
    57
    59
    52
    41
    50
    41
    43
    47
    42
    34
    31
    32
    28
    32
    25
    25
    18
    35
    22
    25
    25
    22
    25
    34
    20
    28
    15
    27
    27
    20
    28
    18
    17
    11
    18
    19
    18
    14
    15
    10
    7
    15
    16
    10
    8
    13
    10
    5
    11
    12
    12
    9
    15
    12
    16
    7
    11
    9
    3
    10
    8
    6
    8
    5
    6
    364
    329
    295
    284
    278
    197
    216
    224
    199
    203
    170
    142
    155
    157
    158
    133
    112
    118
    109
    101
    116
    100
    87
    102
    83
    90
    85
    81
    53
    62
    69
    70
    60
    51
    68
    47
    45
    51
    46
    46
    46
    67
    40
    42
    38
    29
    37
    29
    26
    30
    22
    25
    33
    30
    20
    27
    26
    29
    19
    19
    35
    20
    13
    17
    25
    23
    16
    26
    21
    16
    7
    12
    8
    18
    16
    10
    13
    6
    13
    14
    12
    8
    11
    15
    8
    4
    11
    9
    5
    9
    12
    8
    6
    10
    6
    12
    6
    5
    10
    8
    373
    340
    295
    256
    245
    216
    212
    209
    201
    193
    171
    159
    166
    145
    157
    118
    114
    110
    107
    128
    81
    84
    105
    90
    95
    84
    66
    71
    74
    64
    71
    45
    62
    48
    54
    58
    59
    46
    60
    47
    29
    46
    30
    38
    19
    41
    39
    37
    35
    32
    27
    24
    27
    35
    27
    25
    20
    26
    31
    25
    20
    27
    20
    19
    28
    12
    23
    19
    11
    13
    13
    17
    19
    17
    11
    10
    13
    19
    13
    12
    15
    9
    10
    7
    12
    5
    6
    6
    12
    9
    14
    11
    7
    4
    9
    4
    3
    10
    8
    9
    381
    357
    285
    295
    263
    220
    233
    190
    178
    192
    156
    180
    142
    169
    136
    132
    110
    116
    109
    110
    100
    91
    97
    98
    79
    68
    87
    77
    58
    64
    54
    57
    59
    57
    64
    52
    51
    44
    48
    49
    45
    43
    45
    35
    29
    31
    34
    33
    38
    27
    42
    31
    19
    46
    16
    23
    24
    17
    26
    17
    22
    20
    15
    17
    17
    16
    18
    28
    14
    18
    20
    19
    9
    13
    10
    16
    21
    17
    13
    14
    9
    12
    8
    9
    7
    15
    11
    11
    6
    10
    13
    12
    7
    6
    14
    7
    5
    12
    5
    4
    356
    338
    314
    313
    277
    218
    230
    190
    169
    162
    154
    165
    151
    140
    130
    147
    101
    137
    107
    118
    107
    87
    90
    89
    85
    85
    69
    66
    73
    58
    63
    66
    50
    69
    62
    52
    49
    48
    41
    51
    33
    51
    56
    42
    33
    35
    40
    41
    34
    40
    36
    17
    24
    26
    25
    22
    31
    25
    26
    18
    19
    12
    25
    20
    16
    18
    19
    14
    18
    13
    16
    25
    12
    18
    12
    13
    16
    21
    7
    9
    12
    8
    10
    8
    10
    10
    20
    14
    12
    10
    14
    18
    14
    10
    9
    5
    7
    7
    9
    9
    354
    352
    334
    297
    245
    255
    207
    209
    206
    189
    165
    155
    166
    136
    151
    136
    110
    104
    121
    105
    111
    103
    90
    92
    63
    68
    81
    73
    61
    59
    54
    69
    65
    55
    43
    51
    55
    43
    51
    45
    60
    43
    49
    47
    37
    27
    38
    38
    24
    44
    27
    24
    31
    27
    28
    28
    20
    22
    18
    27
    24
    18
    23
    15
    17
    21
    20
    26
    19
    13
    11
    14
    10
    12
    11
    16
    10
    9
    14
    7
    12
    9
    9
    15
    6
    13
    12
    8
    10
    11
    7
    7
    10
    7
    10
    9
    10
    10
    5
    5
    376
    350
    303
    282
    245
    243
    221
    201
    193
    166
    180
    158
    174
    145
    130
    141
    130
    97
    115
    102
    109
    79
    100
    78
    83
    67
    65
    86
    61
    75
    54
    56
    57
    73
    50
    61
    50
    48
    39
    39
    34
    49
    39
    39
    41
    23
    38
    30
    25
    38
    23
    27
    25
    21
    30
    23
    29
    27
    21
    24
    25
    20
    25
    17
    18
    21
    20
    19
    24
    14
    20
    13
    12
    12
    13
    11
    14
    15
    13
    13
    16
    11
    11
    7
    5
    10
    3
    8
    10
    11
    5
    13
    3
    16
    5
    9
    8
    6
    5
    5
    365
    340
    308
    258
    226
    217
    222
    192
    179
    158
    164
    154
    163
    129
    115
    129
    118
    124
    123
    113
    104
    99
    86
    80
    87
    75
    78
    83
    78
    76
    69
    56
    52
    63
    50
    53
    49
    44
    44
    45
    54
    43
    42
    42
    49
    30
    30
    39
    30
    32
    22
    24
    24
    26
    27
    32
    20
    20
    21
    33
    14
    18
    23
    24
    14
    26
    16
    11
    10
    18
    14
    12
    27
    21
    12
    17
    10
    12
    7
    6
    15
    8
    12
    12
    14
    13
    9
    8
    10
    5
    9
    13
    10
    11
    7
    10
    7
    14
    5
    10
    377
    357
    321
    282
    244
    227
    258
    208
    174
    170
    178
    148
    165
    147
    144
    99
    108
    135
    121
    110
    93
    81
    91
    67
    91
    69
    68
    73
    84
    73
    54
    61
    59
    58
    51
    48
    57
    50
    37
    40
    47
    43
    42
    41
    32
    22
    27
    34
    33
    33
    30
    27
    32
    22
    29
    36
    31
    25
    24
    20
    20
    11
    15
    19
    14
    17
    20
    20
    13
    21
    12
    16
    13
    13
    16
    15
    13
    13
    12
    6
    20
    11
    10
    12
    8
    9
    11
    15
    9
    9
    9
    8
    10
    5
    9
    5
    6
    9
    8
    7
    371
    360
    317
    275
    268
    225
    207
    200
    197
    171
    157
    155
    131
    139
    143
    126
    117
    135
    106
    114
    106
    101
    117
    75
    84
    83
    89
    78
    64
    82
    72
    65
    52
    65
    59
    46
    62
    49
    44
    55
    52
    36
    33
    38
    38
    34
    39
    33
    32
    33
    22
    31
    40
    25
    22
    28
    18
    23
    28
    24
    18
    14
    24
    12
    25
    20
    23
    16
    13
    18
    16
    17
    14
    15
    8
    13
    17
    9
    8
    19
    12
    16
    13
    6
    16
    4
    11
    9
    5
    7
    8
    15
    9
    10
    5
    8
    6
    10
    7
    2
    375
    345
    302
    268
    259
    228
    180
    190
    179
    169
    192
    132
    142
    137
    174
    145
    131
    115
    91
    112
    123
    104
    95
    85
    91
    81
    71
    78
    72
    76
    65
    55
    61
    65
    42
    49
    59
    39
    47
    55
    49
    38
    40
    47
    40
    46
    41
    38
    37
    30
    33
    31
    24
    32
    19
    24
    26
    36
    32
    32
    24
    25
    16
    18
    19
    15
    16
    20
    16
    8
    16
    12
    14
    13
    9
    18
    11
    18
    16
    12
    8
    8
    10
    13
    5
    8
    13
    12
    10
    10
    13
    11
    13
    6
    10
    9
    10
    9
    3
    7
    366
    305
    272
    269
    254
    240
    202
    194
    211
    171
    178
    166
    143
    129
    121
    125
    134
    101
    101
    96
    88
    102
    114
    86
    93
    74
    67
    62
    75
    80
    63
    59
    53
    49
    68
    49
    56
    37
    44
    48
    40
    44
    40
    34
    34
    34
    35
    28
    28
    36
    34
    29
    28
    28
    25
    28
    22
    26
    26
    17
    24
    21
    26
    22
    22
    12
    20
    20
    12
    15
    18
    17
    12
    13
    14
    16
    17
    10
    12
    15
    10
    7
    8
    7
    7
    11
    9
    7
    7
    8
    4
    7
    8
    7
    11
    9
    5
    9
    9
    6
    383
    367
    310
    277
    223
    226
    228
    219
    203
    190
    183
    157
    168
    136
    145
    121
    111
    129
    103
    110
    95
    103
    95
    113
    83
    78
    82
    69
    72
    79
    61
    61
    52
    45
    48
    53
    52
    66
    48
    53
    35
    43
    32
    41
    40
    35
    44
    40
    36
    34
    23
    29
    32
    31
    24
    24
    25
    25
    24
    20
    25
    16
    20
    19
    24
    25
    20
    17
    8
    20
    17
    18
    16
    20
    8
    11
    11
    16
    18
    10
    11
    16
    15
    7
    14
    14
    10
    11
    11
    11
    15
    4
    10
    9
    6
    9
    7
    8
    4
    10

Data:
    0
    0
    0
    0
    0
    0
    0
    0
    0
    0
    0
    0
    0
    0
    0
    0
    0
    0
    0
    0
    0
    0
    0
    0
    0
    0
    0
    0
    0
    0
    0
    0
    0
    0
    0
    0
    0
    0
    0
    0
    0
    0
    0
    0
    0
    0
    0
    0
    0
    0
    0
    0
    0
    0
    0
    0
    0
    0
    0
    0
    0
    0
    0
    0
    0
    0
    0
    0
    0
    0
    0
    0
    0
    0
    0
    0
    0
    0
    0
    0
    0
    0
    0
    0
    0
    0
    0
    0
    0
    0
    0
    0
    0
    0
    0
    0
    0
    0
    0
    0
    0
    0
    0
    0
    0
    0
    0
    0
    0
    0
    0
    0
    0
    0
    0
    0
    0
    0
    0
    0
    0
    0
    0
    0
    0
    0
    0
    0
    0
    0
    0
    0
    0
    0
    0
    0
    0
    0
    0
    0
    0
    0
    0
    0
    0
    0
    0
    0
    0
    0
    0
    0
    0
    0
    0
    0
    0
    0
    0
    0
    0
    0
    0
    0
    0
    0
    0
    0
    0
    0
    0
    0
    0
    0
    0
    0
    0
    0
    0
    0
    0
    0
    0
    0
    0
    0
    0
    0
    0
    0
    0
    0
    0
    0
    0
    0
    0
    0
    0
    0
    0
    0
    0
    0
    0
    0
    0
    0
    0
    0
    0
    0
    0
    0
    0
    0
    0
    0
    0
    0
    0
    0
    0
    0
    0
    0
    0
    0
    0
    0
    0
    0
    0
    0
    0
    0
    0
    0
    0
    0
    0
    0
    0
    0
    0
    0
    0
    0
    0
    0
    0
    0
    0
    0
    0
    0
    0
    0
    0
    0
    0
    0
    0
    0
    0
    0
    0
    0
    0
    0
    0
    0
    0
    0
    0
    0
    0
    0
    0
    0
    0
    0
    0
    0
    0
    0
    0
    0
    0
    0
    0
    0
    0
    0
    0
    0
    0
    0
    0
    0
    0
    0
    0
    0
    0
    0
    0
    0
    0
    0
    0
    0
    0
    0
    0
    0
    0
    0
    0
    0
    0
    0
    0
    0
    0
    0
    0
    0
    0
    0
    0
    0
    0
    0
    0
    0
    0
    0
    0
    0
    0
    0
    0
    0
    0
    0
    0
    0
    0
    0
    0
    0
    0
    0
    0
    0
    0
    0
    0
    0
    0
    0
    0
    0
    0
    0
    0
    0
    0
    0
    0
    0
    0
    0
    0
    0
    0
    0
    0
    0
    0
    0
    0
    0
    0
    0
    0
    0
    0
    0
    0
    0
    0
    0
    0
    0
    0
    0
    0
    0
    0
    0
    0
    0
    0
    0
    0
    0
    0
    0
    0
    0
    0
    0
    0
    0
    0
    0
    0
    0
    0
    0
    0
    0
    0
    0
    0
    0
    0
    0
    0
    0
    0
    0
    0
    0
    0
    0
    0
    0
    0
    0
    0
    0
    0
    0
    0
    0
    0
    0
    0
    0
    0
    0
    0
    0
    0
    0
    0
    0
    0
    0
    0
    0
    0
    0
    0
    0
    0
    0
    0
    0
    0
    0
    0
    0
    0
    0
    0
    0
    0
    0
    0
    0
    0
    0
    0
    0
    0
    0
    0
    0
    0
    0
    0
    0
    0
    0
    0
    0
    0
    0
    0
    0
    0
    0
    0
    0
    0
    0
    0
    0
    0
    0
    0
    0
    0
    0
    0
    0
    0
    0
    0
    0
    0
    0
    0
    0
    0
    0
    0
    0
    0
    0
    0
    0
    0
    0
    0
    0
    0
    0
    0
    0
    0
    0
    0
    0
    0
    0
    0
    0
    0
    0
    0
    0
    0
    0
    0
    0
    0
    0
    0
    0
    0
    0
    0
    0
    0
    0
    0
    0
    0
    0
    0
    0
    0
    0
    0
    0
    0
    0
    0
    0
    0
    0
    0
    0
    0
    0
    0
    0
    0
    0
    0
    0
    0
    0
    0
    0
    0
    0
    0
    0
    0
    0
    0
    0
    0
    0
    0
    0
    0
    0
    0
    0
    0
    0
    0
    0
    0
    0
    0
    0
    0
    0
    0
    0
    0
    0
    0
    0
    0
    0
    0
    0
    0
    0
    0
    0
    0
    0
    0
    0
    0
    0
    0
    0
    0
    0
    0
    0
    0
    0
    0
    0
    0
    0
    0
    0
    0
    0
    0
    0
    0
    0
    0
    0
    0
    0
    0
    0
    0
    0
    0
    0
    0
    0
    0
    0
    0
    0
    0
    0
    0
    0
    0
    0
    0
    0
    0
    0
    0
    0
    0
    0
    0
    0
    0
    0
    0
    0
    0
    0
    0
    0
    0
    0
    0
    0
    0
    0
    0
    0
    0
    0
    0
    0
    0
    0
    0
    0
    0
    0
    0
    0
    0
    0
    0
    0
    0
    0
    0
    0
    0
    0
    0
    0
    0
    0
    0
    0
    0
    0
    0
    0
    0
    0
    0
    0
    0
    0
    0
    0
    0
    0
    0
    0
    0
    0
    0
    0
    0
    0
    0
    0
    0
    0
    0
    0
    0
    0
    0
    0
    0
    0
    0
    0
    0
    0
    0
    0
    0
    0
    0
    0
    0
    0
    0
    0
    0
    0
    0
    0
    0
    0
    0
    0
    0
    0
    0
    0
    0
    0
    0
    0
    0
    0
    0
    0
    0
    0
    0
    0
    0
    0
    0
    0
    0
    0
    0
    0
    0
    0
    0
    0
    0
    0
    0
    0
    0
    0
    0
    0
    0
    0
    0
    0
    0
    0
    0
    0
    0
    0
    0
    0
    0
    0
    0
    0
    0
    0
    0
    0
    0
    0
    0
    0
    0
    0
    0
    0
    0
    0
    0
    0
    0
    0
    0
    0
    0
    0
    0
    0
    0
    0
    0
    0
    0
    0
    0
    0
    0
    0
    0
    0
    0
    0
    0
    0
    0
    0
    0
    0
    0
    0
    0
    0
    0
    0
    0
    0
    0
    0
    0
    0
    0
    0
    0
    0
    0
    0
    0
    0
    0
    0
    0
    0
    0
    0
    0
    0
    0
    0
    0
    0
    0
    0
    0
    0
    0
    0
    0
    0
    0
    0
    0
    0
    0
    0
    0
    0
    0
    0
    0
    0
    0
    0
    0
    0
    0
    0
    0
    0
    0
    0
    0
    0
    0
    0
    0
    0
    0
    0
    0
    0
    0
    0
    0
    0
    0
    0
    0
    0
    0
    0
    0
    0
    0
    0
    0
    0
    0
    0
    0
    0
    0
    0
    0
    0
    0
    0
    0
    0
    0
    0
    0
    0
    0
    0
    0
    0
    0
    0
    0
    0
    0
    0
    0
    0
    0
    0
    0
    0
    0
    0
    0
    0
    0
    0
    0
    0
    0
    0
    0
    0
    0
    0
    0
    0
    0
    0
    0
    0
    0
    0
    0
    0
    0
    0
    0
    0
    0
    0
    0
    0
    0
    0
    0
    0
    0
    0
    0
    0
    0
    0
    0
    0
    0
    0
    0
    0
    0
    0
    0
    0
    0
    0
    0
    0
    0
    0
    0
    0
    0
    0
    0
    0
    0
    0
    0
    0
    0
    0
    0
    0
    0
    0
    0
    0
    0
    0
    0
    0
    0
    0
    0
    0
    0
    0
    0
    0
    0
    0
    0
    0
    0
    0
    0
    0
    0
    0
    0
    0
    0
    0
    0
    0
    0
    0
    0
    0
    0
    0
    0
    0
    0
    0
    0
    0
    0
    0
    0
    0
    0
    0
    0
    0
    0
    0
    0
    0
    0
    0
    0
    0
    0
    0
    0
    0
    0
    0
    0
    0
    0
    0
    0
    0
    0
    0
    0
    0
    0
    0
    0
    0
    0
    0
    0
    0
    0
    0
    0
    0
    0
    0
    0
    0
    0
    0
    0
    0
    0
    0
    0
    0
    0
    0
    0
    0
    0
    0
    0
    0
    0
    0
    0
    0
    0
    0
    0
    0
    0
    0
    0
    0
    0
    0
    0
    0
    0
    0
    0
    0
    0
    0
    0
    0
    0
    0
    0
    0
    0
    0
    0
    0
    0
    0
    0
    0
    0
    0
    0
    0
    0
    0
    0
    0
    0
    0
    0
    0
    0
    0
    0
    0
    0
    0
    0
    0
    0
    0
    0
    0
    0
    0
    0
    0
    0
    0
    0
    0
    0
    0
    0
    0
    0
    0
    0
    0
    0
    0
    0
    0
    0
    0
    0
    0
    0
    0
    0
    0
    0
    0
    0
    0
    0
    0
    0
    0
    0
    0
    0
    0
    0
    0
    0
    0
    0
    0
    0
    0
    0
    0
    0
    0
    0
    0
    0
    0
    0
    0
    0
    0
    0
    0
    0
    0
    0
    0
    0
    0
    0
    0
    0
    0
    0
    0
    0
    0
    0
    0
    0
    0
    0
    0
    0
    0
    0
    0
    0
    0
    0
    0
    0
    0
    0
    0
    0
    0
    0
    0
    0
    0
    0
    0
    0
    0
    0
    0
    0
    0
    0
    0
    0
    0
    0
    0
    0
    0
    0
    0
    0
    0
    0
    0
    0
    0
    0
    0
    0
    0
    0
    0
    0
    0
    0
    0
    0
    0
    0
    0
    0
    0
    0
    0
    0
    0
    0
    0
    0
    0
    0
    0
    0
    0
    0
    0
    0
    0
    0
    0
    0
    0
    0
    0
    0
    0
    0
    0
    0
    0
    0
    0
    0
    0
    0
    0
    0
    0
    0
    0
    0
    0
    0
    0
    0
    0
    0
    0
    0
    0
    0
    0
    0
    0
    0
    0
    0
    0
    0
    0
    0
    0
    0
    0
    0
    0
    0
    0
    0
    0
    0
    0
    0
    0
    0
    0
    0
    0
    0
    0
    0
    0
    0
    0
    0
    0
    0
    0
    0
    0
    0
    0
    0
    0
    0
    0
    0
    0
    0
    0
    0
    0
    0
    0
    0
    0
    0
    0
    0
    0
    0
    0
    0
    0
    0
    0
    0
    0
    0
    0
    0
    0
    0
    0
    0
    0
    0
    0
    0
    0
    0
    0
    0
    0
    0
    0
    0
    0
    0
    0
    0
    0
    0
    0
    0
    0
    0
    0
    0
    0
    0
    0
    0
    0
    0
    0
    0
    0
    0
    0
    0
    0
    0
    0
    0
    0
    0
    0
    0
    0
    0
    0
    0
    0
    0
    0
    0
    0
    0
    0
    0
    0
    0
    0
    0
    0
    0
    0
    0
    0
    0
    0
    0
    0
    0
    0
    0
    0
    0
    0
    0
    0
    0
    0
    0
    0
    0
    0
    0
    0
    0
    0
    0
    0
    0
    0
    0
    0
    0
    0
    0
    0
    0
    0
    0
    0
    0
    0
    0
    0
    0
    0
    0
    0
    0
    0
    0
    0
    0
    0
    0
    0
    0
    0
    0
    0
    0
    0
    0
    0
    0
    0
    0
    0
    0
    0
    0
    0
    0
    0
    0
    0
    0
    0
    0
    0
    0
    0
    0
    0
    0
    0
    0
    0
    0
    0
    0
    0
    0
    0
    0
    0
    0
    0
    0
    0
    0
    0
    0
    0
    0
    0
    0
    0
    0
    0
    0
    0
    0
    0
    0
    0
    0
    0
    0
    0
    0
    0
    0
    0
    0
    0
    0
    0
    0
    0
    0
    0
    0
    0
    0
    0
    0
    0
    0
    0
    0
    0
    0
    0
    0
    0
    0
    0
    0
    0
    0
    0
    0
    0
    0
    0
    0
    0
    0
    0
    0
    0
    0
    0
    0
    0
    0
    0
    0
    0
    0
    0
    0
    0
    0
    0
    0
    0
    0
    0
    0
    0
    0
    0
    0
    0
    0
    0
    0
    0
    0
    0
    0
    0
    0
    0
    0
    0
    0
    0
    0
    0
    0
    0
    0
    0
    0
    0
    0
    0
    0
    0
    0
    0
    0
    0
    0
    0
    0
    0
    0
    0
    0
    0
    0
    0
    0
    0
    0
    0
    0
    0
    0
    0
    0
    0
    0
    0
    0
    0
    0
    0
    0
    0
    0
    0
    0
    0
    0
    0
    0
    0
    0
    0
    0
    0
    0
    0
    0
    0
    0
    0
    0
    0
    0
    0
    0
    0
    0
    0
    0
    0
    0
    0
    0
    0
    0
    0
    0
    0
    0
    0
    0
    0
    0
    0
    0
    0
    0
    0
    0
    0
    0
    0
    0
    0
    0
    0
    0
    0
    0
    0
    0
    0
    0
    0
    0
    0
    0
    0
    0
    0
    0
    0
    0
    0
    0
    0
    0
    0
    0
    0
    0
    0
    0
    0
    0
    0
    0
    0
    0
    0
    0
    0
    0
    0
    0
    0
    0
    0
    0
    0
    0
    0
    0
    0
    0
    0
    0
    0
    0
    0
    0
    0
    0
    0
    0
    0
    0
    0
    0
    0
    0
    0
    0
    0
    0
    0
    0
    0
    0
    0
    0
    0
    0
    0
    0
    0
    0
    0
    0
    0
    0
    0
    0
    0
    0
    0
    0
    0
    0
    0
    0
    0
    0
    0
    0
    0
    0
    0
    0
    0
    0
    0
    0
    0
    0
    0
    0
    0
    0
    0
    0
    0
    0
    0
    0
    0
    0
    0
    0
    0
    0
    0
    0
    0
    0
    0
    0
    0
    0
    0
    0
    0
    0
    0
    0
    0
    0
    0
    0
    0
    0
    0
    0
    0
    0
    0
    0
    0
    0
    0
    0
    0
    0
    0
    0
    0
    0
    0
    0
    0
    0
    0
    0
    0
    0
    0
    0
    0
    0
    0
    0
    0
    0
    0
    0
    0
    0
    0
    0
    0
    0
    0
    0
    0
    0
    0
    0
    0
    0
    0
    0
    0
    0
    0
    0
    0
    0
    0
    0
    0
    0
    0
    0
    0
    0
    0
    0
    0
    0
    0
    0
    0
    0
    0
    0
    0
    0
    0
    0
    0
    0
    0
    0
    0
    0
    0
    0
    0
    0
    0
    0
    0
    0
    0
    0
    0
    0
    0
    0
    0
    0
    0
    0
    0
    0
    0
    0
    0
    0
    0
    0
    0
    0
    0
    0
    0
    0
    0
    0
    0
    0
    0
    0
    0
    0
    0
    0
    0
    0
    0
    0
    0
    0
    0
    0
    0
    0
    0
    0
    0
    0
    0
    0
    0
    0
    0
    0
    0
    0
    0
    0
    0
    0
    0
    0
    0
    0
    0
    0
    0
    0
    0
    0
    0
    0
    0
    0
    0
    0
    0
    0
    0
    0
    0
    0
    0
    0
    0
    0
    0
    0
    0
    0
    0
    0
    0
    0
    0
    0
    0
    0
    0
    0
    0
    0
    0
    0
    0
    0
    0
    0
    0
    0
    0
    0
    0
    0
    0
    0
    0
    0
    0
    0
    0
    0
    0
    0
    0
    0
    0
    0
    0
    0
    0
    0
    0
    0
    0
    0
    0
    0
    0
    0
    0
    0
    0
    0
    0
    0
    0
    0
    0
    0
    0
    0
    0
    0
    0
    0
    0
    0
    0
    0
    0
    0
    0
    0
    0
    0
    0
    0
    0
    0
    0
    0
    0
    0
    0
    0
    0
    0
    0
    0
    0
    0
    0
    0
    0
    0
    0
    0
    0
    0
    0
    0
    0
    0
    0
    0
    0
    0
    0
    0
    0
    0
    0
    0
    0
    0
    0
    0
    0
    0
    0
    0
    0
    0
    0
    0
    0
    0
    0
    0
    0
    0
    0
    0
    0
    0
    0
    0
    0
    0
    0
    0
    0
    0
    0
    0
    0
    0
    0
    0
    0
    0
    0
    0
    0
    0
    0
    0
    0
    0
    0
    0
    0
    0
    0
    0
    0
    0
    0
    0
    0
    0
    0
    0
    0
    0
    0
    0
    0
    0
    0
    0
    0
    0
    0
    0
    0
    0
    0
    0
    0
    0
    0
    0
    0
    0
    0
    0
    0
    0
    0
    0
    0
    0
    0
    0
    0
    0
    0
    0
    0
    0
    0
    0
    0
    0
    0
    0
    0
    0
    0
    0
    0
    0
    0
    0
    0
    0
    0
    0
    0
    0
    0
    0
    0
    0
    0
    0
    0
    0
    0
    0
    0
    0
    0
    0
    0
    0
    0
    0
    0
    0
    0
    0
    0
    0
    0
    0
    0
    0
    0
    0
    0
    0
    0
    0
    0
    0
    0
    0
    0
    0
    0
    0
    0
    0
    0
    0
    0
    0
    0
    0
    0
    0
    0
    0
    0
    0
    0
    0
    0
    0
    0
    0
    0
    0
    0
    0
    0
    0
    0
    0
    0
    0
    0
    0
    0
    0
    0
    0
    0
    0
    0
    0
    0
    0
    0
    0
    0
    0
    0
    0
    0
    0
    0
    0
    0
    0
    0
    0
    0
    0
    0
    0
    0
    0
    0
    0
    0
    0
    0
    0
    0
    0
    0
    0
    0
    0
    0
    0
    0
    0
    0
    0
    0
    0
    0
    0
    0
    0
    0
    0
    0
    0
    0
    0
    0
    0
    0
    0
    0
    0
    0
    0
    0
    0
    0
    0
    0
    0
    0
    0
    0
    0
    0
    0
    0
    0
    0
    0
    0
    0
    0
    0
    0
    0
    0
    0
    0
    0
    0
    0
    0
    0
    0
    0
    0
    0
    0
    0
    0
    0
    0
    0
    0
    0
    0
    0
    0
    0
    0
    0
    0
    0
    0
    0
    0
    0
    0
    0
    0
    0
    0
    0
    0
    0
    0
    0
    0
    0
    0
    0
    0
    0
    0
    0
    0
    0
    0
    0
    0
    0
    0
    0
    0
    0
    0
    0
    0
    0
    0
    0
    0
    0
    0
    0
    0
    0
    0
    0
    0
    0
    0
    0
    0
    0
    0
    0
    0
    0
    0
    0
    0
    0
    0
    0
    0
    0
    0
    0
    0
    0
    0
    0
    0
    0
    0
    0
    0
    0
    0
    0
    0
    0
    0
    0
    0
    0
    0
    0
    0
    0
    0
    0
    0
    0
    0
    0
    0
    0
    0
    0
    0
    0
    0
    0
    0
    0
    0
    0
    0
    0
    0
    0
    0
    0
    0
    0
    0
    0
    0
    0
    0
    0
    0
    0
    0
    0
    0
    0
    0
    0
    0
    0
    0
    0
    0
    0
    0
    0
    0
    0
    0
    0
    0
    0
    0
    0
    0
    0
    0
    0
    0
    0
    0
    0
    0
    0
    0
    0
    0
    0
    0
    0
    0
    0
    0
    0
    0
    0
    0
    0
    0
    0
    0
    0
    0
    0
    0
    0
    0
    0
    0
    0
    0
    0
    0
    0
    0
    0
    0
    0
    0
    0
    0
    0
    0
    0
    0
    0
    0
    0
    0
    0
    0
    0
    0
    0
    0
    0
    0
    0
    0
    0
    0
    0
    0
    0
    0
    0
    0
    0
    0
    0
    0
    0
    0
    0
    0
    0
    0
    0
    0
    0
    0
    0
    0
    0
    0
    0
    0
    0
    0
    0
    0
    0
    0
    0
    0
    0
    0
    0
    0
    0
    0
    0
    0
    0
    0
    0
    0
    0
    0
    0
    0
    0
    0
    0
    0
    0
    0
    0
    0
    0
    0
    0
    0
    0
    0
    0
    0
    0
    0
    0
    0
    0
    0
    0
    0
    0
    0
    0
    0
    0
    0
    0
    0
    0
    0
    0
    0
    0
    0
    0
    0
    0
    0
    0
    0
    0
    0
    0
    0
    0
    0
    0
    0
    0
    0
    0
    0
    0
    0
    0
    0
    0
    0
    0
    0
    0
    0
    0
    0
    0
    0
    0
    0
    0
    0
    0
    0
    0
    0
    0
    0
    0
    0
    0
    0
    0
    0
    0
    0
    0
    0
    0
    0
    0
    0
    0
    0
    0
    0
    0
    0
    0
    0
    0
    0
    0
    0
    0
    0
    0
    0
    0
    0
    0
    0
    0
    0
    0
    0
    0
    0
    0
    0
    0
    0
    0
    0
    0
    0
    0
    0
    0
    0
    0
    0
    0
    0
    0
    0
    0
    0
    0
    0
    0
    0
    0
    0
    0
    0
    0
    0
    0
    0
    0
    0
    0
    0
    0
    0
    0
    0
    0
    0
    0
    0
    0
    0
    0
    0
    0
    0
    0
    0
    0
    0
    0
    0
    0
    0
    0
    0
    0
    0
    0
    0
    0
    0
    0
    0
    0
    0
    0
    0
    0
    0
    0
    0
    0
    0
    0
    0
    0
    0
    0
    0
    0
    0
    0
    0
    0
    0
    0
    0
    0
    0
    0
    0
    0
    0
    0
    0
    0
    0
    0
    0
    0
    0
    0
    0
    0
    0
    0
    0
    0
    0
    0
    0
    0
    0
    0
    0
    0
    0
    0
    0
    0
    0
    0
    0
    0
    0
    0
    0
    0
    0
    0
    0
    0
    0
    0
    0
    0
    0
    0
    0
    0
    0
    0
    0
    0
    0
    0
    0
    0
    0
    0
    0
    0
    0
    0
    0
    0
    0
    0
    0
    0
    0
    0
    0
    0
    0
    0
    0
    0
    0
    0
    0
    0
    0
    0
    0
    0
    0
    0
    0
    0
    0
    0
    0
    0
    0
    0
    0
    0
    0
    0
    0
    0
    0
    0
    0
    0
    0
    0
    0
    0
    0
    0
    0
    0
    0
    0
    0
    0
    0
    0
    0
    0
    0
    0
    0
    0
    0
    0
    0
    0
    0
    0
    0
    0
    0
    0
    0
    0
    0
    0
    0
    0
    0
    0
    0
    0
    0
    0
    0
    0
    0
    0
    0
    0
    0
    0
    0
    0
    0
    0
    0
    0
    0
    0
    0
    0
    0
    0
    0
    0
    0
    0
    0
    0
    0
    0
    0
    0
    0
    0
    0
    0
    0
    0
    0
    0
    0
    0
    0
    0
    0
    0
    0
    0
    0
    0
    0
    0
    0
    0
    0
    0
    0
    0
    0
    0
    0
    0
    0
    0
    0
    0
    0
    0
    0
    0
    0
    0
    0
    0
    0
    0
    0
    0
    0
    0
    0
    0
    0
    0
    0
    0
    0
    0
    0
    0
    0
    0
    0
    0
    0
    0
    0
    0
    0
    0
    0
    0
    0
    0
    0
    0
    0
    0
    0
    0
    0
    0
    0
    0
    0
    0
    0
    0
    0
    0
    0
    0
    0
    0
    0
    0
    0
    0
    0
    0
    0
    0
    0
    0
    0
    0
    0
    0
    0
    0
    0
    0
    0
    0
    0
    0
    0
    0
    0
    0
    0
    0
    0
    0
    0
    0
    0
    0
    0
    0
    0
    0
    0
    0
    0
    0
    0
    0
    0
    0
    0
    0
    0
    0
    0
    0
    0
    0
    0
    0
    0
    0
    0
    0
    0
    0
    0
    0
    0
    0
    0
    0
    0
    0
    0
    0
    0
    0
    0
    0
    0
    0
    0
    0
    0
    0
    0
    0
    0
    0
    0
    0
    0
    0
    0
    0
    0
    0
    0
    0
    0
    0
    0
    0
    0
    0
    0
    0
    0
    0
    0
    0
    0
    0
    0
    0
    0
    0
    0
    0
    0
    0
    0
    0
    0
    0
    0
    0
    0
    0
    0
    0
    0
    0
    0
    0
    0
    0
    0
    0
    0
    0
    0
    0
    0
    0
    0
    0
    0
    0
    0
    0
    0
    0
    0
    0
    0
    0
    0
    0
    0
    0
    0
    0
    0
    0
    0
    0
    0
    0
    0
    0
    0
    0
    0
    0
    0
    0
    0
    0
    0
    0
    0
    0
    0
    0
    0
    0
    0
    0
    0
    0
    0
    0
    0
    0
    0
    0
    0
    0
    0
    0
    0
    0
    0
    0
    0
    0
    0
    0
    0
    0
    0
    0
    0
    0
    0
    0
    0
    0
    0
    0
    0
    0
    0
    0
    0
    0
    0
    0
    0
    0
    0
    0
    0
    0
    0
    0
    0
    0
    0
    0
    0
    0
    0
    0
    0
    0
    0
    0
    0
    0
    0
    0
    0
    0
    0
    0
    0
    0
    0
    0
    0
    0
    0
    0
    0
    0
    0
    0
    0
    0
    0
    0
    0
    0
    0
    0
    0
    0
    0
    0
    0
    0
    0
    0
    0
    0
    0
    0
    0
    0
    0
    0
    0
    0
    0
    0
    0
    0
    0
    0
    0
    0
    0
    0
    0
    0
    0
    0
    0
    0
    0
    0
    0
    0
    0
    0
    0
    0
    0
    0
    0
    0
    0
    0
    0
    0
    0
    0
    0
    0
    0
    0
    0
    0
    0
    0
    0
    0
    0
    0
    0
    0
    0
    0
    0
    0
    0
    0
    0
    0
    0
    0
    0
    0
    0
    0
    0
    0
    0
    0
    0
    0
    0
    0
    0
    0
    0
    0
    0
    0
    0
    0
    0
    0
    0
    0
    0
    0
    0
    0
    0
    0
    0
    0
    0
    0
    0
    0
    0
    0
    0
    0
    0
    0
    0
    0
    0
    0
    0
    0
    0
    0
    0
    0
    0
    0
    0
    0
    0
    0
    0
    0
    0
    0
    0
    0
    0
    0
    0
    0
    0
    0
    0
    0
    0
    0
    0
    0
    0
    0
    0
    0
    0
    0
    0
    0
    0
    0
    0
    0
    0
    0
    0
    0
    0
    0
    0
    0
    0
    0
    0
    0
    0
    0
    0
    0
    0
    0
    0
    0
    0
    0
    0
    0
    0
    0
    0
    0
    0
    0
    0
    0
    0
    0
    0
    0
    0
    0
    0
    0
    0
    0
    0
    0
    0
    0
    0
    0
    0
    0
    0
    0
    0
    0
    0
    0
    0
    0
    0
    0
    0
    0
    0
    0
    0
    0
    0
    0
    0
    0
    0
    0
    0
    0
    0
    0
    0
    0
    0
    0
    0
    0
    0
    0
    0
    0
    0
    0
    0
    0
    0
    0
    0
    0
    0
    0
    0
    0
    0
    0
    0
    0
    0
    0
    0
    0
    0
    0
    0
    0
    0
    0
    0
    0
    0
    0
    0
    0
    0
    0
    0
    0
    0
    0
    0
    0
    0
    0
    0
    0
    0
    0
    0
    0
    0
    0
    0
    0
    0
    0
    0
    0
    0
    0
    0
    0
    0
    0
    0
    0
    0
    0
    0
    0
    0
    0
    0
    0
    0
    0
    0
    0
    0
    0
    0
    0
    0
    0
    0
    0
    0
    0
    0
    0
    0
    0
    0
    0
    0
    0
    0
    0
    0
    0
    0
    0
    0
    0
    0
    0
    0
    0
    0
    0
    0
    0
    0
    0
    0
    0
    0
    0
    0
    0
    0
    0
    0
    0
    0
    0
    0
    0
    0
    0
    0
    0
    0
    0
    0
    0
    0
    0
    0
    0
    0
    0
    0
    0
    0
    0
    0
    0
    0
    0
    0
    0
    0
    0
    0
    0
    0
    0
    0
    0
    0
    0
    0
    0
    0
    0
    0
    0
    0
    0
    0
    0
    0
    0
    0
    0
    0
    0
    0
    0
    0
    0
    0
    0
    0
    0
    0
    0
    0
    0
    0
    0
    0
    0
    0
    0
    0
    0
    0
    0
    0
    0
    0
    0
    0
    0
    0
    0
    0
    0
    0
    0
    0
    0
    0
    0
    0
    0
    0
    0
    0
    0
    0
    0
    0
    0
    0
    0
    0
    0
    0
    0
    0
    0
    0
    0
    0
    0
    0
    0
    0
    0
    0
    0
    0
    0
    0
    0
    0
    0
    0
    0
    0
    0
    0
    0
    0
    0
    0
    0
    0
    0
    0
    0
    0
    0
    0
    0
    0
    0
    0
    0
    0
    0
    0
    0
    0
    0
    0
    0
    0
    0
    0
    0
    0
    0
    0
    0
    0
    0
    0
    0
    0
    0
    0
    0
    0
    0
    0
    0
    0
    0
    0
    0
    0
    0
    0
    0
    0
    0
    0
    0
    0
    0
    0
    0
    0
    0
    0
    0
    0
    0
    0
    0
    0
    0
    0
    0
    0
    0
    0
    0
    0
    0
    0
    0
    0
    0
    0
    0
    0
    0
    0
    0
    0
    0
    0
    0
    0
    0
    0
    0
    0
    0
    0
    0
    0
    0
    0
    0
    0
    0
    0
    0
    0
    0
    0
    0
    0
    0
    0
    0
    0
    0
    0
    0
    0
    0
    0
    0
    0
    0
    0
    0
    0
    0
    0
    0
    0
    0
    0
    0
    0
    0
    0
    0
    0
    0
    0
    0
    0
    0
    0
    0
    0
    0
    0
    0
    0
    0
    0
    0
    0
    0
    0
    0
    0
    0
    0
    0
    0
    0
    0
    0
    0
    0
    0
    0
    0
    0
    0
    0
    0
    0
    0
    0
    0
    0
    0
    0
    0
    0
    0
    0
    0
    0
    0
    0
    0
    0
    0
    0
    0
    0
    0
    0
    0
    0
    0
    0
    0
    0
    0
    0
    0
    0
    0
    0
    0
    0
    0
    0
    0
    0
    0
    0
    0
    0
    0
    0
    0
    0
    0
    0
    0
    0
    0
    0
    0
    0
    0
    0
    0
    0
    0
    0
    0
    0
    0
    0
    0
    0
    0
    0
    0
    0
    0
    0
    0
    0
    0
    0
    0
    0
    0
    0
    0
    0
    0
    0
    0
    0
    0
    0
    0
    0
    0
    0
    0
    0
    0
    0
    0
    0
    0
    0
    0
    0
    0
    0
    0
    0
    0
    0
    0
    0
    0
    0
    0
    0
    0
    0
    0
    0
    0
    0
    0
    0
    0
    0
    0
    0
    0
    0
    0
    0
    0
    0
    0
    0
    0
    0
    0
    0
    0
    0
    0
    0
    0
    0
    0
    0
    0
    0
    0
    0
    0
    0
    0
    0
    0
    0
    0
    0
    0
    0
    0
    0
    0
    0
    0
    0
    0
    0
    0
    0
    0
    0
    0
    0
    0
    0
    0
    0
    0
    0
    0
    0
    0
    0
    0
    0
    0
    0
    0
    0
    0
    0
    0
    0
    0
    0
    0
    0
    0
    0
    0
    0
    0
    0
    0
    0
    0
    0
    0
    0
    0
    0
    0
    0
    0
    0
    0
    0
    0
    0
    0
    0
    0
    0
    0
    0
    0
    0
    0
    0
    0
    0
    0
    0
    0
    0
    0
    0
    0
    0
    0
    0
    0
    0
    0
    0
    0
    0
    0
    0
    0
    0
    0
    0
    0
    0
    0
    0
    0
    0
    0
    0
    0
    0
    0
    0
    0
    0
    0
    0
    0
    0
    0
    0
    0
    0
    0
    0
    0
    0
    0
    0
    0
    0
    0
    0
    0
    0
    0
    0
    0
    0
    0
    0
    0
    0
    0
    0
    0
    0
    0
    0
    0
    0
    0
    0
    0
    0
    0
    0
    0
    0
    0
    0
    0
    0
    0
    0
    0
    0
    0
    0
    0
    0
    0
    0
    0
    0
    0
    0
    0
    0
    0
    0
    0
    0
    0
    0
    0
    0
    0
    0
    0
    0
    0
    0
    0
    0
    0
    0
    0
    0
    0
    0
    0
    0
    0
    0
    0
    0
    0
    0
    0
    0
    0
    0
    0
    0
    0
    0
    0
    0
    0
    0
    0
    0
    0
    0
    0
    0
    0
    0
    0
    0
    0
    0
    0
    0
    0
    0
    0
    0
    0
    0
    0
    0
    0
    0
    0
    0
    0
    0
    0
    0
    0
    0
    0
    0
    0
    0
    0
    0
    0
    0
    0
    0
    0
    0
    0
    0
    0
    0
    0
    0
    0
    0
    0
    0
    0
    0
    0
    0
    0
    0
    0
    0
    0
    0
    0
    0
    0
    0
    0
    0
    0
    0
    0
    0
    0
    0
    0
    0
    0
    0
    0
    0
    0
    0
    0
    0
    0
    0
    0
    0
    0
    0
    0
    0
    0
    0
    0
    0
    0
    0
    0
    0
    0
    0
    0
    0
    0
    0
    0
    0
    0
    0
    0
    0
    0
    0
    0
    0
    0
    0
    0
    0
    0
    0
    0
    0
    0
    0
    0
    0
    0
    0
    0
    0
    0
    0
    0
    0
    0
    0
    0
    0
    0
    0
    0
    0
    0
    0
    0
    0
    0
    0
    0
    0
    0
    0
    0
    0
    0
    0
    0
    0
    0
    0
    0
    0
    0
    0
    0
    0
    0
    0
    0
    0
    0
    0
    0
    0
    0
    0
    0
    0
    0
    0
    0
    0
    0
    0
    0
    0
    0
    0
    0
    0
    0
    0
    0
    0
    0
    0
    0
    0
    0
    0
    0
    0
    0
    0
    0
    0
    0
    0
    0
    0
    0
    0
    0
    0
    0
    0
    0
    0
    0
    0
    0
    0
    0
    0
    0
    0
    0
    0
    0
    0
    0
    0
    0
    0
    0
    0
    0
    0
    0
    0
    0
    0
    0
    0
    0
    0
    0
    0
    0
    0
    0
    0
    0
    0
    0
    0
    0
    0
    0
    0
    0
    0
    0
    0
    0
    0
    0
    0
    0
    0
    0
    0
    0
    0
    0
    0
    0
    0
    0
    0
    0
    0
    0
    0
    0
    0
    0
    0
    0
    0
    0
