Project Info:
    ACQ Time: 2019- 9-24  11:21: 0:  15 .
    Project: ltj左侧足三里（足三里涂红药水30min）
    Name: 
    Part:  
    Operator:  
    Desc.:  
    Sample Data Acquired.

ACQ Parameters:
    Excited Peroid(ms): 50
    Excited Time(ms): 10
    Acq Delay Time(us): 10
    Gate Time(ms): 20
    Count Num per gate: 100
    Repeat Times: 50
    Acq Gate Times: 1
    Interval per Gate(us): 100
    Channel Number: 2

Data:
    357
    316
    264
    226
    196
    195
    170
    171
    156
    149
    134
    116
    122
    109
    77
    100
    76
    92
    62
    87
    70
    65
    60
    66
    50
    57
    49
    58
    57
    45
    41
    45
    36
    43
    26
    34
    34
    34
    33
    18
    31
    21
    27
    33
    23
    18
    29
    18
    18
    27
    24
    25
    23
    12
    13
    16
    13
    18
    14
    16
    12
    17
    6
    9
    11
    12
    14
    9
    12
    9
    13
    8
    10
    9
    9
    12
    7
    13
    4
    10
    2
    11
    8
    7
    2
    6
    8
    10
    3
    8
    2
    7
    4
    5
    8
    5
    3
    5
    4
    4
    401
    283
    259
    234
    201
    200
    163
    154
    140
    149
    136
    127
    112
    95
    98
    89
    84
    81
    89
    79
    73
    76
    67
    58
    55
    81
    48
    37
    43
    40
    42
    49
    36
    42
    41
    41
    44
    45
    38
    38
    34
    22
    31
    26
    23
    15
    26
    16
    24
    18
    11
    21
    17
    18
    15
    17
    15
    17
    19
    18
    7
    16
    13
    10
    18
    14
    11
    12
    10
    12
    9
    8
    7
    17
    9
    11
    4
    4
    8
    11
    9
    9
    5
    7
    4
    2
    6
    7
    6
    6
    8
    6
    4
    6
    3
    5
    8
    7
    2
    8
    366
    306
    278
    229
    212
    208
    182
    171
    146
    156
    110
    130
    132
    107
    97
    87
    96
    63
    84
    78
    86
    67
    57
    67
    68
    54
    38
    52
    54
    53
    34
    32
    50
    43
    37
    28
    34
    40
    30
    33
    27
    25
    30
    23
    21
    21
    21
    18
    24
    21
    18
    20
    25
    25
    17
    20
    14
    16
    15
    13
    13
    13
    12
    10
    19
    15
    16
    10
    8
    10
    8
    13
    11
    3
    7
    9
    8
    10
    4
    7
    2
    5
    6
    7
    8
    2
    7
    3
    6
    5
    4
    4
    5
    9
    5
    4
    8
    8
    4
    3
    368
    314
    277
    245
    218
    155
    166
    166
    145
    132
    143
    113
    110
    114
    87
    93
    77
    100
    87
    69
    78
    77
    67
    61
    63
    54
    48
    60
    44
    58
    56
    44
    50
    46
    35
    44
    33
    35
    38
    30
    25
    36
    24
    24
    22
    23
    19
    29
    15
    28
    15
    20
    18
    27
    14
    18
    18
    18
    15
    8
    20
    5
    12
    8
    21
    7
    15
    10
    12
    13
    16
    10
    13
    13
    10
    15
    10
    4
    10
    9
    8
    8
    10
    4
    5
    6
    12
    6
    7
    6
    5
    6
    6
    3
    3
    9
    5
    7
    6
    4
    337
    300
    249
    229
    205
    184
    175
    163
    158
    144
    123
    134
    113
    107
    88
    95
    73
    80
    90
    102
    66
    69
    71
    53
    64
    66
    46
    54
    55
    51
    43
    41
    38
    32
    34
    33
    34
    35
    27
    28
    26
    28
    27
    32
    17
    31
    16
    20
    22
    17
    18
    20
    19
    27
    16
    31
    22
    15
    19
    13
    15
    10
    14
    14
    17
    14
    14
    11
    7
    12
    11
    9
    12
    13
    12
    7
    8
    10
    5
    9
    8
    5
    10
    6
    7
    4
    7
    10
    4
    7
    6
    6
    5
    4
    5
    3
    5
    5
    5
    8
    339
    311
    275
    230
    208
    183
    182
    156
    155
    146
    130
    139
    115
    109
    84
    96
    89
    79
    78
    77
    84
    73
    62
    55
    55
    56
    51
    59
    56
    40
    40
    39
    40
    35
    27
    43
    35
    22
    38
    35
    27
    25
    28
    37
    36
    19
    21
    24
    21
    21
    20
    18
    18
    13
    26
    21
    12
    11
    17
    13
    18
    16
    14
    8
    17
    20
    12
    18
    13
    11
    6
    6
    13
    13
    6
    10
    8
    9
    9
    7
    12
    5
    12
    11
    5
    5
    6
    9
    7
    7
    6
    6
    3
    9
    6
    5
    5
    7
    5
    6
    353
    295
    268
    208
    191
    171
    148
    172
    159
    140
    118
    125
    129
    112
    87
    92
    92
    98
    83
    83
    72
    65
    68
    55
    62
    51
    49
    57
    64
    52
    48
    34
    41
    40
    25
    32
    31
    37
    40
    29
    25
    31
    27
    25
    26
    27
    19
    16
    31
    29
    27
    22
    19
    18
    15
    19
    15
    21
    20
    9
    13
    12
    21
    12
    18
    11
    22
    16
    18
    11
    11
    9
    12
    7
    12
    11
    12
    8
    8
    8
    6
    2
    8
    3
    6
    5
    13
    8
    8
    5
    9
    6
    9
    3
    2
    2
    4
    3
    1
    5
    348
    317
    262
    251
    207
    194
    175
    155
    135
    121
    124
    133
    120
    116
    117
    106
    94
    91
    102
    81
    80
    80
    65
    72
    49
    59
    63
    62
    60
    36
    37
    52
    35
    46
    45
    36
    36
    29
    32
    38
    28
    24
    25
    25
    26
    21
    21
    18
    13
    24
    21
    22
    12
    24
    19
    9
    12
    20
    15
    12
    13
    10
    11
    11
    11
    12
    13
    7
    12
    2
    9
    4
    9
    12
    7
    6
    12
    10
    7
    9
    8
    5
    10
    7
    4
    1
    7
    8
    12
    3
    4
    4
    10
    3
    3
    6
    5
    11
    3
    7
    344
    295
    231
    215
    216
    185
    169
    168
    150
    138
    151
    128
    106
    125
    89
    96
    88
    86
    87
    65
    79
    64
    77
    58
    64
    59
    55
    57
    48
    38
    51
    45
    40
    41
    48
    40
    43
    37
    39
    30
    31
    35
    44
    31
    30
    18
    25
    23
    26
    22
    27
    19
    18
    27
    22
    20
    21
    23
    18
    17
    13
    11
    17
    11
    11
    18
    10
    12
    10
    8
    11
    13
    12
    8
    11
    7
    4
    10
    8
    6
    9
    7
    6
    10
    7
    2
    9
    10
    13
    1
    3
    8
    10
    5
    6
    8
    7
    1
    4
    5
    351
    302
    239
    213
    220
    190
    180
    168
    144
    123
    139
    127
    111
    94
    90
    112
    94
    100
    77
    72
    75
    74
    83
    62
    59
    56
    48
    54
    49
    39
    59
    41
    50
    27
    41
    35
    39
    34
    30
    25
    23
    29
    32
    20
    39
    10
    29
    24
    24
    27
    17
    23
    21
    16
    17
    19
    19
    19
    15
    19
    9
    18
    11
    17
    11
    8
    16
    9
    12
    7
    11
    11
    9
    20
    10
    10
    11
    10
    6
    5
    7
    9
    10
    6
    8
    3
    4
    4
    11
    5
    7
    6
    10
    9
    2
    7
    2
    6
    7
    7
    363
    301
    256
    223
    227
    176
    165
    165
    142
    135
    128
    117
    103
    120
    118
    83
    85
    77
    86
    81
    87
    92
    60
    60
    57
    58
    55
    38
    55
    46
    48
    54
    45
    32
    47
    41
    28
    36
    33
    32
    39
    35
    27
    25
    22
    27
    19
    23
    24
    22
    18
    22
    21
    16
    16
    20
    21
    20
    11
    11
    12
    13
    19
    11
    7
    9
    13
    15
    14
    9
    10
    8
    9
    16
    10
    11
    9
    9
    11
    5
    9
    4
    8
    9
    9
    8
    7
    10
    6
    3
    4
    4
    13
    6
    6
    9
    5
    3
    4
    4
    353
    280
    275
    227
    220
    198
    164
    162
    148
    137
    137
    95
    133
    106
    107
    117
    84
    85
    80
    102
    71
    65
    69
    63
    55
    42
    51
    49
    52
    40
    46
    45
    42
    37
    37
    37
    35
    42
    32
    27
    25
    41
    21
    32
    24
    29
    37
    22
    30
    23
    26
    19
    16
    12
    16
    20
    16
    18
    11
    9
    16
    17
    9
    14
    10
    16
    13
    13
    13
    11
    8
    9
    10
    16
    6
    11
    10
    9
    7
    12
    8
    11
    6
    7
    7
    6
    8
    5
    8
    7
    9
    7
    5
    7
    6
    3
    6
    8
    3
    7
    351
    272
    269
    235
    178
    228
    137
    129
    142
    142
    150
    105
    120
    131
    115
    89
    87
    69
    92
    85
    76
    70
    71
    56
    73
    63
    49
    47
    58
    65
    35
    45
    51
    40
    41
    41
    49
    34
    34
    32
    43
    26
    42
    34
    31
    30
    21
    17
    36
    19
    23
    20
    21
    11
    18
    13
    26
    13
    21
    20
    21
    18
    19
    22
    20
    8
    14
    12
    14
    13
    8
    12
    10
    10
    13
    11
    12
    8
    9
    7
    8
    6
    9
    3
    3
    5
    6
    6
    8
    6
    5
    5
    6
    4
    10
    5
    8
    8
    7
    8
    362
    303
    249
    216
    186
    180
    170
    180
    158
    151
    127
    127
    117
    102
    96
    94
    108
    88
    89
    68
    88
    78
    66
    65
    68
    66
    61
    47
    51
    41
    49
    41
    41
    37
    41
    35
    55
    30
    36
    28
    38
    27
    28
    33
    22
    26
    24
    18
    18
    23
    13
    25
    15
    14
    16
    20
    15
    12
    18
    18
    15
    16
    12
    14
    12
    8
    12
    6
    9
    11
    13
    12
    13
    8
    7
    9
    8
    9
    7
    13
    5
    8
    11
    13
    3
    8
    7
    8
    5
    8
    2
    4
    10
    7
    4
    7
    3
    6
    3
    7
    358
    324
    250
    228
    216
    185
    155
    169
    150
    153
    134
    138
    128
    111
    89
    94
    82
    83
    83
    81
    68
    62
    71
    59
    47
    56
    54
    56
    52
    64
    40
    43
    49
    36
    37
    44
    41
    36
    31
    36
    35
    25
    12
    37
    36
    20
    23
    21
    24
    24
    22
    12
    17
    22
    23
    19
    10
    12
    11
    8
    17
    18
    8
    5
    15
    8
    10
    12
    11
    8
    13
    9
    11
    7
    12
    8
    9
    10
    13
    9
    4
    7
    8
    2
    10
    9
    5
    5
    2
    6
    2
    4
    7
    4
    9
    1
    6
    5
    5
    3
    364
    306
    273
    237
    225
    197
    192
    169
    150
    133
    135
    106
    112
    92
    112
    90
    86
    66
    87
    79
    74
    79
    61
    53
    51
    60
    56
    53
    46
    57
    41
    49
    35
    43
    38
    50
    35
    25
    38
    48
    36
    27
    27
    26
    22
    35
    31
    23
    19
    19
    26
    23
    29
    22
    20
    28
    17
    17
    26
    20
    16
    16
    16
    8
    13
    13
    8
    16
    13
    11
    14
    11
    8
    14
    12
    12
    12
    12
    13
    6
    6
    7
    10
    12
    8
    6
    6
    10
    8
    10
    11
    6
    4
    8
    2
    6
    1
    7
    5
    6
    349
    272
    257
    252
    211
    200
    175
    160
    142
    142
    128
    130
    135
    118
    99
    93
    71
    110
    81
    60
    71
    71
    59
    57
    58
    53
    60
    73
    47
    44
    50
    41
    46
    36
    47
    31
    42
    33
    35
    23
    32
    32
    20
    27
    27
    19
    24
    35
    17
    16
    24
    16
    18
    21
    19
    15
    14
    19
    18
    18
    13
    17
    10
    9
    17
    24
    10
    12
    13
    12
    8
    16
    16
    9
    12
    10
    6
    6
    8
    6
    5
    7
    5
    10
    5
    2
    5
    12
    6
    11
    8
    5
    4
    8
    8
    9
    7
    2
    6
    6
    337
    307
    241
    249
    215
    186
    170
    169
    160
    146
    132
    109
    106
    117
    127
    91
    94
    96
    69
    66
    79
    75
    61
    62
    38
    57
    53
    51
    58
    49
    49
    45
    36
    41
    41
    35
    41
    28
    39
    41
    37
    20
    29
    25
    24
    18
    26
    29
    32
    34
    18
    29
    18
    21
    19
    18
    16
    9
    22
    14
    8
    15
    14
    16
    12
    13
    9
    11
    10
    16
    9
    8
    11
    8
    11
    10
    11
    5
    10
    17
    5
    12
    13
    6
    9
    7
    6
    11
    15
    5
    11
    7
    5
    1
    4
    2
    6
    9
    5
    11
    354
    283
    274
    236
    212
    207
    175
    168
    138
    124
    133
    113
    119
    106
    103
    78
    102
    92
    93
    83
    83
    75
    69
    61
    54
    63
    54
    55
    55
    51
    47
    35
    54
    51
    47
    46
    29
    37
    27
    22
    34
    28
    25
    27
    21
    29
    26
    38
    24
    26
    15
    16
    23
    16
    21
    21
    21
    15
    23
    19
    7
    20
    14
    13
    12
    16
    14
    14
    8
    7
    7
    8
    11
    6
    14
    17
    4
    5
    5
    11
    9
    9
    12
    9
    7
    12
    8
    4
    9
    9
    6
    8
    7
    6
    4
    6
    6
    10
    5
    5
    331
    298
    246
    228
    220
    193
    165
    146
    151
    152
    126
    121
    131
    116
    94
    92
    88
    87
    94
    86
    76
    87
    60
    71
    62
    58
    60
    58
    47
    47
    42
    28
    45
    43
    39
    44
    31
    24
    35
    25
    31
    26
    25
    25
    29
    29
    21
    15
    27
    16
    21
    23
    18
    21
    21
    17
    15
    15
    21
    17
    27
    28
    18
    11
    12
    14
    17
    8
    14
    14
    13
    9
    5
    13
    7
    14
    6
    9
    6
    8
    7
    9
    0
    6
    9
    9
    10
    11
    9
    5
    9
    5
    5
    6
    6
    3
    9
    2
    1
    2
    340
    293
    256
    231
    224
    174
    181
    164
    159
    155
    140
    129
    143
    109
    98
    96
    97
    94
    82
    84
    64
    60
    75
    56
    71
    62
    48
    56
    56
    54
    36
    37
    46
    55
    35
    55
    48
    31
    41
    40
    27
    25
    38
    25
    33
    29
    24
    18
    26
    19
    16
    28
    18
    28
    18
    18
    21
    18
    11
    14
    9
    10
    18
    23
    13
    11
    11
    15
    10
    9
    8
    9
    15
    17
    6
    10
    3
    9
    10
    8
    10
    4
    8
    9
    8
    8
    9
    8
    4
    7
    8
    6
    8
    9
    7
    9
    7
    10
    4
    4
    344
    300
    262
    215
    217
    174
    167
    168
    146
    144
    131
    127
    110
    110
    113
    105
    76
    104
    90
    82
    69
    66
    58
    61
    52
    66
    44
    52
    53
    54
    43
    48
    42
    29
    53
    39
    48
    37
    35
    29
    32
    24
    31
    22
    25
    35
    28
    34
    24
    23
    16
    25
    17
    23
    21
    19
    9
    20
    16
    16
    19
    13
    11
    13
    13
    16
    18
    13
    14
    10
    7
    12
    9
    7
    14
    6
    7
    9
    8
    4
    6
    13
    6
    7
    8
    5
    9
    6
    9
    4
    7
    9
    7
    6
    6
    6
    8
    2
    4
    5
    396
    307
    274
    232
    199
    192
    188
    137
    149
    141
    129
    112
    121
    105
    116
    90
    84
    83
    94
    71
    58
    94
    68
    62
    63
    67
    63
    52
    55
    49
    47
    49
    37
    47
    45
    32
    31
    32
    36
    25
    29
    29
    26
    20
    25
    24
    19
    18
    20
    20
    24
    20
    23
    19
    22
    17
    13
    6
    12
    14
    14
    14
    14
    15
    11
    14
    11
    11
    10
    12
    10
    11
    10
    8
    13
    11
    8
    10
    8
    10
    7
    12
    6
    9
    9
    6
    7
    8
    14
    9
    6
    10
    9
    2
    3
    4
    4
    5
    2
    5
    350
    301
    250
    225
    197
    169
    181
    153
    145
    155
    143
    108
    108
    100
    114
    89
    77
    103
    77
    79
    69
    77
    82
    74
    62
    62
    60
    67
    45
    45
    50
    55
    36
    45
    33
    27
    36
    37
    47
    30
    28
    25
    20
    39
    34
    26
    30
    13
    22
    15
    25
    22
    21
    17
    23
    11
    15
    11
    21
    12
    13
    17
    19
    12
    14
    18
    10
    9
    14
    11
    14
    11
    11
    8
    9
    4
    12
    12
    10
    3
    10
    6
    5
    7
    9
    10
    8
    6
    5
    12
    7
    5
    8
    4
    6
    4
    3
    4
    5
    5
    325
    288
    246
    208
    197
    219
    190
    164
    158
    154
    144
    133
    130
    114
    103
    86
    87
    85
    89
    76
    71
    72
    46
    66
    80
    66
    54
    52
    63
    34
    67
    54
    48
    43
    39
    35
    42
    32
    32
    47
    48
    38
    34
    38
    28
    26
    28
    29
    28
    23
    20
    20
    22
    25
    18
    17
    20
    10
    16
    18
    20
    18
    12
    18
    17
    19
    11
    4
    10
    10
    8
    10
    16
    4
    5
    12
    14
    7
    4
    10
    6
    5
    11
    9
    9
    6
    8
    7
    7
    7
    4
    5
    8
    5
    5
    3
    5
    8
    8
    4
    333
    326
    296
    242
    198
    192
    168
    160
    153
    145
    137
    128
    119
    118
    105
    95
    90
    87
    81
    77
    90
    68
    60
    63
    65
    45
    64
    41
    53
    44
    43
    46
    47
    50
    35
    35
    37
    37
    23
    34
    44
    30
    29
    31
    30
    19
    22
    28
    21
    23
    26
    24
    19
    24
    20
    23
    13
    23
    16
    17
    14
    17
    17
    14
    12
    15
    14
    15
    12
    17
    12
    18
    7
    11
    15
    10
    9
    8
    7
    12
    7
    9
    7
    8
    6
    7
    10
    6
    3
    6
    6
    9
    6
    2
    3
    13
    9
    6
    9
    8
    350
    299
    259
    228
    197
    192
    168
    164
    144
    179
    125
    115
    118
    109
    107
    92
    84
    97
    78
    99
    75
    62
    76
    78
    56
    65
    54
    48
    53
    56
    53
    33
    53
    39
    38
    48
    42
    36
    38
    42
    34
    35
    28
    19
    21
    26
    21
    25
    19
    19
    27
    26
    19
    19
    16
    14
    14
    17
    19
    17
    17
    20
    10
    11
    15
    13
    15
    16
    13
    12
    10
    7
    8
    17
    7
    10
    10
    11
    5
    8
    8
    5
    10
    9
    5
    12
    6
    7
    6
    6
    9
    10
    7
    4
    6
    7
    4
    2
    3
    3
    334
    331
    255
    209
    237
    192
    179
    177
    144
    120
    142
    143
    122
    127
    108
    110
    84
    100
    75
    80
    75
    79
    76
    63
    65
    57
    51
    45
    50
    45
    38
    47
    41
    42
    45
    36
    34
    38
    35
    28
    35
    28
    33
    25
    23
    25
    29
    32
    28
    19
    17
    16
    17
    16
    15
    19
    18
    14
    17
    13
    12
    8
    12
    24
    10
    15
    11
    14
    21
    9
    7
    10
    8
    11
    6
    10
    4
    6
    8
    15
    6
    11
    8
    8
    3
    12
    7
    4
    6
    9
    10
    3
    8
    8
    6
    8
    5
    7
    3
    2
    349
    296
    260
    238
    202
    170
    186
    155
    161
    151
    124
    111
    122
    111
    97
    102
    104
    95
    85
    74
    75
    58
    72
    76
    64
    50
    73
    69
    50
    38
    43
    49
    42
    44
    47
    36
    43
    38
    34
    37
    33
    36
    37
    30
    28
    21
    23
    28
    33
    21
    15
    21
    24
    19
    20
    24
    16
    15
    16
    19
    20
    13
    14
    15
    14
    10
    12
    10
    8
    10
    14
    7
    16
    9
    12
    10
    11
    10
    8
    11
    7
    10
    7
    9
    7
    7
    7
    8
    9
    12
    9
    4
    5
    3
    8
    12
    3
    4
    10
    5
    361
    289
    245
    237
    205
    218
    182
    143
    167
    153
    151
    133
    106
    106
    102
    78
    98
    96
    79
    85
    75
    88
    82
    57
    70
    66
    60
    40
    52
    58
    48
    46
    52
    45
    44
    43
    26
    39
    31
    39
    40
    29
    29
    29
    36
    29
    29
    21
    29
    28
    31
    30
    16
    14
    21
    19
    14
    13
    23
    17
    14
    29
    9
    20
    10
    10
    14
    10
    11
    12
    11
    8
    8
    7
    10
    8
    13
    8
    8
    11
    14
    10
    10
    8
    8
    12
    10
    1
    3
    2
    13
    4
    11
    5
    8
    4
    4
    6
    7
    6
    331
    330
    306
    229
    207
    206
    191
    152
    136
    141
    149
    113
    121
    126
    112
    102
    92
    88
    82
    74
    61
    62
    81
    58
    65
    70
    59
    40
    46
    57
    46
    49
    37
    38
    35
    42
    41
    36
    38
    35
    33
    28
    32
    36
    28
    27
    18
    28
    24
    23
    15
    25
    14
    22
    16
    19
    21
    11
    13
    20
    17
    13
    15
    16
    8
    12
    21
    15
    13
    17
    11
    18
    8
    12
    13
    10
    11
    7
    10
    4
    9
    6
    6
    10
    13
    12
    8
    6
    11
    11
    7
    8
    8
    10
    8
    5
    1
    5
    8
    9
    329
    297
    257
    231
    225
    182
    200
    166
    137
    141
    152
    123
    117
    106
    97
    115
    82
    98
    86
    95
    73
    84
    76
    59
    76
    60
    64
    68
    48
    52
    44
    51
    49
    47
    42
    38
    39
    29
    34
    36
    39
    33
    27
    30
    22
    29
    29
    18
    17
    28
    23
    22
    24
    24
    13
    17
    23
    16
    10
    12
    22
    16
    8
    10
    14
    15
    20
    16
    11
    2
    8
    15
    16
    6
    13
    6
    10
    6
    7
    14
    9
    7
    8
    11
    6
    12
    7
    6
    12
    9
    10
    1
    5
    7
    7
    7
    6
    5
    6
    7
    339
    323
    247
    193
    205
    219
    192
    171
    150
    138
    132
    120
    130
    104
    94
    119
    88
    72
    91
    83
    76
    71
    62
    63
    47
    64
    57
    58
    63
    41
    43
    37
    34
    59
    41
    47
    33
    47
    40
    32
    36
    36
    26
    20
    22
    27
    18
    34
    26
    22
    25
    21
    15
    23
    17
    20
    22
    15
    20
    19
    16
    10
    14
    17
    15
    15
    15
    7
    16
    16
    10
    13
    11
    21
    16
    11
    9
    13
    13
    6
    10
    5
    10
    8
    9
    8
    5
    7
    6
    4
    5
    5
    6
    3
    6
    8
    5
    3
    3
    13
    368
    308
    294
    229
    226
    202
    158
    166
    163
    138
    140
    115
    127
    118
    104
    89
    101
    93
    85
    80
    81
    74
    69
    71
    63
    67
    60
    62
    68
    50
    50
    56
    47
    37
    44
    35
    50
    33
    38
    31
    34
    27
    23
    33
    30
    32
    30
    20
    29
    31
    20
    30
    19
    17
    30
    22
    15
    19
    14
    18
    27
    17
    18
    18
    10
    19
    14
    10
    11
    17
    12
    8
    15
    12
    10
    16
    6
    12
    10
    8
    6
    4
    6
    4
    10
    5
    4
    5
    12
    9
    3
    6
    6
    6
    4
    8
    4
    5
    6
    7
    359
    303
    252
    232
    224
    190
    183
    158
    135
    140
    154
    134
    109
    118
    102
    100
    84
    95
    76
    92
    74
    74
    80
    74
    65
    53
    60
    46
    55
    50
    59
    42
    49
    46
    36
    45
    44
    25
    31
    27
    25
    39
    29
    38
    25
    27
    23
    23
    15
    30
    26
    22
    18
    16
    17
    15
    19
    16
    17
    16
    11
    11
    16
    18
    11
    13
    17
    18
    10
    9
    15
    12
    5
    7
    15
    16
    9
    11
    7
    12
    8
    8
    9
    5
    7
    10
    11
    12
    9
    9
    9
    4
    5
    4
    2
    7
    8
    4
    5
    3
    357
    296
    253
    213
    220
    193
    195
    181
    168
    128
    141
    124
    116
    125
    116
    122
    132
    95
    83
    72
    87
    66
    65
    52
    66
    58
    74
    71
    58
    62
    53
    37
    45
    53
    35
    29
    27
    31
    35
    37
    31
    31
    27
    33
    28
    25
    27
    22
    24
    18
    21
    28
    20
    26
    26
    28
    13
    16
    16
    21
    22
    22
    17
    11
    12
    14
    11
    12
    14
    18
    8
    12
    10
    11
    4
    6
    14
    13
    5
    14
    7
    8
    11
    14
    7
    10
    7
    6
    10
    6
    9
    5
    5
    9
    9
    2
    1
    4
    3
    6
    364
    310
    248
    253
    174
    201
    172
    166
    150
    143
    144
    130
    118
    132
    107
    87
    102
    84
    76
    93
    61
    93
    77
    61
    64
    53
    50
    57
    49
    51
    50
    37
    28
    43
    41
    44
    30
    37
    36
    34
    33
    35
    28
    25
    29
    29
    23
    22
    20
    24
    28
    20
    19
    22
    22
    16
    29
    18
    22
    13
    13
    10
    18
    13
    19
    11
    16
    10
    14
    7
    12
    13
    19
    13
    9
    10
    11
    6
    7
    9
    9
    4
    7
    6
    7
    7
    6
    8
    3
    4
    6
    7
    10
    5
    2
    3
    5
    5
    4
    9
    338
    296
    271
    223
    217
    184
    207
    158
    150
    151
    160
    132
    115
    118
    113
    112
    97
    70
    103
    92
    81
    73
    56
    68
    52
    63
    59
    64
    61
    47
    54
    50
    49
    42
    42
    34
    35
    36
    36
    44
    37
    28
    24
    23
    29
    24
    27
    23
    23
    13
    25
    37
    31
    22
    23
    14
    18
    14
    10
    19
    9
    17
    10
    18
    18
    12
    11
    10
    17
    16
    17
    9
    16
    8
    6
    10
    16
    7
    10
    7
    9
    12
    10
    7
    6
    4
    7
    6
    9
    9
    7
    6
    7
    5
    3
    9
    7
    4
    4
    6
    368
    294
    255
    231
    182
    196
    176
    160
    146
    132
    137
    128
    126
    106
    118
    137
    90
    77
    91
    96
    94
    92
    74
    66
    58
    49
    51
    60
    47
    66
    46
    51
    47
    28
    39
    42
    38
    35
    35
    26
    33
    30
    32
    28
    29
    18
    27
    18
    34
    24
    24
    18
    19
    20
    17
    18
    20
    15
    15
    13
    13
    16
    14
    12
    15
    13
    11
    11
    12
    10
    8
    7
    10
    11
    11
    8
    13
    16
    13
    18
    8
    7
    5
    8
    8
    11
    10
    5
    3
    7
    8
    8
    5
    6
    7
    3
    12
    8
    6
    5
    343
    296
    244
    246
    228
    212
    177
    182
    140
    135
    145
    130
    93
    102
    105
    100
    76
    94
    81
    78
    75
    69
    57
    53
    59
    79
    63
    52
    53
    45
    37
    49
    49
    40
    61
    35
    36
    36
    30
    37
    26
    36
    20
    32
    31
    19
    24
    23
    27
    24
    15
    25
    18
    18
    24
    25
    21
    23
    15
    24
    19
    12
    18
    14
    11
    16
    14
    9
    12
    26
    8
    6
    6
    12
    7
    10
    6
    10
    8
    8
    9
    8
    3
    13
    3
    11
    7
    9
    5
    4
    6
    4
    7
    6
    7
    5
    9
    4
    8
    4
    349
    297
    266
    232
    196
    192
    177
    162
    143
    164
    132
    138
    112
    125
    112
    93
    96
    94
    89
    79
    74
    63
    66
    61
    67
    61
    57
    43
    52
    62
    51
    60
    34
    42
    47
    41
    31
    46
    29
    36
    30
    34
    32
    34
    36
    27
    23
    30
    22
    18
    30
    23
    27
    17
    21
    13
    18
    17
    11
    23
    15
    11
    15
    17
    15
    17
    5
    15
    10
    10
    12
    16
    11
    9
    8
    9
    6
    14
    16
    9
    12
    5
    12
    5
    4
    9
    8
    11
    7
    8
    7
    9
    5
    3
    6
    11
    11
    2
    3
    2
    356
    307
    275
    213
    201
    176
    168
    165
    152
    140
    145
    109
    126
    120
    116
    92
    87
    123
    75
    73
    75
    80
    76
    61
    66
    63
    56
    51
    47
    44
    52
    40
    36
    41
    44
    33
    31
    36
    44
    42
    41
    29
    34
    31
    28
    30
    22
    31
    24
    19
    28
    20
    25
    19
    26
    12
    16
    20
    23
    20
    16
    11
    15
    18
    17
    10
    19
    17
    13
    18
    11
    13
    13
    15
    8
    11
    10
    17
    12
    6
    10
    11
    7
    6
    7
    5
    10
    11
    4
    3
    6
    5
    9
    6
    8
    9
    7
    5
    5
    4
    371
    284
    256
    254
    214
    217
    190
    164
    157
    144
    132
    113
    135
    104
    106
    98
    92
    78
    75
    83
    76
    74
    80
    68
    53
    56
    57
    58
    51
    59
    43
    49
    39
    35
    44
    35
    29
    33
    35
    27
    32
    39
    29
    32
    17
    26
    32
    24
    30
    17
    16
    29
    21
    21
    22
    21
    18
    15
    14
    18
    12
    22
    19
    14
    16
    20
    12
    26
    13
    10
    14
    8
    9
    11
    13
    14
    8
    8
    8
    7
    10
    10
    7
    9
    4
    4
    8
    4
    7
    3
    5
    6
    8
    7
    7
    5
    4
    4
    1
    4
    387
    303
    281
    225
    202
    198
    177
    153
    158
    152
    118
    130
    133
    108
    105
    94
    96
    87
    84
    82
    70
    82
    68
    72
    56
    72
    61
    60
    61
    47
    48
    46
    46
    38
    47
    36
    45
    38
    25
    34
    34
    32
    20
    36
    27
    25
    34
    32
    14
    19
    23
    21
    16
    29
    21
    23
    15
    23
    13
    17
    18
    11
    24
    16
    8
    16
    8
    17
    16
    16
    12
    10
    6
    8
    16
    5
    9
    9
    9
    13
    7
    9
    7
    7
    10
    16
    2
    5
    8
    4
    5
    5
    4
    3
    4
    4
    5
    3
    5
    5
    333
    340
    259
    239
    214
    188
    186
    150
    170
    153
    117
    119
    132
    100
    101
    102
    94
    85
    81
    75
    87
    66
    71
    82
    60
    59
    54
    56
    42
    47
    57
    41
    40
    37
    40
    31
    49
    27
    36
    30
    28
    23
    39
    26
    30
    17
    23
    25
    27
    22
    23
    18
    21
    24
    15
    17
    19
    15
    18
    16
    14
    8
    9
    16
    13
    7
    10
    10
    13
    10
    12
    11
    15
    13
    13
    5
    13
    5
    15
    6
    14
    3
    4
    5
    11
    8
    2
    4
    9
    5
    4
    6
    6
    7
    5
    6
    3
    5
    2
    4
    348
    314
    270
    226
    227
    185
    169
    162
    169
    131
    131
    104
    124
    122
    114
    94
    66
    113
    88
    74
    90
    59
    63
    76
    73
    50
    49
    42
    56
    57
    40
    46
    38
    44
    45
    33
    39
    37
    30
    39
    32
    31
    35
    20
    28
    28
    26
    30
    29
    33
    20
    19
    28
    32
    26
    24
    15
    16
    12
    12
    11
    12
    14
    15
    6
    11
    15
    14
    13
    11
    14
    11
    11
    7
    13
    10
    18
    9
    13
    11
    6
    11
    8
    6
    7
    6
    5
    9
    12
    5
    8
    7
    7
    7
    9
    7
    9
    4
    8
    0
    381
    299
    237
    227
    225
    200
    182
    154
    172
    137
    154
    140
    140
    104
    107
    92
    87
    98
    87
    87
    75
    73
    61
    56
    65
    80
    61
    59
    40
    57
    43
    53
    48
    34
    33
    49
    33
    34
    30
    25
    43
    21
    28
    29
    28
    28
    38
    25
    32
    30
    22
    22
    16
    18
    24
    18
    15
    29
    15
    8
    19
    10
    10
    21
    17
    17
    10
    14
    10
    7
    7
    12
    11
    8
    12
    9
    9
    13
    9
    8
    7
    10
    9
    12
    7
    9
    6
    8
    10
    7
    9
    9
    9
    6
    7
    3
    1
    5
    7
    7
    364
    273
    254
    223
    236
    207
    195
    166
    166
    146
    127
    118
    126
    110
    122
    106
    111
    102
    85
    90
    72
    71
    77
    77
    62
    63
    58
    44
    52
    49
    61
    39
    36
    43
    50
    50
    37
    48
    41
    41
    39
    31
    31
    20
    25
    30
    26
    24
    14
    17
    31
    19
    26
    22
    11
    25
    29
    16
    16
    17
    18
    16
    17
    11
    12
    8
    11
    9
    14
    10
    9
    15
    9
    8
    15
    8
    5
    12
    11
    9
    11
    8
    8
    5
    6
    15
    5
    3
    10
    6
    8
    3
    5
    17
    8
    5
    10
    6
    3
    6
    352
    292
    259
    235
    232
    191
    178
    178
    157
    150
    139
    120
    138
    114
    96
    100
    80
    98
    85
    78
    79
    52
    72
    69
    78
    55
    62
    65
    62
    48
    47
    50
    57
    47
    48
    36
    24
    32
    27
    34
    25
    26
    12
    32
    30
    35
    23
    17
    24
    39
    13
    20
    16
    17
    22
    14
    24
    11
    18
    20
    14
    13
    12
    16
    17
    9
    14
    13
    7
    14
    16
    11
    15
    10
    13
    5
    9
    17
    5
    7
    8
    5
    4
    8
    9
    9
    4
    5
    3
    8
    8
    5
    5
    10
    13
    6
    5
    6
    8
    2
    367
    284
    279
    245
    224
    184
    183
    175
    149
    158
    128
    123
    113
    119
    115
    102
    102
    82
    84
    82
    74
    82
    83
    69
    61
    58
    49
    43
    52
    45
    51
    52
    60
    47
    32
    42
    44
    42
    35
    25
    42
    40
    34
    31
    33
    21
    28
    22
    18
    21
    26
    18
    18
    24
    12
    17
    13
    16
    16
    16
    12
    16
    23
    13
    9
    13
    17
    11
    19
    10
    9
    10
    15
    11
    9
    9
    7
    6
    11
    6
    16
    9
    4
    10
    6
    6
    13
    7
    5
    6
    10
    7
    3
    10
    10
    3
    8
    5
    5
    0

Data:
    0
    0
    0
    0
    0
    0
    0
    0
    0
    0
    0
    0
    0
    0
    0
    0
    0
    0
    0
    0
    0
    0
    0
    0
    0
    0
    0
    0
    0
    0
    0
    0
    0
    0
    0
    0
    0
    0
    0
    0
    0
    0
    0
    0
    0
    0
    0
    0
    0
    0
    0
    0
    0
    0
    0
    0
    0
    0
    0
    0
    0
    0
    0
    0
    0
    0
    0
    0
    0
    0
    0
    0
    0
    0
    0
    0
    0
    0
    0
    0
    0
    0
    0
    0
    0
    0
    0
    0
    0
    0
    0
    0
    0
    0
    0
    0
    0
    0
    0
    0
    0
    0
    0
    0
    0
    0
    0
    0
    0
    0
    0
    0
    0
    0
    0
    0
    0
    0
    0
    0
    0
    0
    0
    0
    0
    0
    0
    0
    0
    0
    0
    0
    0
    0
    0
    0
    0
    0
    0
    0
    0
    0
    0
    0
    0
    0
    0
    0
    0
    0
    0
    0
    0
    0
    0
    0
    0
    0
    0
    0
    0
    0
    0
    0
    0
    0
    0
    0
    0
    0
    0
    0
    0
    0
    0
    0
    0
    0
    0
    0
    0
    0
    0
    0
    0
    0
    0
    0
    0
    0
    0
    0
    0
    0
    0
    0
    0
    0
    0
    0
    0
    0
    0
    0
    0
    0
    0
    0
    0
    0
    0
    0
    0
    0
    0
    0
    0
    0
    0
    0
    0
    0
    0
    0
    0
    0
    0
    0
    0
    0
    0
    0
    0
    0
    0
    0
    0
    0
    0
    0
    0
    0
    0
    0
    0
    0
    0
    0
    0
    0
    0
    0
    0
    0
    0
    0
    0
    0
    0
    0
    0
    0
    0
    0
    0
    0
    0
    0
    0
    0
    0
    0
    0
    0
    0
    0
    0
    0
    0
    0
    0
    0
    0
    0
    0
    0
    0
    0
    0
    0
    0
    0
    0
    0
    0
    0
    0
    0
    0
    0
    0
    0
    0
    0
    0
    0
    0
    0
    0
    0
    0
    0
    0
    0
    0
    0
    0
    0
    0
    0
    0
    0
    0
    0
    0
    0
    0
    0
    0
    0
    0
    0
    0
    0
    0
    0
    0
    0
    0
    0
    0
    0
    0
    0
    0
    0
    0
    0
    0
    0
    0
    0
    0
    0
    0
    0
    0
    0
    0
    0
    0
    0
    0
    0
    0
    0
    0
    0
    0
    0
    0
    0
    0
    0
    0
    0
    0
    0
    0
    0
    0
    0
    0
    0
    0
    0
    0
    0
    0
    0
    0
    0
    0
    0
    0
    0
    0
    0
    0
    0
    0
    0
    0
    0
    0
    0
    0
    0
    0
    0
    0
    0
    0
    0
    0
    0
    0
    0
    0
    0
    0
    0
    0
    0
    0
    0
    0
    0
    0
    0
    0
    0
    0
    0
    0
    0
    0
    0
    0
    0
    0
    0
    0
    0
    0
    0
    0
    0
    0
    0
    0
    0
    0
    0
    0
    0
    0
    0
    0
    0
    0
    0
    0
    0
    0
    0
    0
    0
    0
    0
    0
    0
    0
    0
    0
    0
    0
    0
    0
    0
    0
    0
    0
    0
    0
    0
    0
    0
    0
    0
    0
    0
    0
    0
    0
    0
    0
    0
    0
    0
    0
    0
    0
    0
    0
    0
    0
    0
    0
    0
    0
    0
    0
    0
    0
    0
    0
    0
    0
    0
    0
    0
    0
    0
    0
    0
    0
    0
    0
    0
    0
    0
    0
    0
    0
    0
    0
    0
    0
    0
    0
    0
    0
    0
    0
    0
    0
    0
    0
    0
    0
    0
    0
    0
    0
    0
    0
    0
    0
    0
    0
    0
    0
    0
    0
    0
    0
    0
    0
    0
    0
    0
    0
    0
    0
    0
    0
    0
    0
    0
    0
    0
    0
    0
    0
    0
    0
    0
    0
    0
    0
    0
    0
    0
    0
    0
    0
    0
    0
    0
    0
    0
    0
    0
    0
    0
    0
    0
    0
    0
    0
    0
    0
    0
    0
    0
    0
    0
    0
    0
    0
    0
    0
    0
    0
    0
    0
    0
    0
    0
    0
    0
    0
    0
    0
    0
    0
    0
    0
    0
    0
    0
    0
    0
    0
    0
    0
    0
    0
    0
    0
    0
    0
    0
    0
    0
    0
    0
    0
    0
    0
    0
    0
    0
    0
    0
    0
    0
    0
    0
    0
    0
    0
    0
    0
    0
    0
    0
    0
    0
    0
    0
    0
    0
    0
    0
    0
    0
    0
    0
    0
    0
    0
    0
    0
    0
    0
    0
    0
    0
    0
    0
    0
    0
    0
    0
    0
    0
    0
    0
    0
    0
    0
    0
    0
    0
    0
    0
    0
    0
    0
    0
    0
    0
    0
    0
    0
    0
    0
    0
    0
    0
    0
    0
    0
    0
    0
    0
    0
    0
    0
    0
    0
    0
    0
    0
    0
    0
    0
    0
    0
    0
    0
    0
    0
    0
    0
    0
    0
    0
    0
    0
    0
    0
    0
    0
    0
    0
    0
    0
    0
    0
    0
    0
    0
    0
    0
    0
    0
    0
    0
    0
    0
    0
    0
    0
    0
    0
    0
    0
    0
    0
    0
    0
    0
    0
    0
    0
    0
    0
    0
    0
    0
    0
    0
    0
    0
    0
    0
    0
    0
    0
    0
    0
    0
    0
    0
    0
    0
    0
    0
    0
    0
    0
    0
    0
    0
    0
    0
    0
    0
    0
    0
    0
    0
    0
    0
    0
    0
    0
    0
    0
    0
    0
    0
    0
    0
    0
    0
    0
    0
    0
    0
    0
    0
    0
    0
    0
    0
    0
    0
    0
    0
    0
    0
    0
    0
    0
    0
    0
    0
    0
    0
    0
    0
    0
    0
    0
    0
    0
    0
    0
    0
    0
    0
    0
    0
    0
    0
    0
    0
    0
    0
    0
    0
    0
    0
    0
    0
    0
    0
    0
    0
    0
    0
    0
    0
    0
    0
    0
    0
    0
    0
    0
    0
    0
    0
    0
    0
    0
    0
    0
    0
    0
    0
    0
    0
    0
    0
    0
    0
    0
    0
    0
    0
    0
    0
    0
    0
    0
    0
    0
    0
    0
    0
    0
    0
    0
    0
    0
    0
    0
    0
    0
    0
    0
    0
    0
    0
    0
    0
    0
    0
    0
    0
    0
    0
    0
    0
    0
    0
    0
    0
    0
    0
    0
    0
    0
    0
    0
    0
    0
    0
    0
    0
    0
    0
    0
    0
    0
    0
    0
    0
    0
    0
    0
    0
    0
    0
    0
    0
    0
    0
    0
    0
    0
    0
    0
    0
    0
    0
    0
    0
    0
    0
    0
    0
    0
    0
    0
    0
    0
    0
    0
    0
    0
    0
    0
    0
    0
    0
    0
    0
    0
    0
    0
    0
    0
    0
    0
    0
    0
    0
    0
    0
    0
    0
    0
    0
    0
    0
    0
    0
    0
    0
    0
    0
    0
    0
    0
    0
    0
    0
    0
    0
    0
    0
    0
    0
    0
    0
    0
    0
    0
    0
    0
    0
    0
    0
    0
    0
    0
    0
    0
    0
    0
    0
    0
    0
    0
    0
    0
    0
    0
    0
    0
    0
    0
    0
    0
    0
    0
    0
    0
    0
    0
    0
    0
    0
    0
    0
    0
    0
    0
    0
    0
    0
    0
    0
    0
    0
    0
    0
    0
    0
    0
    0
    0
    0
    0
    0
    0
    0
    0
    0
    0
    0
    0
    0
    0
    0
    0
    0
    0
    0
    0
    0
    0
    0
    0
    0
    0
    0
    0
    0
    0
    0
    0
    0
    0
    0
    0
    0
    0
    0
    0
    0
    0
    0
    0
    0
    0
    0
    0
    0
    0
    0
    0
    0
    0
    0
    0
    0
    0
    0
    0
    0
    0
    0
    0
    0
    0
    0
    0
    0
    0
    0
    0
    0
    0
    0
    0
    0
    0
    0
    0
    0
    0
    0
    0
    0
    0
    0
    0
    0
    0
    0
    0
    0
    0
    0
    0
    0
    0
    0
    0
    0
    0
    0
    0
    0
    0
    0
    0
    0
    0
    0
    0
    0
    0
    0
    0
    0
    0
    0
    0
    0
    0
    0
    0
    0
    0
    0
    0
    0
    0
    0
    0
    0
    0
    0
    0
    0
    0
    0
    0
    0
    0
    0
    0
    0
    0
    0
    0
    0
    0
    0
    0
    0
    0
    0
    0
    0
    0
    0
    0
    0
    0
    0
    0
    0
    0
    0
    0
    0
    0
    0
    0
    0
    0
    0
    0
    0
    0
    0
    0
    0
    0
    0
    0
    0
    0
    0
    0
    0
    0
    0
    0
    0
    0
    0
    0
    0
    0
    0
    0
    0
    0
    0
    0
    0
    0
    0
    0
    0
    0
    0
    0
    0
    0
    0
    0
    0
    0
    0
    0
    0
    0
    0
    0
    0
    0
    0
    0
    0
    0
    0
    0
    0
    0
    0
    0
    0
    0
    0
    0
    0
    0
    0
    0
    0
    0
    0
    0
    0
    0
    0
    0
    0
    0
    0
    0
    0
    0
    0
    0
    0
    0
    0
    0
    0
    0
    0
    0
    0
    0
    0
    0
    0
    0
    0
    0
    0
    0
    0
    0
    0
    0
    0
    0
    0
    0
    0
    0
    0
    0
    0
    0
    0
    0
    0
    0
    0
    0
    0
    0
    0
    0
    0
    0
    0
    0
    0
    0
    0
    0
    0
    0
    0
    0
    0
    0
    0
    0
    0
    0
    0
    0
    0
    0
    0
    0
    0
    0
    0
    0
    0
    0
    0
    0
    0
    0
    0
    0
    0
    0
    0
    0
    0
    0
    0
    0
    0
    0
    0
    0
    0
    0
    0
    0
    0
    0
    0
    0
    0
    0
    0
    0
    0
    0
    0
    0
    0
    0
    0
    0
    0
    0
    0
    0
    0
    0
    0
    0
    0
    0
    0
    0
    0
    0
    0
    0
    0
    0
    0
    0
    0
    0
    0
    0
    0
    0
    0
    0
    0
    0
    0
    0
    0
    0
    0
    0
    0
    0
    0
    0
    0
    0
    0
    0
    0
    0
    0
    0
    0
    0
    0
    0
    0
    0
    0
    0
    0
    0
    0
    0
    0
    0
    0
    0
    0
    0
    0
    0
    0
    0
    0
    0
    0
    0
    0
    0
    0
    0
    0
    0
    0
    0
    0
    0
    0
    0
    0
    0
    0
    0
    0
    0
    0
    0
    0
    0
    0
    0
    0
    0
    0
    0
    0
    0
    0
    0
    0
    0
    0
    0
    0
    0
    0
    0
    0
    0
    0
    0
    0
    0
    0
    0
    0
    0
    0
    0
    0
    0
    0
    0
    0
    0
    0
    0
    0
    0
    0
    0
    0
    0
    0
    0
    0
    0
    0
    0
    0
    0
    0
    0
    0
    0
    0
    0
    0
    0
    0
    0
    0
    0
    0
    0
    0
    0
    0
    0
    0
    0
    0
    0
    0
    0
    0
    0
    0
    0
    0
    0
    0
    0
    0
    0
    0
    0
    0
    0
    0
    0
    0
    0
    0
    0
    0
    0
    0
    0
    0
    0
    0
    0
    0
    0
    0
    0
    0
    0
    0
    0
    0
    0
    0
    0
    0
    0
    0
    0
    0
    0
    0
    0
    0
    0
    0
    0
    0
    0
    0
    0
    0
    0
    0
    0
    0
    0
    0
    0
    0
    0
    0
    0
    0
    0
    0
    0
    0
    0
    0
    0
    0
    0
    0
    0
    0
    0
    0
    0
    0
    0
    0
    0
    0
    0
    0
    0
    0
    0
    0
    0
    0
    0
    0
    0
    0
    0
    0
    0
    0
    0
    0
    0
    0
    0
    0
    0
    0
    0
    0
    0
    0
    0
    0
    0
    0
    0
    0
    0
    0
    0
    0
    0
    0
    0
    0
    0
    0
    0
    0
    0
    0
    0
    0
    0
    0
    0
    0
    0
    0
    0
    0
    0
    0
    0
    0
    0
    0
    0
    0
    0
    0
    0
    0
    0
    0
    0
    0
    0
    0
    0
    0
    0
    0
    0
    0
    0
    0
    0
    0
    0
    0
    0
    0
    0
    0
    0
    0
    0
    0
    0
    0
    0
    0
    0
    0
    0
    0
    0
    0
    0
    0
    0
    0
    0
    0
    0
    0
    0
    0
    0
    0
    0
    0
    0
    0
    0
    0
    0
    0
    0
    0
    0
    0
    0
    0
    0
    0
    0
    0
    0
    0
    0
    0
    0
    0
    0
    0
    0
    0
    0
    0
    0
    0
    0
    0
    0
    0
    0
    0
    0
    0
    0
    0
    0
    0
    0
    0
    0
    0
    0
    0
    0
    0
    0
    0
    0
    0
    0
    0
    0
    0
    0
    0
    0
    0
    0
    0
    0
    0
    0
    0
    0
    0
    0
    0
    0
    0
    0
    0
    0
    0
    0
    0
    0
    0
    0
    0
    0
    0
    0
    0
    0
    0
    0
    0
    0
    0
    0
    0
    0
    0
    0
    0
    0
    0
    0
    0
    0
    0
    0
    0
    0
    0
    0
    0
    0
    0
    0
    0
    0
    0
    0
    0
    0
    0
    0
    0
    0
    0
    0
    0
    0
    0
    0
    0
    0
    0
    0
    0
    0
    0
    0
    0
    0
    0
    0
    0
    0
    0
    0
    0
    0
    0
    0
    0
    0
    0
    0
    0
    0
    0
    0
    0
    0
    0
    0
    0
    0
    0
    0
    0
    0
    0
    0
    0
    0
    0
    0
    0
    0
    0
    0
    0
    0
    0
    0
    0
    0
    0
    0
    0
    0
    0
    0
    0
    0
    0
    0
    0
    0
    0
    0
    0
    0
    0
    0
    0
    0
    0
    0
    0
    0
    0
    0
    0
    0
    0
    0
    0
    0
    0
    0
    0
    0
    0
    0
    0
    0
    0
    0
    0
    0
    0
    0
    0
    0
    0
    0
    0
    0
    0
    0
    0
    0
    0
    0
    0
    0
    0
    0
    0
    0
    0
    0
    0
    0
    0
    0
    0
    0
    0
    0
    0
    0
    0
    0
    0
    0
    0
    0
    0
    0
    0
    0
    0
    0
    0
    0
    0
    0
    0
    0
    0
    0
    0
    0
    0
    0
    0
    0
    0
    0
    0
    0
    0
    0
    0
    0
    0
    0
    0
    0
    0
    0
    0
    0
    0
    0
    0
    0
    0
    0
    0
    0
    0
    0
    0
    0
    0
    0
    0
    0
    0
    0
    0
    0
    0
    0
    0
    0
    0
    0
    0
    0
    0
    0
    0
    0
    0
    0
    0
    0
    0
    0
    0
    0
    0
    0
    0
    0
    0
    0
    0
    0
    0
    0
    0
    0
    0
    0
    0
    0
    0
    0
    0
    0
    0
    0
    0
    0
    0
    0
    0
    0
    0
    0
    0
    0
    0
    0
    0
    0
    0
    0
    0
    0
    0
    0
    0
    0
    0
    0
    0
    0
    0
    0
    0
    0
    0
    0
    0
    0
    0
    0
    0
    0
    0
    0
    0
    0
    0
    0
    0
    0
    0
    0
    0
    0
    0
    0
    0
    0
    0
    0
    0
    0
    0
    0
    0
    0
    0
    0
    0
    0
    0
    0
    0
    0
    0
    0
    0
    0
    0
    0
    0
    0
    0
    0
    0
    0
    0
    0
    0
    0
    0
    0
    0
    0
    0
    0
    0
    0
    0
    0
    0
    0
    0
    0
    0
    0
    0
    0
    0
    0
    0
    0
    0
    0
    0
    0
    0
    0
    0
    0
    0
    0
    0
    0
    0
    0
    0
    0
    0
    0
    0
    0
    0
    0
    0
    0
    0
    0
    0
    0
    0
    0
    0
    0
    0
    0
    0
    0
    0
    0
    0
    0
    0
    0
    0
    0
    0
    0
    0
    0
    0
    0
    0
    0
    0
    0
    0
    0
    0
    0
    0
    0
    0
    0
    0
    0
    0
    0
    0
    0
    0
    0
    0
    0
    0
    0
    0
    0
    0
    0
    0
    0
    0
    0
    0
    0
    0
    0
    0
    0
    0
    0
    0
    0
    0
    0
    0
    0
    0
    0
    0
    0
    0
    0
    0
    0
    0
    0
    0
    0
    0
    0
    0
    0
    0
    0
    0
    0
    0
    0
    0
    0
    0
    0
    0
    0
    0
    0
    0
    0
    0
    0
    0
    0
    0
    0
    0
    0
    0
    0
    0
    0
    0
    0
    0
    0
    0
    0
    0
    0
    0
    0
    0
    0
    0
    0
    0
    0
    0
    0
    0
    0
    0
    0
    0
    0
    0
    0
    0
    0
    0
    0
    0
    0
    0
    0
    0
    0
    0
    0
    0
    0
    0
    0
    0
    0
    0
    0
    0
    0
    0
    0
    0
    0
    0
    0
    0
    0
    0
    0
    0
    0
    0
    0
    0
    0
    0
    0
    0
    0
    0
    0
    0
    0
    0
    0
    0
    0
    0
    0
    0
    0
    0
    0
    0
    0
    0
    0
    0
    0
    0
    0
    0
    0
    0
    0
    0
    0
    0
    0
    0
    0
    0
    0
    0
    0
    0
    0
    0
    0
    0
    0
    0
    0
    0
    0
    0
    0
    0
    0
    0
    0
    0
    0
    0
    0
    0
    0
    0
    0
    0
    0
    0
    0
    0
    0
    0
    0
    0
    0
    0
    0
    0
    0
    0
    0
    0
    0
    0
    0
    0
    0
    0
    0
    0
    0
    0
    0
    0
    0
    0
    0
    0
    0
    0
    0
    0
    0
    0
    0
    0
    0
    0
    0
    0
    0
    0
    0
    0
    0
    0
    0
    0
    0
    0
    0
    0
    0
    0
    0
    0
    0
    0
    0
    0
    0
    0
    0
    0
    0
    0
    0
    0
    0
    0
    0
    0
    0
    0
    0
    0
    0
    0
    0
    0
    0
    0
    0
    0
    0
    0
    0
    0
    0
    0
    0
    0
    0
    0
    0
    0
    0
    0
    0
    0
    0
    0
    0
    0
    0
    0
    0
    0
    0
    0
    0
    0
    0
    0
    0
    0
    0
    0
    0
    0
    0
    0
    0
    0
    0
    0
    0
    0
    0
    0
    0
    0
    0
    0
    0
    0
    0
    0
    0
    0
    0
    0
    0
    0
    0
    0
    0
    0
    0
    0
    0
    0
    0
    0
    0
    0
    0
    0
    0
    0
    0
    0
    0
    0
    0
    0
    0
    0
    0
    0
    0
    0
    0
    0
    0
    0
    0
    0
    0
    0
    0
    0
    0
    0
    0
    0
    0
    0
    0
    0
    0
    0
    0
    0
    0
    0
    0
    0
    0
    0
    0
    0
    0
    0
    0
    0
    0
    0
    0
    0
    0
    0
    0
    0
    0
    0
    0
    0
    0
    0
    0
    0
    0
    0
    0
    0
    0
    0
    0
    0
    0
    0
    0
    0
    0
    0
    0
    0
    0
    0
    0
    0
    0
    0
    0
    0
    0
    0
    0
    0
    0
    0
    0
    0
    0
    0
    0
    0
    0
    0
    0
    0
    0
    0
    0
    0
    0
    0
    0
    0
    0
    0
    0
    0
    0
    0
    0
    0
    0
    0
    0
    0
    0
    0
    0
    0
    0
    0
    0
    0
    0
    0
    0
    0
    0
    0
    0
    0
    0
    0
    0
    0
    0
    0
    0
    0
    0
    0
    0
    0
    0
    0
    0
    0
    0
    0
    0
    0
    0
    0
    0
    0
    0
    0
    0
    0
    0
    0
    0
    0
    0
    0
    0
    0
    0
    0
    0
    0
    0
    0
    0
    0
    0
    0
    0
    0
    0
    0
    0
    0
    0
    0
    0
    0
    0
    0
    0
    0
    0
    0
    0
    0
    0
    0
    0
    0
    0
    0
    0
    0
    0
    0
    0
    0
    0
    0
    0
    0
    0
    0
    0
    0
    0
    0
    0
    0
    0
    0
    0
    0
    0
    0
    0
    0
    0
    0
    0
    0
    0
    0
    0
    0
    0
    0
    0
    0
    0
    0
    0
    0
    0
    0
    0
    0
    0
    0
    0
    0
    0
    0
    0
    0
    0
    0
    0
    0
    0
    0
    0
    0
    0
    0
    0
    0
    0
    0
    0
    0
    0
    0
    0
    0
    0
    0
    0
    0
    0
    0
    0
    0
    0
    0
    0
    0
    0
    0
    0
    0
    0
    0
    0
    0
    0
    0
    0
    0
    0
    0
    0
    0
    0
    0
    0
    0
    0
    0
    0
    0
    0
    0
    0
    0
    0
    0
    0
    0
    0
    0
    0
    0
    0
    0
    0
    0
    0
    0
    0
    0
    0
    0
    0
    0
    0
    0
    0
    0
    0
    0
    0
    0
    0
    0
    0
    0
    0
    0
    0
    0
    0
    0
    0
    0
    0
    0
    0
    0
    0
    0
    0
    0
    0
    0
    0
    0
    0
    0
    0
    0
    0
    0
    0
    0
    0
    0
    0
    0
    0
    0
    0
    0
    0
    0
    0
    0
    0
    0
    0
    0
    0
    0
    0
    0
    0
    0
    0
    0
    0
    0
    0
    0
    0
    0
    0
    0
    0
    0
    0
    0
    0
    0
    0
    0
    0
    0
    0
    0
    0
    0
    0
    0
    0
    0
    0
    0
    0
    0
    0
    0
    0
    0
    0
    0
    0
    0
    0
    0
    0
    0
    0
    0
    0
    0
    0
    0
    0
    0
    0
    0
    0
    0
    0
    0
    0
    0
    0
    0
    0
    0
    0
    0
    0
    0
    0
    0
    0
    0
    0
    0
    0
    0
    0
    0
    0
    0
    0
    0
    0
    0
    0
    0
    0
    0
    0
    0
    0
    0
    0
    0
    0
    0
    0
    0
    0
    0
    0
    0
    0
    0
    0
    0
    0
    0
    0
    0
    0
    0
    0
    0
    0
    0
    0
    0
    0
    0
    0
    0
    0
    0
    0
    0
    0
    0
    0
    0
    0
    0
    0
    0
    0
    0
    0
    0
    0
    0
    0
    0
    0
    0
    0
    0
    0
    0
    0
    0
    0
    0
    0
    0
    0
    0
    0
    0
    0
    0
    0
    0
    0
    0
    0
    0
    0
    0
    0
    0
    0
    0
    0
    0
    0
    0
    0
    0
    0
    0
    0
    0
    0
    0
    0
    0
    0
    0
    0
    0
    0
    0
    0
    0
    0
    0
    0
    0
    0
    0
    0
    0
    0
    0
    0
    0
    0
    0
    0
    0
    0
    0
    0
    0
    0
    0
    0
    0
    0
    0
    0
    0
    0
    0
    0
    0
    0
    0
    0
    0
    0
    0
    0
    0
    0
    0
    0
    0
    0
    0
    0
    0
    0
    0
    0
    0
    0
    0
    0
    0
    0
    0
    0
    0
    0
    0
    0
    0
    0
    0
    0
    0
    0
    0
    0
    0
    0
    0
    0
    0
    0
    0
    0
    0
    0
    0
    0
    0
    0
    0
    0
    0
    0
    0
    0
    0
    0
    0
    0
    0
    0
    0
    0
    0
    0
    0
    0
    0
    0
    0
    0
    0
    0
    0
    0
    0
    0
    0
    0
    0
    0
    0
    0
    0
    0
    0
    0
    0
    0
    0
    0
    0
    0
    0
    0
    0
    0
    0
    0
    0
    0
    0
    0
    0
    0
    0
    0
    0
    0
    0
    0
    0
    0
    0
    0
    0
    0
    0
    0
    0
    0
    0
    0
    0
    0
    0
    0
    0
    0
    0
    0
    0
    0
    0
    0
    0
    0
    0
    0
    0
    0
    0
    0
    0
    0
    0
    0
    0
    0
    0
    0
    0
    0
    0
    0
    0
    0
    0
    0
    0
    0
    0
    0
    0
    0
    0
    0
    0
    0
    0
    0
    0
    0
    0
    0
    0
    0
    0
    0
    0
    0
    0
    0
    0
    0
    0
    0
    0
    0
    0
    0
    0
    0
    0
    0
    0
    0
    0
    0
    0
    0
    0
    0
    0
    0
    0
    0
    0
    0
    0
    0
    0
    0
    0
    0
    0
    0
    0
    0
    0
    0
    0
    0
    0
    0
    0
    0
    0
    0
    0
    0
    0
    0
    0
    0
    0
    0
    0
    0
    0
    0
    0
    0
    0
    0
    0
    0
    0
    0
    0
    0
    0
    0
    0
    0
    0
    0
    0
    0
    0
    0
    0
    0
    0
    0
    0
    0
    0
    0
    0
    0
    0
    0
    0
    0
    0
    0
    0
    0
    0
    0
    0
    0
    0
    0
    0
    0
    0
    0
    0
    0
    0
    0
    0
    0
    0
    0
    0
    0
    0
    0
    0
    0
    0
    0
    0
    0
    0
    0
    0
    0
    0
    0
    0
    0
    0
    0
    0
    0
    0
    0
    0
    0
    0
    0
    0
    0
    0
    0
    0
    0
    0
    0
    0
    0
    0
    0
    0
    0
    0
    0
    0
    0
    0
    0
    0
    0
    0
    0
    0
    0
    0
    0
    0
    0
    0
    0
    0
    0
    0
    0
    0
    0
    0
    0
    0
    0
    0
    0
    0
    0
    0
    0
    0
    0
    0
    0
    0
    0
    0
    0
    0
    0
    0
    0
    0
    0
    0
    0
    0
    0
    0
    0
    0
    0
    0
    0
    0
    0
    0
    0
    0
    0
    0
    0
    0
    0
    0
    0
    0
    0
    0
    0
    0
    0
    0
    0
    0
    0
    0
    0
    0
    0
    0
    0
    0
    0
    0
    0
    0
    0
    0
    0
    0
    0
    0
    0
    0
    0
    0
    0
    0
    0
    0
    0
    0
    0
    0
    0
    0
    0
    0
    0
    0
    0
    0
    0
    0
    0
    0
    0
    0
    0
    0
    0
    0
    0
    0
    0
    0
    0
    0
    0
    0
    0
    0
    0
    0
    0
    0
    0
    0
    0
    0
    0
    0
    0
    0
    0
    0
    0
    0
    0
    0
    0
    0
    0
    0
    0
    0
    0
    0
    0
    0
    0
    0
    0
    0
    0
    0
    0
    0
    0
    0
    0
    0
    0
    0
    0
    0
    0
    0
    0
    0
    0
    0
    0
    0
    0
    0
    0
    0
    0
    0
    0
    0
    0
    0
    0
    0
    0
    0
    0
    0
    0
    0
    0
    0
    0
    0
    0
    0
    0
    0
    0
    0
    0
    0
    0
    0
    0
    0
    0
    0
    0
    0
    0
    0
    0
    0
    0
    0
    0
    0
    0
    0
    0
    0
    0
    0
    0
    0
    0
    0
    0
    0
    0
    0
    0
    0
    0
    0
    0
    0
    0
    0
    0
    0
    0
    0
    0
    0
    0
    0
    0
    0
    0
    0
    0
    0
    0
    0
    0
    0
    0
    0
    0
    0
    0
    0
    0
    0
    0
    0
    0
    0
    0
    0
    0
    0
    0
    0
    0
    0
    0
    0
    0
    0
    0
    0
    0
    0
    0
    0
    0
    0
    0
    0
    0
    0
    0
    0
    0
    0
    0
    0
    0
    0
    0
    0
    0
    0
    0
    0
    0
    0
    0
    0
    0
    0
    0
    0
    0
    0
    0
    0
    0
    0
    0
    0
    0
    0
    0
    0
    0
    0
    0
    0
    0
    0
    0
    0
    0
    0
    0
    0
    0
    0
    0
    0
    0
    0
    0
    0
    0
    0
    0
    0
    0
    0
    0
    0
    0
    0
    0
    0
    0
    0
    0
    0
    0
    0
    0
    0
    0
    0
    0
    0
    0
    0
    0
    0
    0
    0
    0
    0
    0
    0
    0
    0
    0
    0
    0
    0
    0
    0
    0
    0
    0
    0
    0
    0
    0
    0
    0
    0
    0
    0
    0
    0
    0
    0
    0
    0
    0
    0
    0
    0
    0
    0
    0
    0
    0
    0
    0
    0
    0
    0
    0
    0
    0
    0
    0
    0
    0
    0
    0
    0
    0
    0
    0
    0
    0
    0
    0
    0
    0
    0
    0
    0
    0
    0
    0
    0
    0
    0
    0
    0
    0
    0
    0
    0
    0
    0
    0
    0
    0
    0
    0
    0
    0
    0
    0
    0
    0
    0
    0
    0
    0
    0
    0
    0
    0
    0
    0
    0
    0
    0
    0
    0
    0
    0
    0
    0
    0
    0
    0
    0
    0
    0
    0
    0
    0
    0
    0
    0
    0
    0
    0
    0
    0
    0
    0
    0
    0
    0
    0
    0
    0
    0
    0
    0
    0
    0
    0
    0
    0
    0
    0
    0
    0
    0
    0
    0
    0
    0
    0
    0
    0
    0
    0
    0
    0
    0
    0
    0
    0
    0
    0
    0
    0
    0
    0
    0
    0
    0
    0
    0
    0
    0
    0
    0
    0
    0
    0
    0
    0
    0
    0
    0
    0
    0
    0
    0
    0
    0
    0
    0
    0
    0
    0
    0
    0
    0
    0
    0
    0
    0
    0
    0
    0
    0
    0
    0
    0
    0
    0
    0
    0
    0
    0
    0
    0
    0
    0
    0
    0
    0
    0
    0
    0
    0
    0
    0
    0
    0
    0
    0
    0
    0
    0
    0
    0
    0
    0
    0
    0
    0
    0
    0
    0
    0
    0
    0
    0
    0
    0
    0
    0
    0
    0
    0
    0
    0
    0
    0
    0
    0
    0
    0
    0
    0
    0
    0
    0
    0
    0
    0
    0
    0
    0
    0
    0
    0
    0
    0
    0
    0
    0
    0
    0
    0
    0
    0
    0
    0
    0
    0
    0
    0
    0
    0
    0
    0
    0
    0
    0
    0
    0
    0
    0
    0
    0
    0
    0
    0
    0
    0
    0
    0
    0
    0
    0
    0
    0
    0
    0
    0
    0
    0
    0
    0
    0
    0
    0
    0
    0
    0
    0
    0
    0
    0
    0
    0
    0
    0
    0
    0
    0
    0
    0
    0
    0
    0
    0
    0
    0
    0
    0
    0
    0
    0
    0
    0
    0
    0
    0
    0
    0
    0
    0
    0
    0
    0
    0
    0
    0
    0
    0
    0
    0
    0
    0
    0
    0
    0
    0
    0
    0
    0
    0
    0
    0
    0
    0
    0
    0
    0
    0
    0
    0
    0
    0
    0
    0
    0
    0
    0
    0
    0
    0
    0
    0
    0
    0
    0
    0
    0
    0
    0
    0
    0
    0
    0
    0
    0
    0
    0
    0
    0
    0
    0
    0
    0
    0
    0
    0
    0
    0
    0
    0
    0
    0
    0
    0
    0
    0
    0
    0
    0
    0
    0
    0
    0
    0
    0
    0
    0
    0
    0
    0
    0
    0
    0
    0
    0
    0
    0
    0
    0
    0
    0
    0
    0
    0
    0
    0
    0
    0
    0
    0
    0
    0
    0
    0
    0
    0
    0
    0
    0
    0
    0
    0
    0
    0
    0
    0
    0
    0
    0
    0
    0
    0
    0
    0
    0
    0
    0
    0
    0
    0
    0
    0
    0
    0
    0
    0
    0
    0
    0
    0
    0
    0
    0
    0
    0
    0
    0
    0
    0
    0
    0
    0
    0
    0
    0
    0
    0
    0
    0
    0
    0
    0
    0
    0
    0
    0
    0
    0
    0
    0
    0
    0
    0
    0
    0
    0
    0
    0
    0
    0
    0
    0
    0
    0
    0
    0
    0
    0
    0
    0
    0
    0
    0
    0
    0
    0
    0
    0
    0
    0
    0
    0
    0
    0
    0
    0
    0
    0
    0
    0
    0
    0
    0
    0
    0
    0
    0
    0
    0
    0
    0
    0
    0
    0
    0
    0
    0
    0
    0
    0
    0
    0
    0
    0
    0
    0
    0
    0
    0
    0
    0
    0
    0
    0
    0
    0
    0
    0
    0
    0
    0
    0
    0
    0
    0
    0
    0
    0
    0
    0
    0
    0
    0
    0
    0
    0
    0
    0
    0
    0
    0
    0
    0
    0
    0
    0
    0
    0
    0
    0
    0
    0
    0
    0
    0
    0
    0
    0
    0
    0
    0
    0
    0
    0
    0
    0
    0
    0
    0
    0
    0
    0
    0
    0
    0
    0
    0
    0
    0
    0
    0
    0
    0
    0
    0
    0
    0
    0
    0
    0
    0
    0
    0
    0
    0
    0
    0
    0
    0
    0
    0
    0
    0
    0
    0
    0
    0
    0
    0
    0
    0
    0
    0
    0
    0
    0
    0
    0
    0
    0
    0
    0
    0
    0
    0
    0
    0
    0
    0
    0
    0
    0
    0
    0
    0
    0
    0
    0
    0
    0
    0
    0
    0
    0
    0
    0
    0
    0
    0
    0
    0
    0
    0
    0
    0
    0
    0
    0
    0
    0
    0
    0
    0
    0
    0
    0
    0
    0
    0
    0
    0
    0
    0
    0
    0
    0
    0
    0
    0
    0
    0
    0
    0
    0
    0
    0
    0
    0
    0
    0
    0
    0
    0
    0
    0
    0
    0
    0
    0
    0
    0
    0
    0
    0
    0
    0
    0
    0
    0
    0
    0
    0
    0
    0
    0
    0
    0
    0
    0
    0
    0
    0
    0
    0
    0
    0
    0
    0
    0
    0
    0
    0
    0
    0
    0
    0
    0
    0
    0
    0
    0
    0
