Project Info:
    ACQ Time: 2019- 9-24   9:34:24: 265 .
    Project: tq左侧足三里下循经非穴（昨天涂红药水）
    Name: 
    Part:  
    Operator:  
    Desc.:  
    Sample Data Acquired.

ACQ Parameters:
    Excited Peroid(ms): 50
    Excited Time(ms): 10
    Acq Delay Time(us): 10
    Gate Time(ms): 20
    Count Num per gate: 100
    Repeat Times: 50
    Acq Gate Times: 1
    Interval per Gate(us): 100
    Channel Number: 2

Data:
    624
    557
    465
    435
    375
    372
    358
    309
    294
    276
    270
    255
    244
    213
    200
    193
    179
    186
    166
    157
    180
    140
    145
    125
    126
    118
    120
    107
    93
    105
    96
    100
    72
    73
    87
    73
    83
    85
    68
    77
    62
    59
    82
    61
    47
    56
    43
    48
    48
    42
    45
    45
    34
    36
    43
    39
    38
    22
    36
    32
    29
    31
    30
    29
    25
    26
    21
    31
    34
    28
    23
    27
    26
    26
    16
    24
    26
    23
    20
    24
    21
    22
    21
    20
    13
    20
    17
    16
    16
    11
    14
    17
    14
    7
    10
    9
    9
    11
    11
    11
    557
    554
    478
    410
    437
    356
    341
    304
    294
    307
    243
    277
    244
    221
    198
    200
    161
    183
    170
    151
    149
    139
    139
    128
    145
    136
    113
    123
    107
    96
    104
    96
    82
    91
    97
    86
    75
    75
    77
    72
    61
    66
    61
    46
    59
    60
    45
    51
    46
    58
    41
    44
    41
    47
    36
    38
    38
    35
    28
    41
    35
    34
    37
    23
    28
    27
    25
    23
    20
    19
    24
    26
    26
    26
    22
    26
    13
    22
    21
    14
    11
    20
    19
    22
    15
    17
    15
    12
    17
    10
    12
    18
    14
    13
    11
    10
    17
    11
    8
    13
    594
    562
    481
    426
    400
    350
    338
    318
    309
    284
    279
    260
    237
    216
    204
    200
    184
    177
    154
    161
    144
    154
    145
    135
    146
    135
    122
    97
    98
    111
    96
    104
    92
    95
    88
    86
    84
    70
    85
    65
    63
    72
    69
    63
    55
    55
    45
    39
    41
    58
    49
    38
    47
    46
    46
    44
    30
    29
    34
    37
    44
    38
    34
    38
    39
    24
    23
    23
    29
    35
    21
    28
    22
    21
    25
    17
    23
    22
    24
    19
    24
    21
    14
    16
    14
    17
    20
    14
    13
    11
    14
    20
    14
    11
    18
    14
    18
    11
    4
    13
    611
    515
    460
    396
    415
    369
    361
    328
    312
    274
    246
    235
    234
    250
    217
    215
    211
    198
    190
    161
    156
    141
    147
    158
    110
    136
    128
    129
    99
    112
    98
    73
    108
    93
    83
    82
    76
    83
    73
    52
    64
    73
    63
    63
    65
    52
    57
    52
    49
    44
    52
    43
    40
    45
    38
    45
    39
    27
    39
    52
    43
    27
    28
    30
    35
    36
    32
    23
    27
    27
    30
    21
    28
    28
    18
    31
    29
    20
    25
    18
    25
    21
    11
    11
    20
    16
    23
    20
    17
    13
    6
    12
    9
    22
    17
    7
    10
    11
    16
    13
    602
    527
    452
    449
    420
    370
    333
    340
    282
    249
    267
    231
    244
    225
    191
    219
    202
    182
    185
    157
    148
    165
    150
    141
    134
    124
    123
    121
    107
    98
    108
    97
    82
    79
    86
    77
    81
    84
    71
    80
    69
    66
    55
    56
    62
    43
    41
    40
    58
    55
    36
    39
    42
    43
    48
    36
    42
    38
    39
    32
    42
    40
    34
    36
    29
    31
    32
    32
    26
    36
    22
    26
    22
    21
    32
    28
    31
    16
    18
    18
    25
    22
    19
    16
    18
    23
    25
    28
    16
    14
    17
    16
    10
    12
    14
    9
    13
    17
    3
    9
    613
    582
    469
    452
    398
    336
    370
    341
    315
    278
    269
    283
    242
    232
    224
    202
    214
    171
    180
    175
    168
    149
    143
    156
    138
    129
    124
    119
    109
    109
    103
    101
    101
    77
    101
    101
    83
    69
    89
    79
    65
    73
    73
    70
    51
    52
    65
    50
    48
    56
    37
    47
    52
    42
    33
    36
    40
    43
    48
    39
    31
    37
    29
    34
    26
    27
    32
    26
    29
    28
    23
    22
    18
    28
    27
    25
    20
    23
    23
    28
    21
    23
    14
    11
    14
    21
    24
    13
    21
    12
    16
    14
    15
    14
    17
    16
    14
    17
    20
    12
    585
    550
    469
    419
    389
    367
    343
    338
    309
    269
    298
    270
    257
    232
    193
    205
    201
    194
    176
    150
    160
    133
    157
    148
    142
    117
    130
    103
    102
    101
    110
    92
    89
    93
    103
    78
    76
    72
    93
    58
    76
    68
    80
    73
    76
    51
    58
    53
    48
    45
    45
    52
    57
    53
    53
    45
    40
    41
    47
    28
    29
    39
    37
    36
    28
    30
    20
    20
    34
    39
    25
    22
    23
    27
    21
    22
    22
    21
    20
    22
    15
    21
    21
    18
    22
    20
    18
    16
    14
    21
    21
    18
    12
    17
    13
    19
    13
    12
    6
    15
    637
    582
    496
    422
    381
    366
    342
    315
    281
    278
    252
    257
    213
    230
    188
    191
    175
    181
    161
    167
    151
    157
    139
    135
    142
    124
    115
    112
    119
    139
    102
    109
    103
    99
    80
    89
    84
    72
    73
    67
    69
    74
    73
    80
    60
    58
    47
    63
    52
    53
    51
    46
    52
    41
    30
    37
    32
    50
    33
    39
    32
    34
    39
    34
    28
    28
    25
    32
    27
    20
    30
    26
    33
    23
    20
    34
    14
    18
    23
    22
    12
    29
    19
    21
    27
    17
    17
    12
    21
    15
    14
    20
    23
    14
    13
    13
    10
    12
    14
    12
    573
    543
    488
    454
    424
    359
    357
    285
    300
    268
    266
    262
    237
    224
    194
    191
    189
    160
    188
    178
    160
    163
    149
    142
    135
    111
    117
    117
    125
    127
    106
    93
    73
    96
    81
    80
    93
    64
    67
    66
    67
    68
    58
    69
    59
    74
    56
    64
    52
    52
    53
    61
    44
    53
    43
    49
    38
    48
    33
    33
    29
    30
    38
    35
    33
    21
    35
    26
    40
    30
    20
    18
    29
    19
    26
    19
    28
    32
    17
    29
    20
    24
    18
    20
    19
    15
    16
    12
    11
    12
    17
    18
    20
    16
    17
    15
    19
    11
    12
    11
    578
    527
    475
    427
    382
    365
    350
    311
    306
    240
    260
    270
    249
    244
    209
    202
    206
    177
    168
    168
    157
    139
    146
    145
    140
    142
    125
    127
    119
    126
    99
    115
    98
    95
    91
    82
    88
    83
    74
    59
    72
    49
    59
    72
    68
    73
    56
    58
    62
    43
    55
    47
    55
    34
    50
    50
    44
    48
    44
    41
    45
    42
    44
    28
    40
    33
    26
    30
    25
    32
    36
    22
    29
    21
    24
    19
    14
    23
    16
    19
    25
    21
    14
    21
    18
    14
    15
    15
    20
    11
    13
    16
    13
    17
    22
    12
    15
    16
    11
    14
    598
    523
    478
    457
    393
    363
    327
    281
    311
    259
    232
    272
    238
    230
    201
    205
    190
    199
    172
    186
    179
    167
    136
    132
    146
    138
    133
    118
    132
    116
    113
    106
    115
    103
    79
    89
    86
    98
    73
    85
    64
    80
    62
    55
    70
    77
    63
    60
    60
    65
    47
    55
    42
    45
    34
    41
    42
    38
    35
    37
    39
    34
    34
    36
    34
    31
    23
    25
    24
    36
    23
    28
    30
    36
    27
    23
    23
    16
    15
    27
    17
    23
    22
    18
    29
    26
    18
    12
    14
    18
    14
    17
    9
    10
    18
    18
    12
    19
    9
    18
    593
    538
    494
    435
    399
    357
    362
    291
    292
    306
    270
    301
    223
    245
    234
    232
    181
    196
    192
    162
    166
    144
    139
    133
    138
    112
    111
    112
    111
    113
    102
    103
    90
    85
    85
    84
    77
    99
    65
    73
    69
    66
    64
    68
    60
    55
    61
    59
    56
    60
    55
    45
    48
    48
    49
    42
    35
    33
    33
    43
    35
    39
    31
    27
    37
    40
    25
    31
    36
    36
    25
    29
    29
    23
    21
    18
    24
    20
    25
    13
    22
    18
    10
    19
    19
    27
    12
    15
    19
    12
    12
    15
    15
    14
    5
    12
    11
    19
    11
    8
    582
    527
    448
    464
    379
    362
    305
    324
    310
    297
    267
    255
    244
    230
    249
    207
    185
    188
    185
    170
    168
    165
    153
    160
    133
    108
    125
    114
    129
    116
    93
    117
    90
    93
    97
    96
    83
    73
    73
    70
    72
    73
    75
    70
    56
    54
    59
    54
    51
    51
    44
    48
    45
    51
    50
    39
    49
    39
    47
    40
    37
    39
    37
    27
    41
    36
    33
    21
    30
    23
    35
    25
    25
    25
    26
    23
    30
    23
    13
    25
    16
    26
    23
    23
    17
    13
    20
    18
    18
    14
    9
    16
    8
    20
    17
    16
    7
    15
    10
    15
    614
    558
    506
    453
    355
    333
    317
    332
    291
    267
    261
    250
    246
    228
    218
    204
    193
    195
    186
    156
    144
    176
    129
    142
    129
    96
    127
    128
    110
    104
    106
    100
    92
    93
    87
    85
    83
    64
    76
    66
    70
    54
    64
    62
    56
    77
    64
    46
    52
    56
    59
    47
    42
    45
    31
    43
    51
    43
    46
    40
    40
    46
    22
    29
    21
    33
    34
    29
    21
    31
    24
    34
    28
    24
    23
    15
    16
    23
    20
    25
    28
    23
    22
    26
    14
    22
    20
    19
    19
    23
    21
    18
    17
    23
    17
    15
    9
    9
    10
    11
    633
    539
    477
    444
    398
    343
    304
    311
    282
    294
    271
    225
    211
    218
    223
    201
    215
    190
    191
    162
    152
    160
    140
    139
    136
    137
    130
    132
    109
    113
    120
    115
    103
    95
    101
    87
    86
    87
    78
    62
    82
    69
    66
    67
    67
    58
    70
    47
    49
    50
    58
    38
    47
    51
    41
    41
    30
    56
    28
    46
    41
    42
    34
    32
    32
    31
    42
    34
    28
    36
    35
    22
    26
    37
    25
    16
    28
    22
    16
    21
    22
    21
    18
    20
    19
    18
    19
    21
    16
    18
    21
    21
    17
    15
    22
    15
    15
    16
    17
    16
    595
    573
    488
    436
    422
    356
    350
    297
    312
    280
    248
    230
    238
    218
    209
    214
    209
    187
    193
    168
    159
    166
    153
    139
    152
    132
    152
    104
    128
    103
    121
    109
    90
    88
    73
    85
    81
    70
    75
    66
    78
    63
    68
    61
    70
    52
    57
    57
    49
    55
    45
    57
    53
    56
    49
    45
    35
    33
    35
    24
    33
    42
    41
    29
    35
    26
    27
    25
    32
    35
    31
    27
    26
    19
    30
    23
    27
    12
    24
    24
    22
    23
    19
    13
    13
    19
    14
    11
    16
    19
    15
    12
    18
    21
    17
    10
    15
    11
    12
    10
    632
    531
    455
    450
    419
    384
    327
    324
    319
    290
    245
    259
    234
    212
    207
    181
    201
    200
    173
    138
    156
    155
    140
    125
    141
    118
    122
    115
    122
    104
    105
    101
    97
    98
    75
    80
    93
    81
    55
    70
    82
    73
    65
    72
    69
    51
    57
    59
    68
    40
    43
    48
    37
    49
    40
    46
    40
    50
    40
    45
    32
    37
    29
    31
    35
    33
    31
    35
    24
    29
    30
    26
    30
    20
    23
    26
    20
    27
    24
    23
    26
    24
    14
    16
    17
    15
    28
    21
    21
    9
    12
    19
    17
    21
    11
    15
    11
    7
    9
    16
    613
    557
    469
    418
    397
    352
    353
    309
    321
    303
    282
    229
    258
    233
    198
    230
    194
    208
    204
    166
    156
    179
    161
    131
    127
    122
    113
    124
    102
    103
    101
    101
    94
    88
    101
    80
    85
    90
    77
    86
    71
    69
    73
    73
    86
    63
    64
    56
    63
    46
    51
    47
    46
    54
    41
    41
    40
    41
    41
    33
    32
    42
    42
    37
    25
    27
    36
    35
    31
    31
    29
    28
    27
    24
    24
    29
    27
    30
    18
    17
    19
    21
    22
    10
    21
    34
    25
    13
    16
    18
    19
    11
    18
    14
    14
    11
    14
    10
    10
    15
    641
    532
    486
    411
    438
    355
    361
    332
    315
    268
    264
    283
    229
    211
    229
    211
    203
    187
    180
    174
    156
    161
    156
    143
    134
    135
    137
    130
    126
    104
    118
    118
    86
    113
    93
    92
    79
    69
    87
    68
    81
    59
    49
    69
    59
    57
    60
    71
    58
    57
    52
    59
    55
    43
    42
    39
    45
    30
    41
    43
    27
    46
    38
    34
    34
    36
    35
    31
    30
    31
    30
    29
    19
    16
    23
    25
    32
    23
    14
    26
    25
    15
    27
    24
    16
    11
    20
    13
    18
    17
    16
    12
    8
    17
    17
    10
    12
    10
    15
    16
    615
    601
    500
    457
    389
    352
    369
    324
    304
    301
    257
    241
    234
    239
    213
    216
    201
    168
    204
    180
    167
    171
    157
    144
    134
    137
    122
    132
    99
    115
    104
    107
    97
    107
    84
    78
    71
    72
    79
    84
    84
    80
    67
    55
    70
    60
    58
    55
    47
    54
    62
    61
    53
    45
    54
    50
    40
    44
    48
    41
    37
    29
    40
    35
    35
    27
    39
    33
    30
    23
    25
    21
    35
    21
    25
    27
    23
    25
    14
    35
    24
    24
    23
    21
    23
    16
    24
    16
    18
    14
    24
    11
    21
    13
    16
    14
    9
    20
    6
    12
    560
    546
    463
    423
    389
    383
    358
    317
    334
    269
    292
    248
    240
    232
    254
    235
    197
    180
    198
    201
    145
    153
    150
    146
    115
    121
    137
    136
    112
    118
    101
    84
    97
    111
    107
    77
    78
    108
    77
    71
    75
    70
    59
    65
    64
    57
    69
    60
    62
    37
    55
    45
    45
    62
    50
    39
    51
    40
    35
    40
    29
    32
    41
    29
    38
    24
    29
    27
    31
    23
    26
    32
    22
    22
    28
    27
    19
    25
    28
    24
    19
    14
    21
    21
    19
    15
    19
    24
    20
    8
    8
    6
    14
    17
    16
    17
    12
    15
    13
    17
    573
    551
    487
    434
    380
    389
    363
    354
    300
    307
    275
    253
    219
    237
    242
    201
    222
    192
    162
    157
    190
    149
    145
    164
    112
    129
    127
    122
    123
    100
    102
    117
    111
    100
    70
    97
    88
    79
    75
    96
    78
    72
    75
    71
    56
    60
    79
    63
    48
    56
    57
    35
    54
    63
    38
    34
    44
    42
    32
    46
    34
    54
    44
    25
    23
    42
    44
    32
    23
    27
    37
    26
    31
    24
    20
    20
    19
    22
    19
    20
    24
    19
    25
    17
    23
    18
    22
    23
    13
    10
    16
    19
    18
    17
    15
    14
    13
    11
    17
    25
    582
    550
    493
    414
    398
    348
    328
    308
    276
    291
    295
    254
    256
    242
    223
    201
    186
    197
    183
    165
    158
    154
    139
    169
    157
    127
    125
    123
    124
    92
    104
    92
    97
    91
    98
    99
    70
    81
    82
    84
    64
    70
    75
    71
    67
    61
    68
    55
    46
    60
    56
    56
    56
    55
    39
    44
    48
    50
    53
    41
    36
    32
    36
    27
    42
    26
    39
    27
    24
    33
    31
    25
    34
    29
    25
    30
    31
    21
    21
    27
    17
    17
    12
    22
    20
    18
    16
    16
    24
    10
    20
    22
    11
    15
    15
    14
    8
    9
    13
    20
    586
    539
    507
    482
    399
    390
    355
    334
    291
    281
    289
    227
    262
    207
    232
    203
    196
    176
    179
    152
    156
    170
    150
    134
    145
    134
    117
    131
    96
    103
    110
    101
    104
    89
    104
    99
    86
    89
    70
    72
    86
    71
    67
    55
    54
    57
    49
    78
    45
    50
    39
    56
    43
    43
    47
    50
    41
    31
    42
    43
    33
    34
    35
    31
    29
    41
    30
    28
    33
    26
    31
    30
    33
    24
    23
    30
    21
    27
    28
    17
    30
    19
    13
    24
    15
    9
    15
    16
    23
    14
    15
    16
    9
    16
    12
    16
    15
    15
    19
    11
    556
    532
    505
    474
    396
    397
    366
    342
    306
    305
    254
    247
    255
    261
    241
    218
    194
    168
    177
    146
    147
    149
    157
    138
    125
    121
    139
    140
    108
    120
    104
    98
    98
    106
    95
    98
    100
    79
    71
    83
    59
    56
    66
    63
    84
    66
    68
    60
    68
    51
    65
    51
    57
    28
    38
    41
    45
    44
    47
    37
    51
    42
    43
    27
    42
    37
    28
    31
    24
    32
    31
    21
    30
    36
    23
    28
    17
    20
    23
    16
    25
    26
    28
    17
    14
    21
    19
    20
    18
    16
    24
    16
    13
    8
    12
    15
    14
    19
    13
    16
    568
    550
    499
    449
    353
    390
    338
    337
    348
    269
    273
    261
    245
    253
    203
    197
    187
    178
    175
    181
    172
    160
    145
    120
    154
    132
    118
    100
    114
    121
    78
    121
    111
    85
    75
    89
    78
    96
    87
    83
    75
    64
    68
    69
    49
    58
    64
    54
    61
    62
    49
    55
    50
    47
    37
    38
    47
    34
    35
    42
    37
    44
    30
    36
    36
    28
    32
    33
    29
    34
    25
    34
    34
    39
    25
    24
    27
    19
    25
    22
    21
    20
    25
    15
    15
    15
    18
    17
    14
    17
    21
    17
    13
    21
    21
    25
    15
    13
    17
    13
    601
    527
    461
    427
    398
    404
    336
    307
    317
    302
    255
    261
    258
    224
    237
    203
    203
    189
    182
    161
    168
    179
    150
    149
    139
    126
    107
    125
    131
    111
    91
    107
    98
    108
    99
    104
    74
    70
    86
    95
    80
    71
    52
    54
    73
    76
    41
    51
    56
    52
    53
    54
    50
    50
    37
    45
    52
    52
    38
    39
    37
    39
    41
    47
    42
    30
    27
    30
    29
    33
    39
    27
    30
    40
    23
    27
    19
    26
    26
    21
    19
    17
    18
    18
    23
    15
    19
    25
    27
    18
    21
    23
    15
    14
    14
    12
    17
    9
    12
    19
    608
    554
    482
    454
    414
    418
    362
    315
    300
    267
    259
    287
    244
    225
    222
    189
    195
    193
    192
    154
    175
    163
    154
    142
    148
    130
    135
    120
    121
    114
    116
    105
    89
    102
    102
    99
    94
    75
    70
    72
    74
    78
    80
    64
    69
    65
    53
    60
    62
    64
    41
    43
    54
    48
    56
    59
    41
    32
    37
    38
    51
    28
    43
    32
    29
    35
    32
    31
    30
    32
    26
    31
    23
    23
    29
    22
    26
    27
    23
    20
    25
    17
    18
    23
    13
    8
    24
    25
    14
    17
    20
    8
    16
    10
    17
    22
    11
    10
    12
    13
    623
    573
    455
    445
    377
    368
    315
    325
    298
    256
    272
    266
    239
    233
    213
    210
    193
    180
    192
    189
    173
    147
    140
    147
    133
    148
    124
    128
    130
    108
    95
    122
    99
    88
    76
    101
    98
    82
    86
    77
    62
    71
    74
    68
    62
    52
    57
    70
    55
    43
    42
    49
    48
    37
    39
    41
    42
    42
    55
    36
    37
    32
    35
    46
    37
    29
    19
    27
    45
    31
    23
    36
    36
    28
    22
    22
    17
    24
    28
    25
    19
    22
    15
    23
    23
    20
    24
    15
    10
    16
    18
    15
    16
    15
    18
    18
    11
    12
    11
    11
    599
    518
    501
    424
    404
    351
    369
    345
    297
    290
    277
    257
    241
    229
    191
    217
    203
    195
    178
    195
    153
    138
    154
    137
    130
    132
    139
    119
    114
    124
    116
    108
    83
    83
    89
    92
    80
    83
    75
    69
    56
    59
    73
    68
    71
    69
    66
    75
    71
    52
    53
    43
    50
    50
    39
    48
    42
    51
    38
    40
    35
    38
    37
    32
    31
    28
    30
    43
    33
    33
    29
    33
    22
    32
    20
    31
    19
    35
    23
    26
    23
    24
    26
    27
    16
    13
    9
    17
    26
    25
    20
    20
    19
    15
    21
    10
    14
    14
    16
    15
    637
    579
    482
    430
    407
    411
    349
    347
    292
    283
    291
    259
    248
    234
    206
    208
    195
    192
    201
    169
    178
    175
    173
    147
    137
    121
    136
    115
    119
    113
    85
    96
    93
    95
    93
    96
    86
    95
    91
    92
    72
    71
    68
    69
    70
    56
    64
    53
    67
    51
    40
    47
    51
    59
    48
    47
    36
    40
    45
    32
    41
    36
    34
    37
    37
    28
    31
    28
    29
    25
    29
    27
    32
    23
    35
    24
    24
    23
    24
    23
    20
    16
    15
    16
    24
    17
    15
    18
    20
    19
    24
    13
    17
    17
    18
    17
    16
    15
    17
    14
    632
    539
    502
    438
    415
    367
    350
    318
    319
    304
    292
    239
    240
    240
    215
    221
    215
    186
    220
    191
    148
    164
    152
    150
    156
    140
    145
    104
    107
    107
    112
    95
    90
    110
    102
    88
    80
    82
    88
    68
    72
    86
    58
    71
    68
    49
    47
    45
    63
    68
    61
    50
    48
    54
    46
    44
    49
    33
    41
    28
    43
    40
    35
    35
    38
    30
    35
    32
    29
    30
    24
    18
    23
    20
    23
    23
    17
    15
    31
    29
    24
    23
    27
    20
    24
    21
    18
    17
    19
    22
    18
    16
    12
    13
    18
    22
    14
    14
    13
    11
    600
    553
    479
    429
    421
    366
    338
    308
    290
    280
    294
    288
    238
    242
    226
    231
    193
    181
    173
    184
    183
    161
    147
    136
    138
    120
    101
    110
    109
    114
    105
    109
    109
    86
    79
    102
    114
    99
    67
    74
    89
    63
    81
    67
    59
    58
    50
    47
    61
    46
    51
    49
    46
    52
    48
    40
    41
    48
    35
    45
    35
    34
    38
    30
    33
    32
    31
    38
    33
    28
    32
    22
    29
    27
    25
    23
    22
    16
    19
    19
    16
    24
    21
    18
    11
    17
    25
    18
    17
    20
    14
    20
    25
    21
    15
    13
    14
    13
    15
    21
    588
    551
    495
    439
    365
    397
    313
    342
    299
    300
    258
    243
    261
    238
    224
    209
    210
    191
    163
    161
    182
    154
    152
    121
    138
    123
    109
    144
    101
    107
    100
    99
    99
    113
    94
    78
    84
    78
    86
    78
    61
    63
    81
    56
    66
    58
    66
    50
    55
    52
    49
    42
    63
    53
    46
    51
    44
    33
    43
    41
    38
    29
    36
    37
    28
    49
    28
    38
    28
    35
    33
    23
    25
    30
    30
    26
    13
    27
    19
    33
    19
    22
    23
    17
    21
    21
    20
    20
    18
    27
    13
    12
    16
    22
    10
    21
    14
    15
    6
    16
    578
    544
    482
    467
    397
    366
    347
    352
    289
    301
    260
    236
    238
    225
    215
    227
    194
    187
    176
    189
    143
    155
    157
    130
    118
    148
    133
    115
    124
    108
    98
    93
    95
    104
    112
    85
    83
    72
    79
    81
    71
    75
    52
    73
    60
    55
    52
    57
    39
    47
    49
    46
    52
    43
    56
    43
    38
    43
    34
    31
    44
    48
    40
    38
    35
    31
    35
    25
    23
    25
    22
    27
    27
    23
    30
    31
    21
    20
    22
    26
    18
    21
    18
    21
    22
    20
    18
    20
    21
    15
    12
    13
    23
    20
    23
    16
    15
    20
    14
    13
    627
    556
    502
    485
    411
    378
    353
    308
    300
    289
    287
    236
    245
    236
    200
    202
    202
    202
    184
    190
    177
    157
    148
    155
    142
    133
    145
    106
    127
    107
    104
    97
    105
    106
    100
    96
    87
    75
    82
    84
    56
    59
    74
    70
    73
    62
    46
    62
    51
    50
    52
    55
    46
    49
    39
    51
    41
    35
    33
    45
    37
    46
    34
    41
    31
    37
    33
    26
    26
    21
    19
    31
    34
    29
    24
    16
    26
    26
    20
    17
    15
    27
    28
    22
    13
    24
    13
    12
    22
    24
    14
    12
    14
    18
    20
    19
    6
    15
    9
    13
    608
    511
    479
    425
    395
    360
    345
    312
    307
    304
    281
    235
    250
    254
    218
    190
    221
    216
    167
    169
    171
    147
    148
    150
    143
    135
    130
    133
    109
    110
    103
    105
    122
    89
    106
    92
    95
    78
    73
    77
    85
    81
    64
    77
    55
    63
    71
    62
    50
    63
    50
    49
    60
    33
    47
    48
    50
    39
    36
    39
    29
    40
    35
    36
    27
    29
    28
    30
    25
    25
    38
    22
    20
    28
    28
    26
    25
    22
    21
    25
    16
    19
    26
    21
    21
    17
    19
    14
    18
    14
    12
    14
    13
    17
    10
    18
    7
    12
    14
    11
    619
    522
    510
    470
    390
    379
    361
    325
    305
    290
    259
    272
    263
    218
    220
    214
    185
    201
    175
    157
    170
    157
    157
    145
    170
    110
    150
    117
    84
    104
    110
    95
    104
    87
    88
    90
    81
    76
    82
    78
    63
    76
    67
    71
    54
    64
    55
    50
    77
    43
    57
    38
    46
    52
    30
    42
    37
    33
    41
    45
    30
    32
    34
    39
    34
    26
    22
    33
    33
    22
    31
    29
    24
    30
    29
    25
    28
    24
    23
    12
    21
    22
    14
    20
    12
    15
    15
    19
    26
    10
    17
    18
    12
    15
    14
    14
    15
    12
    19
    13
    584
    554
    486
    436
    416
    415
    336
    306
    282
    298
    283
    236
    236
    246
    208
    194
    211
    181
    183
    173
    146
    180
    158
    133
    143
    126
    129
    111
    116
    122
    115
    116
    100
    91
    93
    86
    94
    84
    75
    78
    68
    72
    61
    77
    43
    64
    56
    56
    57
    53
    52
    58
    53
    44
    46
    49
    48
    41
    22
    50
    36
    41
    32
    25
    34
    35
    28
    29
    40
    34
    27
    25
    27
    33
    28
    26
    24
    23
    23
    21
    24
    19
    21
    17
    20
    16
    25
    24
    15
    16
    15
    12
    20
    17
    8
    8
    8
    9
    12
    14
    601
    519
    484
    427
    372
    386
    334
    334
    310
    270
    293
    252
    250
    224
    218
    216
    195
    162
    181
    152
    170
    149
    137
    160
    133
    119
    136
    137
    99
    104
    99
    98
    123
    97
    88
    86
    68
    97
    71
    83
    64
    69
    60
    69
    59
    65
    63
    69
    62
    55
    53
    64
    44
    34
    33
    36
    33
    48
    40
    40
    30
    44
    49
    37
    32
    22
    30
    34
    26
    33
    25
    20
    30
    29
    19
    16
    34
    26
    24
    17
    13
    25
    16
    14
    10
    25
    19
    19
    19
    18
    17
    13
    17
    12
    17
    16
    19
    20
    11
    14
    596
    527
    487
    442
    385
    332
    333
    393
    335
    299
    264
    255
    237
    225
    216
    190
    186
    189
    169
    152
    167
    163
    145
    149
    143
    114
    117
    117
    114
    112
    91
    102
    99
    92
    76
    82
    68
    86
    76
    79
    76
    88
    43
    68
    59
    60
    64
    68
    65
    43
    51
    43
    39
    39
    46
    56
    31
    44
    40
    40
    45
    42
    27
    40
    26
    38
    18
    32
    24
    29
    27
    27
    26
    28
    24
    16
    13
    19
    23
    12
    19
    20
    19
    16
    22
    12
    15
    22
    14
    20
    20
    19
    17
    14
    17
    18
    18
    13
    18
    18
    591
    570
    483
    442
    396
    406
    386
    338
    289
    291
    236
    244
    257
    223
    211
    218
    207
    168
    178
    189
    165
    140
    151
    158
    154
    135
    123
    130
    119
    117
    101
    109
    111
    96
    90
    84
    74
    86
    73
    72
    76
    69
    75
    68
    67
    65
    55
    74
    49
    56
    50
    41
    42
    57
    41
    47
    42
    52
    33
    48
    45
    37
    46
    37
    23
    32
    41
    17
    25
    20
    21
    28
    15
    28
    26
    26
    19
    19
    19
    25
    27
    26
    24
    29
    24
    16
    19
    22
    24
    17
    15
    19
    16
    14
    20
    9
    15
    9
    18
    9
    586
    538
    462
    453
    435
    363
    357
    349
    298
    313
    290
    278
    243
    241
    246
    214
    201
    195
    179
    179
    152
    153
    141
    137
    132
    131
    114
    122
    117
    114
    106
    113
    96
    94
    95
    93
    80
    73
    75
    70
    97
    81
    67
    75
    63
    60
    73
    53
    47
    45
    56
    57
    45
    56
    43
    49
    53
    39
    36
    37
    41
    46
    33
    48
    33
    34
    38
    31
    40
    27
    25
    30
    25
    31
    22
    21
    30
    21
    19
    32
    28
    25
    31
    25
    19
    25
    18
    21
    16
    11
    16
    19
    10
    18
    15
    15
    14
    6
    6
    14
    609
    543
    498
    428
    424
    386
    334
    346
    297
    290
    277
    238
    239
    227
    203
    238
    216
    214
    162
    176
    163
    156
    162
    158
    132
    136
    130
    123
    112
    99
    100
    107
    121
    103
    87
    85
    88
    84
    77
    82
    70
    68
    71
    77
    70
    56
    61
    64
    59
    60
    61
    42
    52
    41
    40
    43
    47
    54
    36
    37
    43
    31
    33
    30
    32
    30
    30
    28
    32
    23
    31
    32
    22
    25
    27
    22
    27
    31
    22
    17
    24
    20
    14
    22
    24
    16
    14
    19
    19
    18
    23
    16
    15
    17
    12
    16
    27
    7
    10
    15
    583
    549
    470
    413
    420
    372
    364
    313
    304
    283
    255
    230
    252
    236
    200
    216
    175
    186
    200
    156
    164
    167
    148
    161
    126
    152
    134
    104
    128
    122
    117
    87
    106
    79
    99
    81
    90
    96
    77
    60
    68
    85
    72
    81
    65
    64
    58
    57
    59
    55
    52
    45
    46
    55
    43
    42
    49
    39
    46
    46
    37
    39
    37
    24
    32
    26
    27
    32
    32
    33
    22
    29
    34
    22
    27
    31
    26
    17
    19
    16
    17
    20
    24
    14
    17
    29
    17
    16
    16
    10
    17
    20
    13
    15
    10
    19
    20
    18
    9
    9
    598
    536
    469
    469
    409
    422
    364
    342
    318
    259
    272
    251
    217
    244
    239
    206
    182
    169
    177
    161
    159
    146
    150
    110
    139
    126
    112
    136
    121
    132
    107
    112
    102
    78
    92
    95
    93
    89
    75
    72
    74
    75
    70
    71
    84
    57
    60
    61
    59
    55
    60
    53
    49
    46
    65
    45
    60
    36
    48
    36
    45
    44
    36
    36
    38
    24
    33
    31
    31
    36
    38
    27
    24
    25
    18
    23
    13
    22
    17
    23
    19
    14
    22
    21
    28
    25
    16
    13
    20
    20
    24
    17
    14
    13
    11
    15
    7
    12
    16
    13
    596
    550
    522
    427
    393
    350
    354
    308
    300
    283
    260
    252
    232
    220
    221
    214
    202
    175
    197
    180
    171
    174
    168
    125
    136
    124
    125
    133
    119
    111
    109
    109
    108
    121
    78
    83
    83
    77
    67
    88
    79
    77
    74
    81
    74
    60
    58
    70
    44
    56
    59
    59
    35
    42
    47
    47
    63
    45
    30
    35
    48
    42
    47
    31
    33
    35
    34
    40
    35
    22
    30
    36
    36
    26
    25
    22
    26
    22
    19
    29
    23
    13
    22
    23
    15
    34
    20
    17
    18
    17
    13
    19
    18
    19
    17
    19
    18
    10
    16
    18
    634
    524
    477
    463
    396
    384
    383
    341
    294
    306
    297
    250
    245
    236
    231
    194
    181
    182
    178
    180
    138
    167
    140
    138
    130
    122
    125
    112
    111
    112
    87
    90
    107
    95
    89
    97
    86
    87
    62
    81
    76
    65
    54
    68
    66
    60
    65
    65
    54
    59
    50
    55
    50
    56
    55
    49
    42
    45
    42
    45
    30
    34
    37
    33
    21
    30
    22
    29
    34
    30
    40
    30
    25
    26
    23
    23
    21
    11
    17
    23
    28
    22
    19
    28
    16
    22
    37
    23
    24
    24
    17
    18
    13
    11
    17
    12
    13
    17
    12
    11
    600
    530
    513
    422
    422
    395
    341
    347
    284
    315
    273
    268
    219
    220
    202
    227
    213
    204
    187
    151
    148
    176
    144
    127
    128
    112
    136
    124
    120
    108
    117
    107
    89
    93
    103
    76
    85
    85
    94
    68
    71
    66
    65
    70
    57
    48
    61
    60
    58
    42
    44
    48
    52
    51
    42
    53
    52
    46
    25
    36
    29
    30
    35
    36
    30
    37
    24
    31
    29
    24
    34
    30
    21
    19
    31
    27
    26
    24
    32
    27
    22
    23
    25
    21
    23
    16
    18
    17
    15
    16
    21
    16
    12
    11
    18
    19
    14
    16
    17
    9
    597
    570
    474
    453
    377
    417
    297
    338
    315
    313
    273
    263
    216
    243
    207
    199
    213
    197
    202
    188
    168
    135
    169
    152
    138
    134
    140
    131
    117
    122
    128
    104
    101
    93
    100
    104
    81
    86
    77
    57
    66
    70
    69
    75
    58
    63
    74
    51
    45
    44
    63
    55
    35
    41
    49
    45
    44
    67
    52
    43
    43
    43
    37
    33
    45
    28
    28
    20
    22
    33
    32
    32
    32
    24
    18
    20
    23
    21
    11
    25
    12
    27
    20
    14
    21
    10
    22
    21
    16
    25
    11
    13
    8
    25
    16
    10
    15
    17
    15
    15

Data:
    0
    0
    0
    0
    0
    0
    0
    0
    0
    0
    0
    0
    0
    0
    0
    0
    0
    0
    0
    0
    0
    0
    0
    0
    0
    0
    0
    0
    0
    0
    0
    0
    0
    0
    0
    0
    0
    0
    0
    0
    0
    0
    0
    0
    0
    0
    0
    0
    0
    0
    0
    0
    0
    0
    0
    0
    0
    0
    0
    0
    0
    0
    0
    0
    0
    0
    0
    0
    0
    0
    0
    0
    0
    0
    0
    0
    0
    0
    0
    0
    0
    0
    0
    0
    0
    0
    0
    0
    0
    0
    0
    0
    0
    0
    0
    0
    0
    0
    0
    0
    0
    0
    0
    0
    0
    0
    0
    0
    0
    0
    0
    0
    0
    0
    0
    0
    0
    0
    0
    0
    0
    0
    0
    0
    0
    0
    0
    0
    0
    0
    0
    0
    0
    0
    0
    0
    0
    0
    0
    0
    0
    0
    0
    0
    0
    0
    0
    0
    0
    0
    0
    0
    0
    0
    0
    0
    0
    0
    0
    0
    0
    0
    0
    0
    0
    0
    0
    0
    0
    0
    0
    0
    0
    0
    0
    0
    0
    0
    0
    0
    0
    0
    0
    0
    0
    0
    0
    0
    0
    0
    0
    0
    0
    0
    0
    0
    0
    0
    0
    0
    0
    0
    0
    0
    0
    0
    0
    0
    0
    0
    0
    0
    0
    0
    0
    0
    0
    0
    0
    0
    0
    0
    0
    0
    0
    0
    0
    0
    0
    0
    0
    0
    0
    0
    0
    0
    0
    0
    0
    0
    0
    0
    0
    0
    0
    0
    0
    0
    0
    0
    0
    0
    0
    0
    0
    0
    0
    0
    0
    0
    0
    0
    0
    0
    0
    0
    0
    0
    0
    0
    0
    0
    0
    0
    0
    0
    0
    0
    0
    0
    0
    0
    0
    0
    0
    0
    0
    0
    0
    0
    0
    0
    0
    0
    0
    0
    0
    0
    0
    0
    0
    0
    0
    0
    0
    0
    0
    0
    0
    0
    0
    0
    0
    0
    0
    0
    0
    0
    0
    0
    0
    0
    0
    0
    0
    0
    0
    0
    0
    0
    0
    0
    0
    0
    0
    0
    0
    0
    0
    0
    0
    0
    0
    0
    0
    0
    0
    0
    0
    0
    0
    0
    0
    0
    0
    0
    0
    0
    0
    0
    0
    0
    0
    0
    0
    0
    0
    0
    0
    0
    0
    0
    0
    0
    0
    0
    0
    0
    0
    0
    0
    0
    0
    0
    0
    0
    0
    0
    0
    0
    0
    0
    0
    0
    0
    0
    0
    0
    0
    0
    0
    0
    0
    0
    0
    0
    0
    0
    0
    0
    0
    0
    0
    0
    0
    0
    0
    0
    0
    0
    0
    0
    0
    0
    0
    0
    0
    0
    0
    0
    0
    0
    0
    0
    0
    0
    0
    0
    0
    0
    0
    0
    0
    0
    0
    0
    0
    0
    0
    0
    0
    0
    0
    0
    0
    0
    0
    0
    0
    0
    0
    0
    0
    0
    0
    0
    0
    0
    0
    0
    0
    0
    0
    0
    0
    0
    0
    0
    0
    0
    0
    0
    0
    0
    0
    0
    0
    0
    0
    0
    0
    0
    0
    0
    0
    0
    0
    0
    0
    0
    0
    0
    0
    0
    0
    0
    0
    0
    0
    0
    0
    0
    0
    0
    0
    0
    0
    0
    0
    0
    0
    0
    0
    0
    0
    0
    0
    0
    0
    0
    0
    0
    0
    0
    0
    0
    0
    0
    0
    0
    0
    0
    0
    0
    0
    0
    0
    0
    0
    0
    0
    0
    0
    0
    0
    0
    0
    0
    0
    0
    0
    0
    0
    0
    0
    0
    0
    0
    0
    0
    0
    0
    0
    0
    0
    0
    0
    0
    0
    0
    0
    0
    0
    0
    0
    0
    0
    0
    0
    0
    0
    0
    0
    0
    0
    0
    0
    0
    0
    0
    0
    0
    0
    0
    0
    0
    0
    0
    0
    0
    0
    0
    0
    0
    0
    0
    0
    0
    0
    0
    0
    0
    0
    0
    0
    0
    0
    0
    0
    0
    0
    0
    0
    0
    0
    0
    0
    0
    0
    0
    0
    0
    0
    0
    0
    0
    0
    0
    0
    0
    0
    0
    0
    0
    0
    0
    0
    0
    0
    0
    0
    0
    0
    0
    0
    0
    0
    0
    0
    0
    0
    0
    0
    0
    0
    0
    0
    0
    0
    0
    0
    0
    0
    0
    0
    0
    0
    0
    0
    0
    0
    0
    0
    0
    0
    0
    0
    0
    0
    0
    0
    0
    0
    0
    0
    0
    0
    0
    0
    0
    0
    0
    0
    0
    0
    0
    0
    0
    0
    0
    0
    0
    0
    0
    0
    0
    0
    0
    0
    0
    0
    0
    0
    0
    0
    0
    0
    0
    0
    0
    0
    0
    0
    0
    0
    0
    0
    0
    0
    0
    0
    0
    0
    0
    0
    0
    0
    0
    0
    0
    0
    0
    0
    0
    0
    0
    0
    0
    0
    0
    0
    0
    0
    0
    0
    0
    0
    0
    0
    0
    0
    0
    0
    0
    0
    0
    0
    0
    0
    0
    0
    0
    0
    0
    0
    0
    0
    0
    0
    0
    0
    0
    0
    0
    0
    0
    0
    0
    0
    0
    0
    0
    0
    0
    0
    0
    0
    0
    0
    0
    0
    0
    0
    0
    0
    0
    0
    0
    0
    0
    0
    0
    0
    0
    0
    0
    0
    0
    0
    0
    0
    0
    0
    0
    0
    0
    0
    0
    0
    0
    0
    0
    0
    0
    0
    0
    0
    0
    0
    0
    0
    0
    0
    0
    0
    0
    0
    0
    0
    0
    0
    0
    0
    0
    0
    0
    0
    0
    0
    0
    0
    0
    0
    0
    0
    0
    0
    0
    0
    0
    0
    0
    0
    0
    0
    0
    0
    0
    0
    0
    0
    0
    0
    0
    0
    0
    0
    0
    0
    0
    0
    0
    0
    0
    0
    0
    0
    0
    0
    0
    0
    0
    0
    0
    0
    0
    0
    0
    0
    0
    0
    0
    0
    0
    0
    0
    0
    0
    0
    0
    0
    0
    0
    0
    0
    0
    0
    0
    0
    0
    0
    0
    0
    0
    0
    0
    0
    0
    0
    0
    0
    0
    0
    0
    0
    0
    0
    0
    0
    0
    0
    0
    0
    0
    0
    0
    0
    0
    0
    0
    0
    0
    0
    0
    0
    0
    0
    0
    0
    0
    0
    0
    0
    0
    0
    0
    0
    0
    0
    0
    0
    0
    0
    0
    0
    0
    0
    0
    0
    0
    0
    0
    0
    0
    0
    0
    0
    0
    0
    0
    0
    0
    0
    0
    0
    0
    0
    0
    0
    0
    0
    0
    0
    0
    0
    0
    0
    0
    0
    0
    0
    0
    0
    0
    0
    0
    0
    0
    0
    0
    0
    0
    0
    0
    0
    0
    0
    0
    0
    0
    0
    0
    0
    0
    0
    0
    0
    0
    0
    0
    0
    0
    0
    0
    0
    0
    0
    0
    0
    0
    0
    0
    0
    0
    0
    0
    0
    0
    0
    0
    0
    0
    0
    0
    0
    0
    0
    0
    0
    0
    0
    0
    0
    0
    0
    0
    0
    0
    0
    0
    0
    0
    0
    0
    0
    0
    0
    0
    0
    0
    0
    0
    0
    0
    0
    0
    0
    0
    0
    0
    0
    0
    0
    0
    0
    0
    0
    0
    0
    0
    0
    0
    0
    0
    0
    0
    0
    0
    0
    0
    0
    0
    0
    0
    0
    0
    0
    0
    0
    0
    0
    0
    0
    0
    0
    0
    0
    0
    0
    0
    0
    0
    0
    0
    0
    0
    0
    0
    0
    0
    0
    0
    0
    0
    0
    0
    0
    0
    0
    0
    0
    0
    0
    0
    0
    0
    0
    0
    0
    0
    0
    0
    0
    0
    0
    0
    0
    0
    0
    0
    0
    0
    0
    0
    0
    0
    0
    0
    0
    0
    0
    0
    0
    0
    0
    0
    0
    0
    0
    0
    0
    0
    0
    0
    0
    0
    0
    0
    0
    0
    0
    0
    0
    0
    0
    0
    0
    0
    0
    0
    0
    0
    0
    0
    0
    0
    0
    0
    0
    0
    0
    0
    0
    0
    0
    0
    0
    0
    0
    0
    0
    0
    0
    0
    0
    0
    0
    0
    0
    0
    0
    0
    0
    0
    0
    0
    0
    0
    0
    0
    0
    0
    0
    0
    0
    0
    0
    0
    0
    0
    0
    0
    0
    0
    0
    0
    0
    0
    0
    0
    0
    0
    0
    0
    0
    0
    0
    0
    0
    0
    0
    0
    0
    0
    0
    0
    0
    0
    0
    0
    0
    0
    0
    0
    0
    0
    0
    0
    0
    0
    0
    0
    0
    0
    0
    0
    0
    0
    0
    0
    0
    0
    0
    0
    0
    0
    0
    0
    0
    0
    0
    0
    0
    0
    0
    0
    0
    0
    0
    0
    0
    0
    0
    0
    0
    0
    0
    0
    0
    0
    0
    0
    0
    0
    0
    0
    0
    0
    0
    0
    0
    0
    0
    0
    0
    0
    0
    0
    0
    0
    0
    0
    0
    0
    0
    0
    0
    0
    0
    0
    0
    0
    0
    0
    0
    0
    0
    0
    0
    0
    0
    0
    0
    0
    0
    0
    0
    0
    0
    0
    0
    0
    0
    0
    0
    0
    0
    0
    0
    0
    0
    0
    0
    0
    0
    0
    0
    0
    0
    0
    0
    0
    0
    0
    0
    0
    0
    0
    0
    0
    0
    0
    0
    0
    0
    0
    0
    0
    0
    0
    0
    0
    0
    0
    0
    0
    0
    0
    0
    0
    0
    0
    0
    0
    0
    0
    0
    0
    0
    0
    0
    0
    0
    0
    0
    0
    0
    0
    0
    0
    0
    0
    0
    0
    0
    0
    0
    0
    0
    0
    0
    0
    0
    0
    0
    0
    0
    0
    0
    0
    0
    0
    0
    0
    0
    0
    0
    0
    0
    0
    0
    0
    0
    0
    0
    0
    0
    0
    0
    0
    0
    0
    0
    0
    0
    0
    0
    0
    0
    0
    0
    0
    0
    0
    0
    0
    0
    0
    0
    0
    0
    0
    0
    0
    0
    0
    0
    0
    0
    0
    0
    0
    0
    0
    0
    0
    0
    0
    0
    0
    0
    0
    0
    0
    0
    0
    0
    0
    0
    0
    0
    0
    0
    0
    0
    0
    0
    0
    0
    0
    0
    0
    0
    0
    0
    0
    0
    0
    0
    0
    0
    0
    0
    0
    0
    0
    0
    0
    0
    0
    0
    0
    0
    0
    0
    0
    0
    0
    0
    0
    0
    0
    0
    0
    0
    0
    0
    0
    0
    0
    0
    0
    0
    0
    0
    0
    0
    0
    0
    0
    0
    0
    0
    0
    0
    0
    0
    0
    0
    0
    0
    0
    0
    0
    0
    0
    0
    0
    0
    0
    0
    0
    0
    0
    0
    0
    0
    0
    0
    0
    0
    0
    0
    0
    0
    0
    0
    0
    0
    0
    0
    0
    0
    0
    0
    0
    0
    0
    0
    0
    0
    0
    0
    0
    0
    0
    0
    0
    0
    0
    0
    0
    0
    0
    0
    0
    0
    0
    0
    0
    0
    0
    0
    0
    0
    0
    0
    0
    0
    0
    0
    0
    0
    0
    0
    0
    0
    0
    0
    0
    0
    0
    0
    0
    0
    0
    0
    0
    0
    0
    0
    0
    0
    0
    0
    0
    0
    0
    0
    0
    0
    0
    0
    0
    0
    0
    0
    0
    0
    0
    0
    0
    0
    0
    0
    0
    0
    0
    0
    0
    0
    0
    0
    0
    0
    0
    0
    0
    0
    0
    0
    0
    0
    0
    0
    0
    0
    0
    0
    0
    0
    0
    0
    0
    0
    0
    0
    0
    0
    0
    0
    0
    0
    0
    0
    0
    0
    0
    0
    0
    0
    0
    0
    0
    0
    0
    0
    0
    0
    0
    0
    0
    0
    0
    0
    0
    0
    0
    0
    0
    0
    0
    0
    0
    0
    0
    0
    0
    0
    0
    0
    0
    0
    0
    0
    0
    0
    0
    0
    0
    0
    0
    0
    0
    0
    0
    0
    0
    0
    0
    0
    0
    0
    0
    0
    0
    0
    0
    0
    0
    0
    0
    0
    0
    0
    0
    0
    0
    0
    0
    0
    0
    0
    0
    0
    0
    0
    0
    0
    0
    0
    0
    0
    0
    0
    0
    0
    0
    0
    0
    0
    0
    0
    0
    0
    0
    0
    0
    0
    0
    0
    0
    0
    0
    0
    0
    0
    0
    0
    0
    0
    0
    0
    0
    0
    0
    0
    0
    0
    0
    0
    0
    0
    0
    0
    0
    0
    0
    0
    0
    0
    0
    0
    0
    0
    0
    0
    0
    0
    0
    0
    0
    0
    0
    0
    0
    0
    0
    0
    0
    0
    0
    0
    0
    0
    0
    0
    0
    0
    0
    0
    0
    0
    0
    0
    0
    0
    0
    0
    0
    0
    0
    0
    0
    0
    0
    0
    0
    0
    0
    0
    0
    0
    0
    0
    0
    0
    0
    0
    0
    0
    0
    0
    0
    0
    0
    0
    0
    0
    0
    0
    0
    0
    0
    0
    0
    0
    0
    0
    0
    0
    0
    0
    0
    0
    0
    0
    0
    0
    0
    0
    0
    0
    0
    0
    0
    0
    0
    0
    0
    0
    0
    0
    0
    0
    0
    0
    0
    0
    0
    0
    0
    0
    0
    0
    0
    0
    0
    0
    0
    0
    0
    0
    0
    0
    0
    0
    0
    0
    0
    0
    0
    0
    0
    0
    0
    0
    0
    0
    0
    0
    0
    0
    0
    0
    0
    0
    0
    0
    0
    0
    0
    0
    0
    0
    0
    0
    0
    0
    0
    0
    0
    0
    0
    0
    0
    0
    0
    0
    0
    0
    0
    0
    0
    0
    0
    0
    0
    0
    0
    0
    0
    0
    0
    0
    0
    0
    0
    0
    0
    0
    0
    0
    0
    0
    0
    0
    0
    0
    0
    0
    0
    0
    0
    0
    0
    0
    0
    0
    0
    0
    0
    0
    0
    0
    0
    0
    0
    0
    0
    0
    0
    0
    0
    0
    0
    0
    0
    0
    0
    0
    0
    0
    0
    0
    0
    0
    0
    0
    0
    0
    0
    0
    0
    0
    0
    0
    0
    0
    0
    0
    0
    0
    0
    0
    0
    0
    0
    0
    0
    0
    0
    0
    0
    0
    0
    0
    0
    0
    0
    0
    0
    0
    0
    0
    0
    0
    0
    0
    0
    0
    0
    0
    0
    0
    0
    0
    0
    0
    0
    0
    0
    0
    0
    0
    0
    0
    0
    0
    0
    0
    0
    0
    0
    0
    0
    0
    0
    0
    0
    0
    0
    0
    0
    0
    0
    0
    0
    0
    0
    0
    0
    0
    0
    0
    0
    0
    0
    0
    0
    0
    0
    0
    0
    0
    0
    0
    0
    0
    0
    0
    0
    0
    0
    0
    0
    0
    0
    0
    0
    0
    0
    0
    0
    0
    0
    0
    0
    0
    0
    0
    0
    0
    0
    0
    0
    0
    0
    0
    0
    0
    0
    0
    0
    0
    0
    0
    0
    0
    0
    0
    0
    0
    0
    0
    0
    0
    0
    0
    0
    0
    0
    0
    0
    0
    0
    0
    0
    0
    0
    0
    0
    0
    0
    0
    0
    0
    0
    0
    0
    0
    0
    0
    0
    0
    0
    0
    0
    0
    0
    0
    0
    0
    0
    0
    0
    0
    0
    0
    0
    0
    0
    0
    0
    0
    0
    0
    0
    0
    0
    0
    0
    0
    0
    0
    0
    0
    0
    0
    0
    0
    0
    0
    0
    0
    0
    0
    0
    0
    0
    0
    0
    0
    0
    0
    0
    0
    0
    0
    0
    0
    0
    0
    0
    0
    0
    0
    0
    0
    0
    0
    0
    0
    0
    0
    0
    0
    0
    0
    0
    0
    0
    0
    0
    0
    0
    0
    0
    0
    0
    0
    0
    0
    0
    0
    0
    0
    0
    0
    0
    0
    0
    0
    0
    0
    0
    0
    0
    0
    0
    0
    0
    0
    0
    0
    0
    0
    0
    0
    0
    0
    0
    0
    0
    0
    0
    0
    0
    0
    0
    0
    0
    0
    0
    0
    0
    0
    0
    0
    0
    0
    0
    0
    0
    0
    0
    0
    0
    0
    0
    0
    0
    0
    0
    0
    0
    0
    0
    0
    0
    0
    0
    0
    0
    0
    0
    0
    0
    0
    0
    0
    0
    0
    0
    0
    0
    0
    0
    0
    0
    0
    0
    0
    0
    0
    0
    0
    0
    0
    0
    0
    0
    0
    0
    0
    0
    0
    0
    0
    0
    0
    0
    0
    0
    0
    0
    0
    0
    0
    0
    0
    0
    0
    0
    0
    0
    0
    0
    0
    0
    0
    0
    0
    0
    0
    0
    0
    0
    0
    0
    0
    0
    0
    0
    0
    0
    0
    0
    0
    0
    0
    0
    0
    0
    0
    0
    0
    0
    0
    0
    0
    0
    0
    0
    0
    0
    0
    0
    0
    0
    0
    0
    0
    0
    0
    0
    0
    0
    0
    0
    0
    0
    0
    0
    0
    0
    0
    0
    0
    0
    0
    0
    0
    0
    0
    0
    0
    0
    0
    0
    0
    0
    0
    0
    0
    0
    0
    0
    0
    0
    0
    0
    0
    0
    0
    0
    0
    0
    0
    0
    0
    0
    0
    0
    0
    0
    0
    0
    0
    0
    0
    0
    0
    0
    0
    0
    0
    0
    0
    0
    0
    0
    0
    0
    0
    0
    0
    0
    0
    0
    0
    0
    0
    0
    0
    0
    0
    0
    0
    0
    0
    0
    0
    0
    0
    0
    0
    0
    0
    0
    0
    0
    0
    0
    0
    0
    0
    0
    0
    0
    0
    0
    0
    0
    0
    0
    0
    0
    0
    0
    0
    0
    0
    0
    0
    0
    0
    0
    0
    0
    0
    0
    0
    0
    0
    0
    0
    0
    0
    0
    0
    0
    0
    0
    0
    0
    0
    0
    0
    0
    0
    0
    0
    0
    0
    0
    0
    0
    0
    0
    0
    0
    0
    0
    0
    0
    0
    0
    0
    0
    0
    0
    0
    0
    0
    0
    0
    0
    0
    0
    0
    0
    0
    0
    0
    0
    0
    0
    0
    0
    0
    0
    0
    0
    0
    0
    0
    0
    0
    0
    0
    0
    0
    0
    0
    0
    0
    0
    0
    0
    0
    0
    0
    0
    0
    0
    0
    0
    0
    0
    0
    0
    0
    0
    0
    0
    0
    0
    0
    0
    0
    0
    0
    0
    0
    0
    0
    0
    0
    0
    0
    0
    0
    0
    0
    0
    0
    0
    0
    0
    0
    0
    0
    0
    0
    0
    0
    0
    0
    0
    0
    0
    0
    0
    0
    0
    0
    0
    0
    0
    0
    0
    0
    0
    0
    0
    0
    0
    0
    0
    0
    0
    0
    0
    0
    0
    0
    0
    0
    0
    0
    0
    0
    0
    0
    0
    0
    0
    0
    0
    0
    0
    0
    0
    0
    0
    0
    0
    0
    0
    0
    0
    0
    0
    0
    0
    0
    0
    0
    0
    0
    0
    0
    0
    0
    0
    0
    0
    0
    0
    0
    0
    0
    0
    0
    0
    0
    0
    0
    0
    0
    0
    0
    0
    0
    0
    0
    0
    0
    0
    0
    0
    0
    0
    0
    0
    0
    0
    0
    0
    0
    0
    0
    0
    0
    0
    0
    0
    0
    0
    0
    0
    0
    0
    0
    0
    0
    0
    0
    0
    0
    0
    0
    0
    0
    0
    0
    0
    0
    0
    0
    0
    0
    0
    0
    0
    0
    0
    0
    0
    0
    0
    0
    0
    0
    0
    0
    0
    0
    0
    0
    0
    0
    0
    0
    0
    0
    0
    0
    0
    0
    0
    0
    0
    0
    0
    0
    0
    0
    0
    0
    0
    0
    0
    0
    0
    0
    0
    0
    0
    0
    0
    0
    0
    0
    0
    0
    0
    0
    0
    0
    0
    0
    0
    0
    0
    0
    0
    0
    0
    0
    0
    0
    0
    0
    0
    0
    0
    0
    0
    0
    0
    0
    0
    0
    0
    0
    0
    0
    0
    0
    0
    0
    0
    0
    0
    0
    0
    0
    0
    0
    0
    0
    0
    0
    0
    0
    0
    0
    0
    0
    0
    0
    0
    0
    0
    0
    0
    0
    0
    0
    0
    0
    0
    0
    0
    0
    0
    0
    0
    0
    0
    0
    0
    0
    0
    0
    0
    0
    0
    0
    0
    0
    0
    0
    0
    0
    0
    0
    0
    0
    0
    0
    0
    0
    0
    0
    0
    0
    0
    0
    0
    0
    0
    0
    0
    0
    0
    0
    0
    0
    0
    0
    0
    0
    0
    0
    0
    0
    0
    0
    0
    0
    0
    0
    0
    0
    0
    0
    0
    0
    0
    0
    0
    0
    0
    0
    0
    0
    0
    0
    0
    0
    0
    0
    0
    0
    0
    0
    0
    0
    0
    0
    0
    0
    0
    0
    0
    0
    0
    0
    0
    0
    0
    0
    0
    0
    0
    0
    0
    0
    0
    0
    0
    0
    0
    0
    0
    0
    0
    0
    0
    0
    0
    0
    0
    0
    0
    0
    0
    0
    0
    0
    0
    0
    0
    0
    0
    0
    0
    0
    0
    0
    0
    0
    0
    0
    0
    0
    0
    0
    0
    0
    0
    0
    0
    0
    0
    0
    0
    0
    0
    0
    0
    0
    0
    0
    0
    0
    0
    0
    0
    0
    0
    0
    0
    0
    0
    0
    0
    0
    0
    0
    0
    0
    0
    0
    0
    0
    0
    0
    0
    0
    0
    0
    0
    0
    0
    0
    0
    0
    0
    0
    0
    0
    0
    0
    0
    0
    0
    0
    0
    0
    0
    0
    0
    0
    0
    0
    0
    0
    0
    0
    0
    0
    0
    0
    0
    0
    0
    0
    0
    0
    0
    0
    0
    0
    0
    0
    0
    0
    0
    0
    0
    0
    0
    0
    0
    0
    0
    0
    0
    0
    0
    0
    0
    0
    0
    0
    0
    0
    0
    0
    0
    0
    0
    0
    0
    0
    0
    0
    0
    0
    0
    0
    0
    0
    0
    0
    0
    0
    0
    0
    0
    0
    0
    0
    0
    0
    0
    0
    0
    0
    0
    0
    0
    0
    0
    0
    0
    0
    0
    0
    0
    0
    0
    0
    0
    0
    0
    0
    0
    0
    0
    0
    0
    0
    0
    0
    0
    0
    0
    0
    0
    0
    0
    0
    0
    0
    0
    0
    0
    0
    0
    0
    0
    0
    0
    0
    0
    0
    0
    0
    0
    0
    0
    0
    0
    0
    0
    0
    0
    0
    0
    0
    0
    0
    0
    0
    0
    0
    0
    0
    0
    0
    0
    0
    0
    0
    0
    0
    0
    0
    0
    0
    0
    0
    0
    0
    0
    0
    0
    0
    0
    0
    0
    0
    0
    0
    0
    0
    0
    0
    0
    0
    0
    0
    0
    0
    0
    0
    0
    0
    0
    0
    0
    0
    0
    0
    0
    0
    0
    0
    0
    0
    0
    0
    0
    0
    0
    0
    0
    0
    0
    0
    0
    0
    0
    0
    0
    0
    0
    0
    0
    0
    0
    0
    0
    0
    0
    0
    0
    0
    0
    0
    0
    0
    0
    0
    0
    0
    0
    0
    0
    0
    0
    0
    0
    0
    0
    0
    0
    0
    0
    0
    0
    0
    0
    0
    0
    0
    0
    0
    0
    0
    0
    0
    0
    0
    0
    0
    0
    0
    0
    0
    0
    0
    0
    0
    0
    0
    0
    0
    0
    0
    0
    0
    0
    0
    0
    0
    0
    0
    0
    0
    0
    0
    0
    0
    0
    0
    0
    0
    0
    0
    0
    0
    0
    0
    0
    0
    0
    0
    0
    0
    0
    0
    0
    0
    0
    0
    0
    0
    0
    0
    0
    0
    0
    0
    0
    0
    0
    0
    0
    0
    0
    0
    0
    0
    0
    0
    0
    0
    0
    0
    0
    0
    0
    0
    0
    0
    0
    0
    0
    0
    0
    0
    0
    0
    0
    0
    0
    0
    0
    0
    0
    0
    0
    0
    0
    0
    0
    0
    0
    0
    0
    0
    0
    0
    0
    0
    0
    0
    0
    0
    0
    0
    0
    0
    0
    0
    0
    0
    0
    0
    0
    0
    0
    0
    0
    0
    0
    0
    0
    0
    0
    0
    0
    0
    0
    0
    0
    0
    0
    0
    0
    0
    0
    0
    0
    0
    0
    0
    0
    0
    0
    0
    0
    0
    0
    0
    0
    0
    0
    0
    0
    0
    0
    0
    0
    0
    0
    0
    0
    0
    0
    0
    0
    0
    0
    0
    0
    0
    0
    0
    0
    0
    0
    0
    0
    0
    0
    0
    0
    0
    0
    0
    0
    0
    0
    0
    0
    0
    0
    0
    0
    0
    0
    0
    0
    0
    0
    0
    0
    0
    0
    0
    0
    0
    0
    0
    0
    0
    0
    0
    0
    0
    0
    0
    0
    0
    0
    0
    0
    0
    0
    0
    0
    0
    0
    0
    0
    0
    0
    0
    0
    0
    0
    0
    0
    0
    0
    0
    0
    0
    0
    0
    0
    0
    0
    0
    0
    0
    0
    0
    0
    0
    0
    0
    0
    0
    0
    0
    0
    0
    0
    0
    0
    0
    0
    0
    0
    0
    0
    0
    0
    0
    0
    0
    0
    0
    0
    0
    0
    0
    0
    0
    0
    0
    0
    0
    0
    0
    0
    0
    0
    0
    0
    0
    0
    0
    0
    0
    0
    0
    0
    0
    0
    0
    0
    0
    0
    0
    0
    0
    0
    0
    0
    0
    0
    0
    0
    0
    0
    0
    0
    0
    0
    0
    0
    0
    0
    0
    0
    0
    0
    0
    0
    0
    0
    0
    0
    0
    0
    0
    0
    0
    0
    0
    0
    0
    0
    0
    0
    0
    0
    0
    0
    0
    0
    0
    0
    0
    0
    0
    0
    0
    0
    0
    0
    0
    0
    0
    0
    0
    0
    0
    0
    0
    0
    0
    0
    0
    0
    0
    0
    0
    0
    0
    0
    0
    0
    0
    0
    0
    0
    0
    0
    0
    0
    0
    0
    0
    0
    0
    0
    0
    0
    0
    0
    0
    0
    0
    0
    0
    0
    0
    0
    0
    0
    0
    0
    0
    0
    0
    0
    0
    0
    0
    0
    0
    0
    0
    0
    0
    0
    0
    0
    0
    0
    0
    0
    0
    0
    0
    0
    0
    0
    0
    0
    0
    0
    0
    0
    0
    0
    0
    0
    0
    0
    0
    0
    0
    0
    0
    0
    0
    0
    0
    0
    0
    0
    0
    0
    0
    0
    0
    0
    0
    0
    0
    0
    0
    0
    0
    0
    0
    0
    0
    0
    0
    0
    0
    0
    0
    0
    0
    0
    0
    0
    0
    0
    0
    0
    0
    0
    0
    0
    0
    0
    0
    0
    0
    0
    0
    0
    0
    0
    0
    0
    0
    0
    0
    0
    0
    0
    0
    0
    0
    0
    0
    0
    0
    0
    0
    0
    0
    0
    0
    0
    0
    0
    0
    0
    0
    0
    0
    0
    0
    0
    0
    0
    0
    0
    0
    0
    0
    0
    0
    0
    0
    0
    0
    0
    0
    0
    0
    0
    0
    0
    0
    0
    0
    0
    0
    0
    0
    0
    0
    0
    0
    0
    0
    0
    0
    0
    0
    0
    0
    0
    0
    0
    0
    0
    0
    0
    0
    0
    0
    0
    0
    0
    0
    0
    0
    0
    0
    0
    0
    0
    0
    0
    0
    0
    0
    0
    0
    0
    0
    0
    0
    0
    0
    0
    0
    0
    0
    0
    0
    0
    0
    0
    0
    0
    0
    0
    0
    0
    0
    0
    0
    0
    0
    0
    0
    0
    0
    0
    0
    0
    0
    0
    0
    0
    0
    0
    0
    0
    0
    0
    0
    0
    0
    0
    0
    0
    0
    0
    0
    0
    0
    0
    0
    0
    0
    0
    0
    0
    0
    0
    0
    0
    0
    0
    0
    0
    0
    0
    0
    0
    0
    0
    0
    0
    0
    0
    0
    0
    0
    0
    0
    0
    0
    0
    0
    0
    0
    0
    0
    0
    0
    0
    0
    0
    0
    0
    0
    0
    0
    0
    0
    0
    0
    0
    0
    0
    0
    0
    0
    0
    0
    0
    0
    0
    0
    0
    0
    0
    0
    0
    0
    0
    0
    0
    0
    0
    0
    0
    0
    0
    0
    0
    0
    0
    0
    0
    0
    0
    0
    0
    0
    0
    0
    0
    0
    0
    0
    0
    0
    0
    0
    0
    0
    0
    0
    0
    0
    0
    0
    0
    0
    0
    0
    0
    0
    0
    0
    0
    0
    0
    0
    0
    0
    0
    0
    0
    0
    0
    0
    0
    0
    0
    0
    0
    0
    0
    0
    0
    0
    0
    0
    0
    0
    0
    0
    0
    0
    0
    0
    0
    0
    0
    0
    0
    0
    0
    0
    0
    0
    0
    0
    0
    0
    0
    0
    0
    0
    0
    0
    0
    0
    0
    0
    0
    0
    0
    0
    0
    0
    0
    0
    0
    0
    0
    0
    0
    0
    0
    0
    0
    0
    0
    0
    0
    0
    0
    0
    0
    0
    0
    0
    0
    0
    0
    0
    0
    0
    0
    0
    0
    0
    0
    0
    0
    0
    0
    0
    0
    0
    0
    0
    0
    0
    0
    0
    0
    0
    0
    0
    0
    0
    0
    0
    0
    0
    0
    0
    0
    0
    0
    0
    0
    0
    0
    0
    0
    0
    0
    0
    0
    0
    0
    0
    0
    0
    0
    0
    0
    0
    0
    0
    0
    0
    0
    0
    0
    0
    0
    0
    0
    0
    0
    0
    0
    0
    0
    0
    0
    0
    0
    0
    0
    0
    0
    0
    0
    0
    0
    0
    0
    0
    0
    0
    0
    0
    0
    0
    0
    0
    0
    0
    0
    0
    0
    0
    0
    0
    0
    0
    0
    0
    0
    0
    0
    0
    0
    0
    0
    0
    0
    0
    0
    0
    0
    0
    0
    0
    0
    0
    0
    0
    0
    0
    0
    0
    0
    0
    0
    0
    0
    0
    0
    0
    0
    0
    0
    0
    0
    0
    0
    0
    0
    0
    0
    0
    0
    0
    0
    0
    0
    0
    0
    0
    0
    0
    0
    0
    0
    0
    0
    0
    0
    0
    0
    0
    0
    0
    0
    0
    0
    0
    0
    0
    0
    0
    0
    0
    0
    0
    0
    0
    0
    0
    0
    0
    0
    0
    0
    0
    0
    0
    0
    0
    0
    0
    0
    0
    0
    0
    0
    0
    0
    0
    0
    0
    0
    0
    0
    0
    0
    0
    0
    0
    0
    0
    0
    0
    0
    0
    0
    0
    0
    0
    0
    0
    0
    0
    0
    0
    0
    0
    0
    0
    0
    0
    0
    0
    0
    0
    0
    0
    0
    0
    0
    0
    0
    0
    0
    0
    0
    0
    0
    0
    0
    0
    0
    0
    0
    0
    0
    0
    0
    0
    0
    0
    0
    0
    0
    0
    0
    0
    0
    0
    0
    0
    0
    0
    0
    0
    0
    0
    0
    0
    0
    0
    0
    0
    0
    0
    0
    0
    0
    0
    0
    0
    0
    0
    0
    0
    0
    0
    0
    0
    0
    0
    0
    0
    0
    0
    0
    0
    0
    0
    0
    0
    0
    0
    0
    0
    0
    0
    0
    0
    0
    0
    0
    0
    0
    0
    0
    0
    0
    0
    0
    0
    0
    0
    0
    0
    0
    0
    0
    0
    0
    0
    0
    0
    0
    0
    0
    0
    0
    0
    0
    0
    0
    0
    0
    0
    0
    0
    0
    0
    0
    0
    0
    0
    0
    0
    0
    0
    0
    0
    0
    0
    0
    0
    0
    0
    0
    0
    0
    0
    0
    0
    0
    0
    0
    0
    0
    0
    0
    0
    0
    0
    0
    0
    0
    0
    0
    0
    0
    0
    0
    0
    0
    0
    0
    0
    0
    0
    0
    0
    0
    0
    0
    0
    0
    0
    0
    0
    0
    0
    0
    0
    0
    0
    0
    0
    0
    0
    0
    0
    0
    0
    0
    0
    0
    0
    0
    0
    0
    0
    0
    0
    0
    0
    0
    0
    0
    0
    0
    0
    0
    0
    0
    0
    0
    0
    0
    0
    0
    0
    0
    0
    0
    0
    0
    0
    0
    0
    0
    0
    0
    0
    0
    0
    0
    0
    0
    0
    0
    0
    0
    0
    0
    0
    0
    0
    0
    0
    0
    0
    0
    0
    0
    0
    0
    0
    0
