Project Info:
    ACQ Time: 2019- 9-24  11:21:29: 745 .
    Project: ltj左侧足三里左旁开（足三里涂红药水30min）
    Name: 
    Part:  
    Operator:  
    Desc.:  
    Sample Data Acquired.

ACQ Parameters:
    Excited Peroid(ms): 50
    Excited Time(ms): 10
    Acq Delay Time(us): 10
    Gate Time(ms): 20
    Count Num per gate: 100
    Repeat Times: 50
    Acq Gate Times: 1
    Interval per Gate(us): 100
    Channel Number: 2

Data:
    289
    226
    175
    149
    153
    120
    120
    112
    97
    99
    91
    77
    79
    70
    69
    58
    66
    44
    51
    54
    47
    47
    47
    43
    37
    39
    38
    21
    33
    30
    31
    29
    26
    34
    24
    22
    19
    20
    19
    22
    14
    9
    16
    17
    13
    12
    17
    14
    16
    12
    15
    11
    10
    14
    10
    6
    10
    8
    11
    7
    9
    10
    13
    7
    12
    8
    6
    2
    9
    17
    11
    8
    5
    4
    5
    5
    2
    3
    9
    4
    4
    3
    6
    2
    4
    4
    7
    4
    5
    3
    7
    3
    2
    3
    6
    4
    4
    3
    1
    3
    269
    217
    210
    154
    126
    143
    135
    114
    84
    90
    105
    82
    61
    61
    80
    57
    65
    63
    47
    52
    38
    43
    49
    33
    29
    41
    33
    29
    37
    37
    34
    24
    25
    26
    21
    31
    29
    14
    27
    15
    20
    15
    18
    28
    13
    12
    11
    23
    12
    22
    20
    15
    10
    11
    12
    11
    10
    11
    7
    12
    10
    8
    8
    8
    7
    6
    3
    7
    3
    4
    4
    4
    4
    6
    8
    13
    6
    6
    5
    7
    3
    5
    4
    5
    3
    3
    5
    2
    3
    2
    8
    3
    4
    5
    6
    0
    3
    3
    4
    2
    267
    218
    193
    163
    152
    114
    107
    101
    108
    101
    99
    79
    69
    60
    67
    72
    73
    60
    62
    61
    46
    55
    44
    42
    32
    37
    33
    20
    37
    36
    27
    22
    31
    22
    28
    18
    16
    28
    22
    30
    16
    19
    16
    18
    18
    14
    16
    10
    9
    13
    7
    12
    14
    15
    12
    11
    12
    16
    8
    6
    9
    8
    5
    7
    7
    10
    8
    9
    9
    8
    5
    5
    11
    4
    9
    5
    4
    8
    5
    7
    3
    6
    1
    6
    2
    2
    4
    0
    5
    5
    2
    2
    3
    0
    6
    5
    6
    3
    2
    1
    240
    213
    209
    169
    137
    117
    119
    124
    105
    90
    94
    98
    87
    84
    59
    60
    61
    46
    57
    49
    46
    52
    45
    41
    37
    42
    30
    34
    32
    32
    23
    36
    23
    30
    20
    21
    25
    19
    17
    23
    22
    21
    19
    17
    22
    16
    20
    19
    23
    11
    8
    8
    4
    11
    18
    5
    7
    11
    13
    11
    10
    13
    8
    11
    13
    6
    6
    8
    7
    5
    8
    3
    6
    6
    4
    3
    7
    13
    6
    6
    5
    5
    6
    9
    3
    2
    3
    4
    6
    1
    3
    3
    3
    4
    6
    5
    8
    2
    5
    1
    261
    213
    196
    153
    158
    127
    118
    108
    104
    87
    106
    75
    80
    73
    81
    63
    78
    68
    52
    54
    56
    51
    44
    56
    36
    37
    32
    31
    26
    41
    23
    19
    30
    31
    23
    25
    25
    13
    16
    19
    20
    23
    16
    19
    20
    18
    12
    18
    13
    10
    10
    13
    13
    14
    7
    15
    9
    11
    9
    10
    10
    11
    9
    9
    12
    8
    6
    7
    3
    7
    9
    6
    5
    10
    10
    7
    12
    4
    2
    6
    7
    3
    2
    4
    5
    8
    5
    5
    3
    0
    2
    3
    6
    2
    2
    3
    7
    2
    2
    3
    252
    217
    197
    178
    139
    140
    128
    104
    124
    99
    94
    82
    82
    86
    74
    52
    74
    68
    49
    55
    45
    43
    54
    46
    44
    31
    30
    31
    25
    38
    19
    43
    34
    28
    29
    19
    24
    28
    15
    24
    20
    17
    14
    12
    15
    14
    11
    12
    18
    12
    19
    12
    16
    10
    16
    15
    10
    9
    7
    8
    19
    6
    9
    11
    10
    12
    6
    6
    10
    7
    5
    6
    8
    13
    6
    7
    3
    11
    9
    4
    3
    6
    6
    5
    6
    6
    3
    0
    1
    3
    0
    4
    2
    4
    4
    4
    5
    3
    1
    1
    272
    205
    206
    157
    139
    135
    116
    93
    119
    103
    88
    84
    94
    76
    59
    65
    74
    63
    53
    55
    37
    42
    52
    53
    28
    45
    32
    38
    35
    34
    31
    25
    33
    22
    29
    28
    18
    17
    26
    28
    18
    12
    22
    15
    18
    20
    15
    13
    21
    14
    22
    12
    18
    19
    11
    11
    9
    7
    6
    13
    11
    9
    13
    9
    8
    5
    9
    10
    7
    8
    7
    7
    2
    6
    5
    9
    9
    5
    5
    4
    2
    8
    5
    5
    4
    6
    4
    4
    4
    5
    4
    2
    5
    5
    5
    4
    1
    8
    4
    6
    231
    252
    168
    168
    138
    126
    131
    124
    108
    104
    98
    100
    87
    78
    60
    82
    63
    66
    55
    54
    53
    59
    44
    40
    60
    36
    41
    30
    31
    33
    30
    23
    26
    21
    34
    30
    23
    27
    18
    21
    22
    17
    27
    16
    23
    24
    15
    16
    19
    15
    15
    14
    8
    15
    14
    14
    12
    9
    8
    15
    10
    7
    12
    11
    14
    4
    9
    4
    12
    5
    6
    13
    5
    6
    5
    2
    3
    4
    3
    5
    11
    5
    3
    3
    12
    8
    1
    3
    4
    2
    2
    5
    2
    2
    2
    2
    4
    3
    3
    1
    299
    230
    187
    154
    134
    173
    124
    112
    103
    98
    77
    69
    75
    73
    71
    68
    70
    57
    62
    61
    37
    40
    42
    40
    34
    32
    35
    54
    34
    37
    44
    22
    26
    14
    24
    27
    26
    27
    20
    22
    28
    19
    17
    20
    18
    15
    14
    15
    15
    11
    16
    16
    6
    11
    10
    7
    17
    7
    12
    11
    3
    9
    12
    6
    11
    7
    6
    7
    9
    10
    8
    5
    7
    11
    5
    6
    3
    5
    6
    4
    4
    4
    4
    3
    3
    5
    5
    8
    3
    4
    4
    5
    1
    5
    5
    7
    6
    3
    4
    3
    260
    221
    181
    147
    167
    139
    110
    122
    121
    111
    101
    75
    89
    85
    72
    71
    52
    55
    57
    61
    53
    47
    34
    42
    42
    32
    42
    38
    22
    28
    36
    19
    27
    29
    24
    30
    19
    21
    21
    23
    20
    15
    19
    21
    19
    16
    12
    19
    12
    13
    18
    12
    15
    12
    10
    13
    11
    9
    13
    11
    6
    13
    12
    3
    14
    8
    12
    5
    9
    5
    3
    14
    5
    6
    2
    9
    5
    6
    3
    9
    5
    5
    2
    3
    4
    3
    3
    3
    6
    3
    2
    2
    5
    3
    5
    4
    4
    1
    2
    4
    239
    231
    209
    176
    138
    115
    130
    112
    99
    97
    79
    91
    84
    69
    69
    79
    53
    63
    52
    65
    57
    45
    56
    42
    35
    40
    36
    40
    29
    34
    35
    26
    22
    29
    31
    24
    21
    35
    21
    23
    27
    17
    26
    19
    17
    21
    18
    22
    10
    15
    21
    12
    12
    16
    9
    10
    10
    12
    17
    14
    5
    8
    10
    7
    8
    8
    3
    11
    10
    7
    8
    8
    8
    4
    10
    5
    7
    4
    2
    3
    6
    5
    5
    2
    2
    2
    1
    2
    2
    4
    3
    2
    4
    1
    5
    4
    2
    3
    2
    3
    277
    212
    199
    154
    155
    132
    110
    97
    96
    99
    83
    88
    84
    69
    50
    73
    57
    66
    54
    51
    44
    41
    60
    30
    39
    44
    37
    37
    33
    32
    38
    27
    22
    26
    25
    27
    26
    27
    16
    25
    22
    30
    17
    15
    12
    16
    9
    16
    11
    15
    16
    15
    13
    12
    16
    9
    15
    7
    13
    12
    9
    8
    4
    9
    7
    14
    10
    3
    5
    7
    11
    8
    7
    10
    7
    6
    2
    6
    10
    6
    4
    6
    5
    8
    5
    3
    8
    5
    6
    5
    5
    3
    7
    5
    6
    2
    2
    5
    3
    2
    273
    229
    196
    147
    172
    125
    103
    124
    101
    83
    100
    89
    89
    81
    66
    95
    56
    68
    61
    69
    54
    69
    50
    39
    44
    28
    48
    42
    34
    36
    28
    30
    25
    26
    21
    27
    29
    24
    29
    15
    17
    22
    25
    25
    23
    14
    16
    13
    21
    13
    13
    8
    13
    16
    11
    13
    13
    10
    13
    9
    15
    7
    9
    8
    11
    9
    8
    6
    8
    5
    10
    13
    9
    2
    7
    6
    5
    7
    6
    7
    4
    7
    6
    7
    7
    4
    2
    5
    5
    6
    6
    5
    1
    7
    3
    3
    7
    3
    2
    7
    251
    223
    206
    184
    135
    130
    124
    105
    126
    109
    85
    75
    77
    91
    78
    62
    68
    44
    50
    47
    48
    52
    44
    49
    38
    40
    32
    37
    36
    30
    34
    24
    31
    25
    28
    26
    27
    26
    18
    22
    17
    14
    15
    20
    16
    13
    14
    13
    15
    12
    12
    18
    11
    16
    10
    15
    7
    8
    4
    8
    8
    9
    12
    12
    10
    7
    10
    4
    12
    7
    5
    5
    8
    7
    6
    7
    6
    6
    5
    4
    5
    3
    4
    3
    2
    4
    5
    6
    4
    2
    3
    3
    5
    5
    4
    2
    3
    3
    1
    5
    273
    221
    213
    181
    151
    125
    124
    118
    116
    103
    97
    89
    84
    63
    78
    52
    66
    49
    52
    55
    41
    58
    58
    46
    30
    51
    42
    30
    41
    32
    38
    26
    28
    35
    32
    18
    25
    24
    26
    23
    19
    20
    12
    13
    19
    14
    14
    17
    20
    10
    14
    14
    14
    20
    10
    9
    10
    12
    10
    6
    10
    10
    5
    8
    9
    6
    9
    5
    5
    6
    9
    4
    6
    8
    4
    7
    3
    6
    0
    4
    6
    9
    4
    4
    5
    7
    3
    3
    6
    2
    6
    3
    9
    5
    7
    4
    7
    3
    4
    3
    217
    204
    195
    172
    145
    125
    109
    105
    81
    87
    78
    73
    74
    83
    65
    72
    62
    61
    54
    45
    41
    50
    39
    32
    44
    36
    33
    38
    34
    31
    26
    29
    27
    33
    22
    22
    17
    19
    27
    25
    17
    17
    20
    12
    13
    20
    15
    12
    12
    15
    16
    13
    13
    13
    18
    10
    20
    8
    9
    14
    10
    9
    12
    8
    12
    4
    6
    4
    4
    5
    6
    7
    9
    4
    3
    5
    9
    7
    4
    7
    7
    6
    0
    4
    5
    4
    5
    5
    3
    5
    0
    3
    3
    1
    5
    1
    5
    4
    4
    3
    262
    198
    192
    150
    157
    126
    131
    96
    100
    86
    89
    91
    84
    82
    68
    61
    70
    57
    64
    56
    45
    44
    44
    46
    50
    43
    38
    38
    29
    31
    26
    44
    29
    23
    25
    32
    28
    24
    18
    24
    18
    21
    21
    15
    19
    22
    8
    13
    7
    14
    22
    12
    10
    9
    10
    6
    12
    7
    10
    4
    9
    14
    10
    8
    7
    8
    7
    9
    7
    6
    6
    4
    7
    8
    10
    6
    10
    7
    2
    7
    10
    7
    5
    3
    8
    5
    6
    5
    7
    3
    4
    2
    4
    5
    6
    1
    3
    0
    2
    1
    282
    222
    178
    156
    168
    121
    124
    106
    112
    119
    105
    103
    80
    80
    56
    76
    56
    63
    55
    60
    44
    34
    35
    32
    44
    25
    34
    33
    31
    29
    34
    28
    26
    35
    12
    31
    31
    13
    24
    25
    28
    24
    18
    19
    14
    18
    17
    8
    16
    11
    16
    14
    10
    10
    11
    7
    13
    7
    11
    11
    7
    8
    2
    13
    6
    11
    10
    7
    7
    6
    8
    8
    6
    6
    4
    5
    5
    10
    4
    3
    10
    6
    5
    3
    4
    4
    4
    4
    3
    4
    3
    3
    2
    6
    6
    3
    7
    4
    5
    3
    238
    229
    190
    144
    160
    118
    124
    129
    107
    101
    87
    86
    76
    80
    60
    68
    60
    48
    52
    37
    52
    49
    40
    30
    47
    41
    41
    33
    37
    33
    38
    31
    32
    20
    32
    25
    26
    29
    18
    22
    19
    32
    20
    15
    14
    14
    18
    9
    17
    11
    9
    14
    19
    6
    8
    10
    11
    10
    8
    11
    8
    13
    5
    7
    8
    8
    10
    7
    5
    3
    12
    5
    7
    11
    11
    9
    6
    2
    8
    9
    5
    3
    4
    7
    2
    4
    3
    5
    4
    2
    1
    4
    3
    4
    4
    3
    2
    3
    2
    4
    251
    241
    210
    173
    158
    128
    137
    106
    115
    102
    83
    107
    82
    76
    85
    84
    67
    55
    66
    53
    48
    45
    50
    40
    40
    36
    26
    41
    39
    29
    35
    25
    32
    27
    22
    26
    33
    14
    18
    20
    19
    17
    16
    24
    19
    18
    13
    22
    18
    15
    13
    17
    10
    17
    9
    9
    17
    18
    11
    10
    13
    6
    7
    6
    9
    15
    12
    12
    8
    6
    6
    4
    5
    5
    5
    8
    3
    6
    3
    9
    10
    10
    4
    3
    7
    2
    5
    6
    2
    5
    5
    5
    3
    2
    4
    5
    5
    4
    3
    5
    284
    214
    175
    152
    159
    125
    107
    106
    98
    115
    91
    68
    92
    68
    60
    62
    80
    59
    61
    45
    56
    48
    48
    39
    42
    34
    45
    42
    31
    39
    25
    30
    28
    33
    30
    27
    14
    21
    22
    38
    29
    17
    21
    13
    14
    14
    20
    20
    14
    15
    9
    8
    14
    15
    12
    14
    9
    12
    12
    5
    10
    10
    7
    7
    9
    12
    11
    5
    6
    7
    13
    5
    9
    8
    6
    3
    8
    4
    5
    2
    5
    4
    6
    8
    4
    3
    6
    2
    2
    8
    8
    2
    4
    4
    2
    4
    1
    4
    5
    4
    260
    235
    182
    176
    157
    129
    117
    145
    109
    88
    90
    86
    69
    99
    66
    63
    52
    73
    56
    47
    57
    49
    38
    40
    37
    39
    40
    48
    40
    32
    29
    27
    29
    27
    30
    31
    18
    23
    25
    25
    21
    20
    19
    21
    15
    20
    21
    20
    11
    14
    17
    11
    14
    15
    18
    12
    9
    9
    9
    10
    14
    10
    10
    9
    8
    7
    5
    6
    5
    10
    10
    2
    9
    7
    12
    6
    6
    2
    8
    10
    6
    6
    5
    4
    1
    2
    3
    9
    3
    4
    3
    7
    7
    7
    3
    5
    4
    5
    2
    2
    264
    216
    219
    168
    159
    136
    111
    117
    104
    97
    88
    94
    83
    72
    78
    71
    61
    63
    71
    54
    55
    46
    41
    38
    42
    38
    37
    35
    36
    32
    33
    41
    25
    35
    18
    26
    23
    26
    24
    22
    31
    17
    18
    11
    11
    17
    17
    22
    17
    13
    9
    10
    21
    16
    14
    15
    16
    14
    9
    5
    10
    6
    5
    12
    6
    12
    9
    13
    7
    9
    5
    7
    6
    9
    5
    5
    4
    7
    6
    4
    8
    4
    6
    7
    4
    8
    3
    5
    2
    7
    4
    4
    3
    5
    9
    4
    2
    1
    5
    2
    260
    203
    197
    177
    152
    118
    131
    124
    93
    104
    97
    79
    79
    80
    81
    78
    73
    55
    63
    54
    55
    53
    70
    51
    43
    44
    35
    34
    33
    35
    33
    39
    32
    40
    32
    20
    24
    26
    31
    26
    20
    21
    27
    14
    25
    16
    16
    17
    16
    18
    14
    14
    18
    12
    16
    14
    15
    12
    14
    7
    16
    11
    13
    12
    8
    9
    7
    8
    6
    7
    13
    6
    6
    8
    5
    5
    5
    4
    2
    6
    2
    3
    8
    3
    10
    2
    4
    4
    2
    7
    8
    3
    2
    5
    2
    4
    5
    2
    3
    4
    291
    217
    166
    158
    159
    135
    130
    125
    103
    87
    88
    84
    96
    69
    70
    54
    46
    55
    57
    41
    51
    53
    37
    49
    42
    39
    44
    34
    45
    35
    32
    28
    27
    24
    31
    13
    25
    19
    18
    16
    23
    19
    15
    11
    19
    18
    16
    16
    10
    13
    12
    10
    9
    7
    10
    8
    11
    6
    9
    14
    11
    7
    6
    12
    16
    8
    5
    16
    7
    8
    5
    12
    6
    8
    7
    10
    4
    3
    5
    4
    9
    6
    5
    10
    4
    3
    6
    6
    4
    3
    3
    2
    2
    2
    2
    5
    4
    5
    1
    2
    259
    216
    216
    160
    145
    123
    113
    100
    131
    93
    97
    102
    93
    75
    72
    56
    71
    65
    66
    55
    44
    47
    52
    44
    36
    39
    43
    38
    30
    33
    36
    28
    33
    28
    21
    28
    27
    26
    18
    18
    27
    18
    15
    14
    29
    18
    15
    16
    17
    13
    15
    14
    16
    18
    9
    9
    12
    6
    18
    10
    15
    11
    11
    8
    10
    7
    6
    7
    5
    6
    8
    4
    9
    7
    6
    4
    8
    6
    9
    2
    6
    3
    1
    8
    5
    5
    4
    1
    3
    6
    2
    4
    4
    3
    3
    1
    8
    6
    3
    3
    264
    213
    212
    152
    137
    119
    131
    107
    99
    86
    77
    103
    84
    69
    71
    66
    72
    62
    56
    51
    36
    43
    45
    35
    44
    38
    39
    32
    38
    29
    44
    27
    28
    24
    18
    27
    20
    23
    21
    20
    15
    23
    19
    17
    17
    16
    9
    11
    10
    21
    12
    16
    15
    13
    14
    9
    9
    10
    8
    16
    7
    8
    10
    6
    12
    9
    6
    7
    9
    9
    8
    10
    9
    7
    6
    5
    6
    9
    9
    8
    4
    7
    7
    6
    2
    5
    1
    3
    3
    4
    5
    4
    4
    4
    3
    3
    3
    3
    0
    5
    277
    233
    185
    161
    134
    138
    134
    111
    104
    113
    76
    76
    72
    74
    74
    69
    74
    62
    55
    62
    47
    50
    42
    44
    45
    30
    40
    35
    38
    33
    33
    30
    34
    25
    27
    32
    22
    23
    18
    23
    22
    20
    20
    14
    9
    14
    13
    16
    12
    9
    24
    22
    20
    16
    11
    9
    11
    14
    9
    11
    13
    12
    11
    8
    5
    14
    13
    5
    9
    10
    7
    3
    8
    7
    4
    9
    8
    8
    4
    4
    4
    7
    6
    5
    11
    5
    8
    4
    0
    5
    4
    2
    3
    6
    3
    0
    3
    5
    2
    3
    273
    206
    195
    184
    144
    133
    144
    89
    87
    98
    82
    89
    93
    71
    81
    73
    65
    71
    57
    47
    49
    47
    59
    55
    41
    35
    45
    40
    33
    24
    41
    29
    25
    32
    15
    33
    29
    28
    21
    15
    8
    19
    9
    20
    16
    19
    20
    23
    17
    11
    17
    12
    19
    7
    11
    7
    9
    11
    10
    11
    11
    6
    5
    7
    7
    8
    9
    3
    8
    4
    7
    7
    8
    11
    4
    7
    3
    3
    6
    4
    3
    1
    4
    8
    3
    8
    1
    5
    3
    3
    3
    3
    0
    2
    3
    4
    3
    3
    3
    3
    271
    234
    221
    153
    161
    147
    114
    125
    91
    101
    79
    97
    92
    77
    63
    64
    84
    50
    56
    49
    45
    39
    45
    43
    44
    40
    43
    33
    38
    28
    32
    31
    28
    30
    32
    23
    24
    25
    14
    28
    19
    20
    20
    26
    12
    10
    21
    12
    15
    16
    8
    15
    15
    19
    11
    16
    16
    9
    8
    8
    3
    10
    11
    7
    10
    10
    10
    7
    7
    4
    7
    4
    4
    4
    6
    8
    6
    4
    4
    8
    4
    3
    4
    3
    2
    6
    7
    8
    3
    6
    9
    8
    9
    5
    1
    4
    2
    4
    3
    3
    264
    213
    194
    177
    164
    145
    118
    110
    95
    94
    81
    82
    74
    91
    70
    80
    50
    69
    62
    49
    56
    54
    48
    39
    37
    41
    26
    35
    46
    31
    28
    26
    30
    37
    34
    28
    34
    24
    22
    29
    31
    11
    24
    20
    20
    17
    10
    13
    20
    11
    11
    16
    14
    17
    12
    15
    18
    8
    12
    8
    9
    9
    10
    10
    10
    11
    10
    7
    8
    6
    3
    5
    6
    8
    6
    9
    6
    6
    6
    4
    7
    4
    2
    4
    2
    6
    8
    8
    6
    6
    2
    3
    3
    5
    4
    8
    2
    4
    4
    2
    259
    207
    188
    149
    154
    139
    136
    108
    93
    92
    85
    96
    71
    74
    61
    53
    63
    56
    53
    57
    44
    50
    37
    39
    37
    37
    40
    23
    24
    18
    36
    26
    21
    18
    26
    26
    22
    19
    24
    26
    20
    22
    13
    16
    17
    17
    11
    13
    18
    16
    11
    14
    15
    15
    14
    12
    14
    7
    4
    8
    9
    2
    6
    7
    8
    8
    14
    13
    4
    7
    13
    6
    7
    7
    9
    8
    5
    10
    4
    5
    6
    3
    2
    4
    4
    9
    4
    6
    7
    4
    5
    4
    2
    3
    3
    3
    1
    3
    4
    7
    242
    233
    204
    157
    153
    140
    134
    124
    105
    76
    88
    81
    102
    64
    60
    66
    60
    59
    52
    67
    50
    52
    53
    42
    45
    40
    51
    47
    28
    36
    30
    23
    29
    33
    18
    20
    33
    30
    25
    27
    28
    28
    16
    13
    21
    13
    12
    14
    11
    19
    12
    20
    7
    7
    8
    11
    8
    14
    19
    19
    9
    16
    7
    5
    9
    11
    7
    10
    10
    10
    5
    6
    9
    8
    8
    5
    10
    7
    5
    6
    4
    7
    6
    5
    6
    2
    5
    6
    6
    3
    8
    4
    4
    3
    2
    4
    7
    5
    3
    1
    239
    220
    206
    180
    133
    141
    115
    121
    112
    92
    105
    102
    66
    72
    59
    73
    65
    58
    55
    61
    50
    45
    51
    55
    38
    36
    42
    43
    33
    41
    27
    25
    35
    31
    28
    27
    34
    19
    23
    20
    21
    18
    17
    18
    14
    20
    14
    20
    20
    16
    14
    13
    12
    16
    17
    8
    8
    6
    9
    6
    11
    11
    7
    8
    13
    13
    11
    6
    4
    13
    6
    7
    7
    5
    5
    6
    10
    8
    8
    7
    5
    8
    7
    6
    5
    5
    4
    4
    4
    3
    3
    3
    3
    4
    6
    4
    5
    2
    7
    3
    249
    249
    177
    185
    131
    134
    129
    123
    112
    110
    87
    84
    76
    72
    84
    76
    71
    55
    54
    61
    62
    47
    46
    52
    34
    44
    41
    28
    38
    25
    30
    36
    35
    32
    20
    26
    21
    40
    23
    29
    24
    16
    16
    14
    16
    14
    10
    17
    16
    10
    18
    12
    18
    11
    16
    11
    9
    14
    9
    9
    8
    15
    17
    9
    6
    7
    3
    3
    8
    7
    8
    6
    6
    9
    8
    3
    6
    5
    9
    6
    3
    5
    2
    3
    3
    5
    5
    6
    4
    4
    5
    3
    3
    6
    3
    3
    6
    0
    2
    1
    307
    224
    200
    166
    141
    142
    107
    120
    115
    94
    87
    91
    88
    61
    58
    68
    53
    58
    56
    53
    63
    52
    50
    41
    39
    39
    43
    37
    36
    38
    30
    34
    34
    31
    37
    17
    27
    14
    21
    24
    12
    22
    19
    20
    21
    29
    21
    13
    17
    9
    14
    19
    13
    19
    20
    10
    11
    14
    14
    13
    13
    10
    8
    7
    6
    3
    10
    6
    7
    5
    5
    4
    4
    5
    10
    4
    7
    10
    7
    6
    4
    8
    7
    6
    2
    2
    6
    3
    0
    8
    4
    3
    5
    5
    4
    2
    2
    3
    2
    4
    253
    213
    185
    182
    155
    141
    138
    105
    100
    101
    103
    85
    76
    66
    63
    80
    77
    47
    54
    54
    49
    54
    44
    43
    48
    35
    30
    45
    49
    42
    27
    24
    29
    32
    39
    23
    14
    16
    27
    21
    25
    19
    17
    19
    17
    15
    16
    22
    13
    19
    9
    13
    14
    9
    14
    14
    11
    17
    21
    13
    14
    16
    7
    6
    8
    8
    11
    6
    6
    6
    5
    6
    3
    9
    7
    9
    7
    8
    6
    3
    6
    6
    7
    4
    4
    4
    3
    5
    6
    1
    8
    2
    8
    3
    2
    5
    5
    5
    2
    2
    312
    227
    199
    157
    148
    141
    125
    126
    100
    94
    74
    97
    76
    100
    79
    67
    63
    57
    45
    44
    55
    54
    40
    43
    42
    45
    50
    37
    36
    36
    33
    49
    30
    28
    29
    29
    26
    23
    34
    13
    23
    26
    17
    13
    14
    14
    24
    17
    17
    14
    16
    10
    15
    16
    10
    11
    14
    10
    14
    10
    6
    13
    13
    9
    12
    10
    9
    6
    8
    6
    4
    6
    6
    7
    5
    5
    4
    4
    6
    10
    5
    5
    5
    6
    4
    4
    3
    5
    5
    5
    3
    3
    9
    4
    2
    1
    4
    4
    3
    5
    267
    218
    188
    166
    144
    123
    121
    122
    112
    108
    107
    99
    88
    83
    68
    69
    76
    52
    66
    61
    33
    37
    45
    45
    44
    44
    46
    33
    36
    35
    36
    32
    26
    32
    27
    20
    37
    28
    25
    20
    15
    18
    15
    18
    20
    14
    14
    14
    16
    15
    17
    13
    8
    13
    14
    9
    9
    12
    8
    10
    9
    12
    9
    7
    4
    4
    6
    11
    9
    10
    9
    8
    13
    9
    13
    3
    9
    5
    6
    9
    6
    7
    11
    9
    5
    4
    3
    4
    6
    3
    6
    2
    2
    1
    3
    7
    4
    2
    3
    2
    244
    233
    169
    180
    159
    153
    123
    108
    115
    106
    93
    83
    75
    82
    100
    72
    50
    69
    59
    57
    58
    58
    53
    45
    52
    46
    34
    36
    40
    26
    30
    24
    37
    35
    25
    25
    23
    34
    32
    27
    23
    14
    18
    17
    16
    14
    20
    19
    17
    8
    14
    12
    16
    9
    12
    6
    11
    16
    10
    7
    10
    12
    1
    7
    5
    8
    8
    9
    7
    5
    10
    9
    6
    2
    9
    6
    7
    6
    3
    6
    10
    2
    6
    8
    6
    6
    2
    10
    5
    6
    6
    3
    6
    11
    2
    1
    2
    3
    7
    7
    265
    224
    177
    172
    162
    126
    134
    98
    106
    90
    90
    80
    80
    90
    85
    68
    56
    78
    62
    43
    63
    41
    42
    42
    35
    41
    42
    37
    31
    22
    26
    32
    20
    30
    32
    30
    26
    21
    22
    21
    19
    15
    17
    18
    16
    19
    13
    18
    12
    19
    15
    11
    7
    17
    12
    15
    14
    11
    12
    12
    5
    6
    9
    8
    12
    10
    6
    7
    9
    7
    10
    12
    8
    5
    8
    5
    8
    7
    7
    6
    3
    5
    8
    1
    4
    4
    5
    4
    5
    5
    4
    5
    4
    7
    5
    4
    1
    2
    2
    2
    266
    240
    186
    164
    161
    136
    116
    120
    100
    109
    102
    83
    86
    79
    70
    61
    59
    47
    42
    37
    55
    40
    35
    41
    43
    53
    37
    39
    28
    28
    31
    26
    20
    31
    26
    22
    35
    18
    19
    17
    21
    20
    17
    11
    16
    20
    22
    13
    17
    14
    22
    10
    18
    12
    14
    11
    8
    6
    6
    8
    15
    9
    5
    7
    5
    8
    4
    7
    1
    7
    6
    4
    7
    8
    7
    6
    4
    5
    5
    3
    7
    7
    4
    5
    4
    5
    5
    4
    2
    3
    3
    4
    4
    6
    5
    0
    3
    0
    1
    3
    277
    208
    177
    174
    133
    137
    131
    121
    91
    97
    102
    91
    91
    85
    76
    76
    67
    56
    84
    47
    52
    48
    45
    37
    48
    38
    32
    29
    31
    25
    34
    36
    36
    36
    34
    28
    25
    31
    27
    21
    27
    23
    26
    22
    17
    12
    8
    19
    13
    15
    13
    11
    15
    16
    10
    7
    14
    18
    7
    14
    6
    9
    5
    10
    7
    9
    7
    5
    6
    10
    7
    7
    8
    5
    5
    10
    4
    3
    6
    4
    4
    1
    7
    2
    7
    4
    1
    6
    3
    0
    1
    5
    8
    8
    6
    4
    4
    3
    4
    2
    261
    234
    186
    161
    175
    126
    116
    104
    103
    94
    105
    85
    79
    94
    62
    72
    66
    57
    63
    61
    46
    50
    36
    40
    46
    34
    39
    34
    26
    28
    27
    23
    23
    23
    21
    25
    23
    23
    19
    18
    20
    12
    22
    18
    15
    18
    16
    9
    19
    26
    15
    18
    15
    17
    11
    8
    16
    10
    12
    15
    20
    11
    5
    14
    8
    6
    4
    7
    5
    10
    4
    8
    5
    9
    11
    5
    8
    7
    3
    10
    7
    6
    2
    6
    7
    8
    5
    5
    2
    4
    6
    2
    4
    3
    6
    1
    7
    3
    3
    2
    275
    224
    205
    171
    172
    146
    120
    111
    116
    83
    90
    78
    76
    80
    70
    67
    68
    58
    57
    70
    78
    57
    51
    50
    46
    36
    39
    28
    40
    43
    37
    33
    22
    19
    20
    24
    23
    17
    23
    24
    24
    28
    29
    12
    21
    15
    17
    17
    12
    20
    12
    18
    11
    20
    12
    17
    14
    14
    10
    10
    10
    9
    9
    9
    5
    7
    7
    11
    11
    8
    7
    7
    5
    11
    5
    9
    5
    5
    14
    3
    5
    6
    2
    2
    4
    3
    6
    5
    5
    2
    4
    7
    4
    7
    5
    2
    4
    1
    3
    2
    277
    219
    195
    174
    157
    143
    127
    113
    100
    95
    93
    95
    88
    64
    76
    53
    73
    48
    52
    72
    46
    59
    49
    48
    49
    43
    32
    36
    32
    30
    30
    30
    22
    28
    38
    27
    16
    29
    17
    24
    22
    18
    20
    21
    13
    14
    14
    18
    14
    18
    17
    16
    16
    11
    13
    8
    10
    8
    9
    11
    9
    8
    14
    5
    4
    6
    12
    5
    8
    10
    3
    3
    8
    3
    5
    6
    7
    4
    5
    7
    6
    0
    6
    5
    4
    6
    4
    5
    3
    5
    1
    3
    5
    4
    4
    2
    5
    3
    8
    4
    264
    220
    218
    164
    159
    137
    141
    83
    95
    103
    81
    88
    68
    87
    63
    83
    58
    51
    53
    69
    56
    48
    63
    33
    56
    45
    33
    36
    27
    36
    32
    29
    26
    22
    32
    32
    26
    12
    21
    17
    21
    14
    16
    20
    16
    14
    15
    19
    17
    17
    11
    12
    6
    15
    10
    13
    7
    13
    16
    6
    9
    13
    6
    7
    8
    5
    5
    8
    8
    5
    5
    6
    10
    5
    6
    12
    1
    10
    5
    8
    5
    8
    1
    8
    1
    4
    7
    5
    4
    6
    5
    1
    6
    3
    4
    6
    3
    3
    3
    0
    241
    209
    194
    176
    177
    135
    107
    140
    111
    106
    88
    98
    81
    73
    81
    66
    49
    58
    61
    65
    52
    49
    56
    51
    36
    30
    34
    36
    35
    29
    40
    24
    24
    18
    27
    23
    25
    20
    25
    22
    27
    13
    26
    16
    20
    21
    9
    17
    25
    17
    16
    16
    17
    9
    17
    19
    6
    10
    11
    10
    6
    13
    5
    5
    2
    7
    7
    13
    7
    8
    3
    10
    9
    5
    6
    6
    7
    9
    8
    6
    5
    9
    1
    5
    3
    7
    9
    3
    5
    3
    3
    3
    5
    4
    4
    2
    5
    6
    4
    4
    275
    221
    179
    152
    156
    130
    150
    104
    106
    96
    88
    97
    68
    84
    62
    66
    69
    64
    60
    47
    50
    33
    42
    57
    35
    53
    42
    28
    31
    30
    47
    31
    38
    31
    29
    25
    30
    28
    22
    27
    20
    12
    14
    28
    14
    16
    15
    18
    18
    17
    13
    17
    12
    19
    8
    13
    16
    14
    6
    11
    13
    6
    5
    6
    8
    8
    11
    12
    9
    9
    4
    6
    13
    11
    6
    7
    3
    4
    10
    6
    5
    6
    4
    9
    6
    5
    3
    3
    6
    5
    3
    2
    6
    6
    2
    4
    2
    4
    8
    3
    278
    210
    196
    186
    148
    133
    117
    142
    101
    99
    77
    102
    75
    84
    69
    77
    63
    72
    51
    52
    62
    51
    56
    47
    36
    41
    41
    32
    43
    29
    32
    24
    24
    24
    24
    25
    26
    23
    24
    18
    28
    19
    11
    21
    21
    18
    22
    19
    16
    12
    14
    9
    15
    13
    7
    11
    12
    9
    7
    7
    6
    9
    8
    9
    8
    8
    5
    7
    8
    6
    6
    6
    9
    6
    6
    6
    5
    7
    7
    6
    5
    7
    5
    7
    2
    9
    5
    2
    7
    4
    2
    1
    3
    1
    2
    2
    9
    3
    4
    4

Data:
    0
    0
    0
    0
    0
    0
    0
    0
    0
    0
    0
    0
    0
    0
    0
    0
    0
    0
    0
    0
    0
    0
    0
    0
    0
    0
    0
    0
    0
    0
    0
    0
    0
    0
    0
    0
    0
    0
    0
    0
    0
    0
    0
    0
    0
    0
    0
    0
    0
    0
    0
    0
    0
    0
    0
    0
    0
    0
    0
    0
    0
    0
    0
    0
    0
    0
    0
    0
    0
    0
    0
    0
    0
    0
    0
    0
    0
    0
    0
    0
    0
    0
    0
    0
    0
    0
    0
    0
    0
    0
    0
    0
    0
    0
    0
    0
    0
    0
    0
    0
    0
    0
    0
    0
    0
    0
    0
    0
    0
    0
    0
    0
    0
    0
    0
    0
    0
    0
    0
    0
    0
    0
    0
    0
    0
    0
    0
    0
    0
    0
    0
    0
    0
    0
    0
    0
    0
    0
    0
    0
    0
    0
    0
    0
    0
    0
    0
    0
    0
    0
    0
    0
    0
    0
    0
    0
    0
    0
    0
    0
    0
    0
    0
    0
    0
    0
    0
    0
    0
    0
    0
    0
    0
    0
    0
    0
    0
    0
    0
    0
    0
    0
    0
    0
    0
    0
    0
    0
    0
    0
    0
    0
    0
    0
    0
    0
    0
    0
    0
    0
    0
    0
    0
    0
    0
    0
    0
    0
    0
    0
    0
    0
    0
    0
    0
    0
    0
    0
    0
    0
    0
    0
    0
    0
    0
    0
    0
    0
    0
    0
    0
    0
    0
    0
    0
    0
    0
    0
    0
    0
    0
    0
    0
    0
    0
    0
    0
    0
    0
    0
    0
    0
    0
    0
    0
    0
    0
    0
    0
    0
    0
    0
    0
    0
    0
    0
    0
    0
    0
    0
    0
    0
    0
    0
    0
    0
    0
    0
    0
    0
    0
    0
    0
    0
    0
    0
    0
    0
    0
    0
    0
    0
    0
    0
    0
    0
    0
    0
    0
    0
    0
    0
    0
    0
    0
    0
    0
    0
    0
    0
    0
    0
    0
    0
    0
    0
    0
    0
    0
    0
    0
    0
    0
    0
    0
    0
    0
    0
    0
    0
    0
    0
    0
    0
    0
    0
    0
    0
    0
    0
    0
    0
    0
    0
    0
    0
    0
    0
    0
    0
    0
    0
    0
    0
    0
    0
    0
    0
    0
    0
    0
    0
    0
    0
    0
    0
    0
    0
    0
    0
    0
    0
    0
    0
    0
    0
    0
    0
    0
    0
    0
    0
    0
    0
    0
    0
    0
    0
    0
    0
    0
    0
    0
    0
    0
    0
    0
    0
    0
    0
    0
    0
    0
    0
    0
    0
    0
    0
    0
    0
    0
    0
    0
    0
    0
    0
    0
    0
    0
    0
    0
    0
    0
    0
    0
    0
    0
    0
    0
    0
    0
    0
    0
    0
    0
    0
    0
    0
    0
    0
    0
    0
    0
    0
    0
    0
    0
    0
    0
    0
    0
    0
    0
    0
    0
    0
    0
    0
    0
    0
    0
    0
    0
    0
    0
    0
    0
    0
    0
    0
    0
    0
    0
    0
    0
    0
    0
    0
    0
    0
    0
    0
    0
    0
    0
    0
    0
    0
    0
    0
    0
    0
    0
    0
    0
    0
    0
    0
    0
    0
    0
    0
    0
    0
    0
    0
    0
    0
    0
    0
    0
    0
    0
    0
    0
    0
    0
    0
    0
    0
    0
    0
    0
    0
    0
    0
    0
    0
    0
    0
    0
    0
    0
    0
    0
    0
    0
    0
    0
    0
    0
    0
    0
    0
    0
    0
    0
    0
    0
    0
    0
    0
    0
    0
    0
    0
    0
    0
    0
    0
    0
    0
    0
    0
    0
    0
    0
    0
    0
    0
    0
    0
    0
    0
    0
    0
    0
    0
    0
    0
    0
    0
    0
    0
    0
    0
    0
    0
    0
    0
    0
    0
    0
    0
    0
    0
    0
    0
    0
    0
    0
    0
    0
    0
    0
    0
    0
    0
    0
    0
    0
    0
    0
    0
    0
    0
    0
    0
    0
    0
    0
    0
    0
    0
    0
    0
    0
    0
    0
    0
    0
    0
    0
    0
    0
    0
    0
    0
    0
    0
    0
    0
    0
    0
    0
    0
    0
    0
    0
    0
    0
    0
    0
    0
    0
    0
    0
    0
    0
    0
    0
    0
    0
    0
    0
    0
    0
    0
    0
    0
    0
    0
    0
    0
    0
    0
    0
    0
    0
    0
    0
    0
    0
    0
    0
    0
    0
    0
    0
    0
    0
    0
    0
    0
    0
    0
    0
    0
    0
    0
    0
    0
    0
    0
    0
    0
    0
    0
    0
    0
    0
    0
    0
    0
    0
    0
    0
    0
    0
    0
    0
    0
    0
    0
    0
    0
    0
    0
    0
    0
    0
    0
    0
    0
    0
    0
    0
    0
    0
    0
    0
    0
    0
    0
    0
    0
    0
    0
    0
    0
    0
    0
    0
    0
    0
    0
    0
    0
    0
    0
    0
    0
    0
    0
    0
    0
    0
    0
    0
    0
    0
    0
    0
    0
    0
    0
    0
    0
    0
    0
    0
    0
    0
    0
    0
    0
    0
    0
    0
    0
    0
    0
    0
    0
    0
    0
    0
    0
    0
    0
    0
    0
    0
    0
    0
    0
    0
    0
    0
    0
    0
    0
    0
    0
    0
    0
    0
    0
    0
    0
    0
    0
    0
    0
    0
    0
    0
    0
    0
    0
    0
    0
    0
    0
    0
    0
    0
    0
    0
    0
    0
    0
    0
    0
    0
    0
    0
    0
    0
    0
    0
    0
    0
    0
    0
    0
    0
    0
    0
    0
    0
    0
    0
    0
    0
    0
    0
    0
    0
    0
    0
    0
    0
    0
    0
    0
    0
    0
    0
    0
    0
    0
    0
    0
    0
    0
    0
    0
    0
    0
    0
    0
    0
    0
    0
    0
    0
    0
    0
    0
    0
    0
    0
    0
    0
    0
    0
    0
    0
    0
    0
    0
    0
    0
    0
    0
    0
    0
    0
    0
    0
    0
    0
    0
    0
    0
    0
    0
    0
    0
    0
    0
    0
    0
    0
    0
    0
    0
    0
    0
    0
    0
    0
    0
    0
    0
    0
    0
    0
    0
    0
    0
    0
    0
    0
    0
    0
    0
    0
    0
    0
    0
    0
    0
    0
    0
    0
    0
    0
    0
    0
    0
    0
    0
    0
    0
    0
    0
    0
    0
    0
    0
    0
    0
    0
    0
    0
    0
    0
    0
    0
    0
    0
    0
    0
    0
    0
    0
    0
    0
    0
    0
    0
    0
    0
    0
    0
    0
    0
    0
    0
    0
    0
    0
    0
    0
    0
    0
    0
    0
    0
    0
    0
    0
    0
    0
    0
    0
    0
    0
    0
    0
    0
    0
    0
    0
    0
    0
    0
    0
    0
    0
    0
    0
    0
    0
    0
    0
    0
    0
    0
    0
    0
    0
    0
    0
    0
    0
    0
    0
    0
    0
    0
    0
    0
    0
    0
    0
    0
    0
    0
    0
    0
    0
    0
    0
    0
    0
    0
    0
    0
    0
    0
    0
    0
    0
    0
    0
    0
    0
    0
    0
    0
    0
    0
    0
    0
    0
    0
    0
    0
    0
    0
    0
    0
    0
    0
    0
    0
    0
    0
    0
    0
    0
    0
    0
    0
    0
    0
    0
    0
    0
    0
    0
    0
    0
    0
    0
    0
    0
    0
    0
    0
    0
    0
    0
    0
    0
    0
    0
    0
    0
    0
    0
    0
    0
    0
    0
    0
    0
    0
    0
    0
    0
    0
    0
    0
    0
    0
    0
    0
    0
    0
    0
    0
    0
    0
    0
    0
    0
    0
    0
    0
    0
    0
    0
    0
    0
    0
    0
    0
    0
    0
    0
    0
    0
    0
    0
    0
    0
    0
    0
    0
    0
    0
    0
    0
    0
    0
    0
    0
    0
    0
    0
    0
    0
    0
    0
    0
    0
    0
    0
    0
    0
    0
    0
    0
    0
    0
    0
    0
    0
    0
    0
    0
    0
    0
    0
    0
    0
    0
    0
    0
    0
    0
    0
    0
    0
    0
    0
    0
    0
    0
    0
    0
    0
    0
    0
    0
    0
    0
    0
    0
    0
    0
    0
    0
    0
    0
    0
    0
    0
    0
    0
    0
    0
    0
    0
    0
    0
    0
    0
    0
    0
    0
    0
    0
    0
    0
    0
    0
    0
    0
    0
    0
    0
    0
    0
    0
    0
    0
    0
    0
    0
    0
    0
    0
    0
    0
    0
    0
    0
    0
    0
    0
    0
    0
    0
    0
    0
    0
    0
    0
    0
    0
    0
    0
    0
    0
    0
    0
    0
    0
    0
    0
    0
    0
    0
    0
    0
    0
    0
    0
    0
    0
    0
    0
    0
    0
    0
    0
    0
    0
    0
    0
    0
    0
    0
    0
    0
    0
    0
    0
    0
    0
    0
    0
    0
    0
    0
    0
    0
    0
    0
    0
    0
    0
    0
    0
    0
    0
    0
    0
    0
    0
    0
    0
    0
    0
    0
    0
    0
    0
    0
    0
    0
    0
    0
    0
    0
    0
    0
    0
    0
    0
    0
    0
    0
    0
    0
    0
    0
    0
    0
    0
    0
    0
    0
    0
    0
    0
    0
    0
    0
    0
    0
    0
    0
    0
    0
    0
    0
    0
    0
    0
    0
    0
    0
    0
    0
    0
    0
    0
    0
    0
    0
    0
    0
    0
    0
    0
    0
    0
    0
    0
    0
    0
    0
    0
    0
    0
    0
    0
    0
    0
    0
    0
    0
    0
    0
    0
    0
    0
    0
    0
    0
    0
    0
    0
    0
    0
    0
    0
    0
    0
    0
    0
    0
    0
    0
    0
    0
    0
    0
    0
    0
    0
    0
    0
    0
    0
    0
    0
    0
    0
    0
    0
    0
    0
    0
    0
    0
    0
    0
    0
    0
    0
    0
    0
    0
    0
    0
    0
    0
    0
    0
    0
    0
    0
    0
    0
    0
    0
    0
    0
    0
    0
    0
    0
    0
    0
    0
    0
    0
    0
    0
    0
    0
    0
    0
    0
    0
    0
    0
    0
    0
    0
    0
    0
    0
    0
    0
    0
    0
    0
    0
    0
    0
    0
    0
    0
    0
    0
    0
    0
    0
    0
    0
    0
    0
    0
    0
    0
    0
    0
    0
    0
    0
    0
    0
    0
    0
    0
    0
    0
    0
    0
    0
    0
    0
    0
    0
    0
    0
    0
    0
    0
    0
    0
    0
    0
    0
    0
    0
    0
    0
    0
    0
    0
    0
    0
    0
    0
    0
    0
    0
    0
    0
    0
    0
    0
    0
    0
    0
    0
    0
    0
    0
    0
    0
    0
    0
    0
    0
    0
    0
    0
    0
    0
    0
    0
    0
    0
    0
    0
    0
    0
    0
    0
    0
    0
    0
    0
    0
    0
    0
    0
    0
    0
    0
    0
    0
    0
    0
    0
    0
    0
    0
    0
    0
    0
    0
    0
    0
    0
    0
    0
    0
    0
    0
    0
    0
    0
    0
    0
    0
    0
    0
    0
    0
    0
    0
    0
    0
    0
    0
    0
    0
    0
    0
    0
    0
    0
    0
    0
    0
    0
    0
    0
    0
    0
    0
    0
    0
    0
    0
    0
    0
    0
    0
    0
    0
    0
    0
    0
    0
    0
    0
    0
    0
    0
    0
    0
    0
    0
    0
    0
    0
    0
    0
    0
    0
    0
    0
    0
    0
    0
    0
    0
    0
    0
    0
    0
    0
    0
    0
    0
    0
    0
    0
    0
    0
    0
    0
    0
    0
    0
    0
    0
    0
    0
    0
    0
    0
    0
    0
    0
    0
    0
    0
    0
    0
    0
    0
    0
    0
    0
    0
    0
    0
    0
    0
    0
    0
    0
    0
    0
    0
    0
    0
    0
    0
    0
    0
    0
    0
    0
    0
    0
    0
    0
    0
    0
    0
    0
    0
    0
    0
    0
    0
    0
    0
    0
    0
    0
    0
    0
    0
    0
    0
    0
    0
    0
    0
    0
    0
    0
    0
    0
    0
    0
    0
    0
    0
    0
    0
    0
    0
    0
    0
    0
    0
    0
    0
    0
    0
    0
    0
    0
    0
    0
    0
    0
    0
    0
    0
    0
    0
    0
    0
    0
    0
    0
    0
    0
    0
    0
    0
    0
    0
    0
    0
    0
    0
    0
    0
    0
    0
    0
    0
    0
    0
    0
    0
    0
    0
    0
    0
    0
    0
    0
    0
    0
    0
    0
    0
    0
    0
    0
    0
    0
    0
    0
    0
    0
    0
    0
    0
    0
    0
    0
    0
    0
    0
    0
    0
    0
    0
    0
    0
    0
    0
    0
    0
    0
    0
    0
    0
    0
    0
    0
    0
    0
    0
    0
    0
    0
    0
    0
    0
    0
    0
    0
    0
    0
    0
    0
    0
    0
    0
    0
    0
    0
    0
    0
    0
    0
    0
    0
    0
    0
    0
    0
    0
    0
    0
    0
    0
    0
    0
    0
    0
    0
    0
    0
    0
    0
    0
    0
    0
    0
    0
    0
    0
    0
    0
    0
    0
    0
    0
    0
    0
    0
    0
    0
    0
    0
    0
    0
    0
    0
    0
    0
    0
    0
    0
    0
    0
    0
    0
    0
    0
    0
    0
    0
    0
    0
    0
    0
    0
    0
    0
    0
    0
    0
    0
    0
    0
    0
    0
    0
    0
    0
    0
    0
    0
    0
    0
    0
    0
    0
    0
    0
    0
    0
    0
    0
    0
    0
    0
    0
    0
    0
    0
    0
    0
    0
    0
    0
    0
    0
    0
    0
    0
    0
    0
    0
    0
    0
    0
    0
    0
    0
    0
    0
    0
    0
    0
    0
    0
    0
    0
    0
    0
    0
    0
    0
    0
    0
    0
    0
    0
    0
    0
    0
    0
    0
    0
    0
    0
    0
    0
    0
    0
    0
    0
    0
    0
    0
    0
    0
    0
    0
    0
    0
    0
    0
    0
    0
    0
    0
    0
    0
    0
    0
    0
    0
    0
    0
    0
    0
    0
    0
    0
    0
    0
    0
    0
    0
    0
    0
    0
    0
    0
    0
    0
    0
    0
    0
    0
    0
    0
    0
    0
    0
    0
    0
    0
    0
    0
    0
    0
    0
    0
    0
    0
    0
    0
    0
    0
    0
    0
    0
    0
    0
    0
    0
    0
    0
    0
    0
    0
    0
    0
    0
    0
    0
    0
    0
    0
    0
    0
    0
    0
    0
    0
    0
    0
    0
    0
    0
    0
    0
    0
    0
    0
    0
    0
    0
    0
    0
    0
    0
    0
    0
    0
    0
    0
    0
    0
    0
    0
    0
    0
    0
    0
    0
    0
    0
    0
    0
    0
    0
    0
    0
    0
    0
    0
    0
    0
    0
    0
    0
    0
    0
    0
    0
    0
    0
    0
    0
    0
    0
    0
    0
    0
    0
    0
    0
    0
    0
    0
    0
    0
    0
    0
    0
    0
    0
    0
    0
    0
    0
    0
    0
    0
    0
    0
    0
    0
    0
    0
    0
    0
    0
    0
    0
    0
    0
    0
    0
    0
    0
    0
    0
    0
    0
    0
    0
    0
    0
    0
    0
    0
    0
    0
    0
    0
    0
    0
    0
    0
    0
    0
    0
    0
    0
    0
    0
    0
    0
    0
    0
    0
    0
    0
    0
    0
    0
    0
    0
    0
    0
    0
    0
    0
    0
    0
    0
    0
    0
    0
    0
    0
    0
    0
    0
    0
    0
    0
    0
    0
    0
    0
    0
    0
    0
    0
    0
    0
    0
    0
    0
    0
    0
    0
    0
    0
    0
    0
    0
    0
    0
    0
    0
    0
    0
    0
    0
    0
    0
    0
    0
    0
    0
    0
    0
    0
    0
    0
    0
    0
    0
    0
    0
    0
    0
    0
    0
    0
    0
    0
    0
    0
    0
    0
    0
    0
    0
    0
    0
    0
    0
    0
    0
    0
    0
    0
    0
    0
    0
    0
    0
    0
    0
    0
    0
    0
    0
    0
    0
    0
    0
    0
    0
    0
    0
    0
    0
    0
    0
    0
    0
    0
    0
    0
    0
    0
    0
    0
    0
    0
    0
    0
    0
    0
    0
    0
    0
    0
    0
    0
    0
    0
    0
    0
    0
    0
    0
    0
    0
    0
    0
    0
    0
    0
    0
    0
    0
    0
    0
    0
    0
    0
    0
    0
    0
    0
    0
    0
    0
    0
    0
    0
    0
    0
    0
    0
    0
    0
    0
    0
    0
    0
    0
    0
    0
    0
    0
    0
    0
    0
    0
    0
    0
    0
    0
    0
    0
    0
    0
    0
    0
    0
    0
    0
    0
    0
    0
    0
    0
    0
    0
    0
    0
    0
    0
    0
    0
    0
    0
    0
    0
    0
    0
    0
    0
    0
    0
    0
    0
    0
    0
    0
    0
    0
    0
    0
    0
    0
    0
    0
    0
    0
    0
    0
    0
    0
    0
    0
    0
    0
    0
    0
    0
    0
    0
    0
    0
    0
    0
    0
    0
    0
    0
    0
    0
    0
    0
    0
    0
    0
    0
    0
    0
    0
    0
    0
    0
    0
    0
    0
    0
    0
    0
    0
    0
    0
    0
    0
    0
    0
    0
    0
    0
    0
    0
    0
    0
    0
    0
    0
    0
    0
    0
    0
    0
    0
    0
    0
    0
    0
    0
    0
    0
    0
    0
    0
    0
    0
    0
    0
    0
    0
    0
    0
    0
    0
    0
    0
    0
    0
    0
    0
    0
    0
    0
    0
    0
    0
    0
    0
    0
    0
    0
    0
    0
    0
    0
    0
    0
    0
    0
    0
    0
    0
    0
    0
    0
    0
    0
    0
    0
    0
    0
    0
    0
    0
    0
    0
    0
    0
    0
    0
    0
    0
    0
    0
    0
    0
    0
    0
    0
    0
    0
    0
    0
    0
    0
    0
    0
    0
    0
    0
    0
    0
    0
    0
    0
    0
    0
    0
    0
    0
    0
    0
    0
    0
    0
    0
    0
    0
    0
    0
    0
    0
    0
    0
    0
    0
    0
    0
    0
    0
    0
    0
    0
    0
    0
    0
    0
    0
    0
    0
    0
    0
    0
    0
    0
    0
    0
    0
    0
    0
    0
    0
    0
    0
    0
    0
    0
    0
    0
    0
    0
    0
    0
    0
    0
    0
    0
    0
    0
    0
    0
    0
    0
    0
    0
    0
    0
    0
    0
    0
    0
    0
    0
    0
    0
    0
    0
    0
    0
    0
    0
    0
    0
    0
    0
    0
    0
    0
    0
    0
    0
    0
    0
    0
    0
    0
    0
    0
    0
    0
    0
    0
    0
    0
    0
    0
    0
    0
    0
    0
    0
    0
    0
    0
    0
    0
    0
    0
    0
    0
    0
    0
    0
    0
    0
    0
    0
    0
    0
    0
    0
    0
    0
    0
    0
    0
    0
    0
    0
    0
    0
    0
    0
    0
    0
    0
    0
    0
    0
    0
    0
    0
    0
    0
    0
    0
    0
    0
    0
    0
    0
    0
    0
    0
    0
    0
    0
    0
    0
    0
    0
    0
    0
    0
    0
    0
    0
    0
    0
    0
    0
    0
    0
    0
    0
    0
    0
    0
    0
    0
    0
    0
    0
    0
    0
    0
    0
    0
    0
    0
    0
    0
    0
    0
    0
    0
    0
    0
    0
    0
    0
    0
    0
    0
    0
    0
    0
    0
    0
    0
    0
    0
    0
    0
    0
    0
    0
    0
    0
    0
    0
    0
    0
    0
    0
    0
    0
    0
    0
    0
    0
    0
    0
    0
    0
    0
    0
    0
    0
    0
    0
    0
    0
    0
    0
    0
    0
    0
    0
    0
    0
    0
    0
    0
    0
    0
    0
    0
    0
    0
    0
    0
    0
    0
    0
    0
    0
    0
    0
    0
    0
    0
    0
    0
    0
    0
    0
    0
    0
    0
    0
    0
    0
    0
    0
    0
    0
    0
    0
    0
    0
    0
    0
    0
    0
    0
    0
    0
    0
    0
    0
    0
    0
    0
    0
    0
    0
    0
    0
    0
    0
    0
    0
    0
    0
    0
    0
    0
    0
    0
    0
    0
    0
    0
    0
    0
    0
    0
    0
    0
    0
    0
    0
    0
    0
    0
    0
    0
    0
    0
    0
    0
    0
    0
    0
    0
    0
    0
    0
    0
    0
    0
    0
    0
    0
    0
    0
    0
    0
    0
    0
    0
    0
    0
    0
    0
    0
    0
    0
    0
    0
    0
    0
    0
    0
    0
    0
    0
    0
    0
    0
    0
    0
    0
    0
    0
    0
    0
    0
    0
    0
    0
    0
    0
    0
    0
    0
    0
    0
    0
    0
    0
    0
    0
    0
    0
    0
    0
    0
    0
    0
    0
    0
    0
    0
    0
    0
    0
    0
    0
    0
    0
    0
    0
    0
    0
    0
    0
    0
    0
    0
    0
    0
    0
    0
    0
    0
    0
    0
    0
    0
    0
    0
    0
    0
    0
    0
    0
    0
    0
    0
    0
    0
    0
    0
    0
    0
    0
    0
    0
    0
    0
    0
    0
    0
    0
    0
    0
    0
    0
    0
    0
    0
    0
    0
    0
    0
    0
    0
    0
    0
    0
    0
    0
    0
    0
    0
    0
    0
    0
    0
    0
    0
    0
    0
    0
    0
    0
    0
    0
    0
    0
    0
    0
    0
    0
    0
    0
    0
    0
    0
    0
    0
    0
    0
    0
    0
    0
    0
    0
    0
    0
    0
    0
    0
    0
    0
    0
    0
    0
    0
    0
    0
    0
    0
    0
    0
    0
    0
    0
    0
    0
    0
    0
    0
    0
    0
    0
    0
    0
    0
    0
    0
    0
    0
    0
    0
    0
    0
    0
    0
    0
    0
    0
    0
    0
    0
    0
    0
    0
    0
    0
    0
    0
    0
    0
    0
    0
    0
    0
    0
    0
    0
    0
    0
    0
    0
    0
    0
    0
    0
    0
    0
    0
    0
    0
    0
    0
    0
    0
    0
    0
    0
    0
    0
    0
    0
    0
    0
    0
    0
    0
    0
    0
    0
    0
    0
    0
    0
    0
    0
    0
    0
    0
    0
    0
    0
    0
    0
    0
    0
    0
    0
    0
    0
    0
    0
    0
    0
    0
    0
    0
    0
    0
    0
    0
    0
    0
    0
    0
    0
    0
    0
    0
    0
    0
    0
    0
    0
    0
    0
    0
    0
    0
    0
    0
    0
    0
    0
    0
    0
    0
    0
    0
    0
    0
    0
    0
    0
    0
    0
    0
    0
    0
    0
    0
    0
    0
    0
    0
    0
    0
    0
    0
    0
    0
    0
    0
    0
    0
    0
    0
    0
    0
    0
    0
    0
    0
    0
    0
    0
    0
    0
    0
    0
    0
    0
    0
    0
    0
    0
    0
    0
    0
    0
    0
    0
    0
    0
    0
    0
    0
    0
    0
    0
    0
    0
    0
    0
    0
    0
    0
    0
    0
    0
    0
    0
    0
    0
    0
    0
    0
    0
    0
    0
    0
    0
    0
    0
    0
    0
    0
    0
    0
    0
    0
    0
    0
    0
    0
    0
    0
    0
    0
    0
    0
    0
    0
    0
    0
    0
    0
    0
    0
    0
    0
    0
    0
    0
    0
    0
    0
    0
    0
    0
    0
    0
    0
    0
    0
    0
    0
    0
    0
    0
    0
    0
    0
    0
    0
    0
    0
    0
    0
    0
    0
    0
    0
    0
    0
    0
    0
    0
    0
    0
    0
    0
    0
    0
    0
    0
    0
    0
    0
    0
    0
    0
    0
    0
    0
    0
    0
    0
    0
    0
    0
    0
    0
    0
    0
    0
    0
    0
    0
    0
    0
    0
    0
    0
    0
    0
    0
    0
    0
    0
    0
    0
    0
    0
    0
    0
    0
    0
    0
    0
    0
    0
    0
    0
    0
    0
    0
    0
    0
    0
    0
    0
    0
    0
    0
    0
    0
    0
    0
    0
    0
    0
    0
    0
    0
    0
    0
    0
    0
    0
    0
    0
    0
    0
    0
    0
    0
    0
    0
    0
    0
    0
    0
    0
    0
    0
    0
    0
    0
    0
    0
    0
    0
    0
    0
    0
    0
    0
    0
    0
    0
    0
    0
    0
    0
    0
    0
    0
    0
    0
    0
    0
    0
    0
    0
    0
    0
    0
    0
    0
    0
    0
    0
    0
    0
    0
    0
    0
    0
    0
    0
    0
    0
    0
    0
    0
    0
    0
    0
    0
    0
    0
    0
    0
    0
    0
    0
    0
    0
    0
    0
    0
    0
    0
    0
    0
    0
    0
    0
    0
    0
    0
    0
    0
    0
    0
    0
    0
    0
    0
    0
    0
    0
    0
    0
    0
    0
    0
    0
    0
    0
    0
    0
    0
    0
    0
    0
    0
    0
    0
    0
    0
    0
    0
    0
    0
    0
    0
    0
    0
    0
    0
    0
    0
    0
    0
    0
    0
    0
    0
    0
    0
    0
    0
    0
    0
    0
    0
    0
    0
    0
    0
    0
    0
    0
    0
    0
    0
    0
    0
    0
    0
    0
    0
    0
    0
    0
    0
    0
    0
    0
    0
    0
    0
    0
    0
    0
    0
    0
    0
    0
    0
    0
    0
    0
    0
    0
    0
    0
    0
    0
    0
    0
    0
    0
    0
    0
    0
    0
    0
    0
    0
    0
    0
    0
    0
    0
    0
    0
    0
    0
    0
    0
    0
    0
    0
    0
    0
    0
    0
    0
    0
    0
    0
    0
    0
    0
    0
    0
    0
    0
    0
    0
    0
    0
    0
    0
    0
    0
    0
    0
    0
    0
    0
    0
    0
    0
    0
    0
    0
    0
    0
    0
    0
    0
    0
    0
    0
    0
    0
    0
    0
    0
    0
    0
    0
    0
    0
    0
    0
    0
    0
    0
    0
    0
    0
    0
    0
    0
    0
    0
    0
    0
    0
    0
    0
    0
    0
    0
    0
    0
    0
    0
    0
    0
    0
    0
    0
    0
    0
    0
    0
    0
    0
    0
    0
    0
    0
    0
    0
    0
    0
    0
    0
    0
    0
    0
    0
    0
    0
    0
    0
    0
    0
    0
    0
    0
    0
    0
    0
    0
    0
    0
    0
    0
    0
    0
    0
    0
    0
    0
    0
    0
    0
    0
    0
    0
    0
    0
    0
    0
    0
    0
    0
    0
    0
    0
    0
    0
    0
    0
    0
    0
    0
    0
    0
    0
    0
    0
    0
    0
    0
    0
    0
    0
    0
    0
    0
    0
    0
    0
    0
    0
    0
    0
    0
    0
    0
    0
    0
    0
    0
    0
    0
    0
    0
    0
    0
    0
    0
    0
    0
    0
    0
    0
    0
    0
    0
    0
    0
    0
    0
    0
    0
    0
    0
    0
    0
    0
    0
    0
    0
    0
    0
    0
    0
    0
    0
    0
    0
    0
    0
    0
    0
    0
    0
    0
    0
    0
    0
    0
    0
    0
    0
    0
    0
    0
    0
    0
    0
    0
    0
    0
    0
    0
    0
    0
    0
    0
    0
    0
    0
    0
    0
    0
    0
    0
    0
    0
    0
    0
    0
    0
    0
    0
    0
    0
    0
    0
    0
    0
    0
    0
    0
    0
    0
    0
    0
    0
    0
    0
    0
    0
    0
    0
    0
    0
    0
    0
    0
    0
    0
    0
    0
    0
    0
    0
    0
    0
    0
    0
    0
    0
    0
    0
    0
    0
    0
    0
    0
    0
    0
    0
    0
    0
    0
    0
    0
    0
    0
    0
    0
    0
    0
    0
    0
    0
    0
    0
    0
    0
    0
    0
    0
    0
    0
    0
    0
    0
    0
    0
    0
    0
    0
    0
    0
    0
    0
    0
    0
    0
    0
    0
    0
    0
    0
    0
    0
    0
    0
    0
    0
    0
    0
    0
    0
    0
    0
    0
    0
    0
    0
    0
    0
    0
    0
    0
    0
    0
    0
    0
    0
    0
    0
    0
    0
    0
    0
    0
    0
    0
    0
    0
    0
    0
    0
    0
    0
    0
    0
    0
    0
    0
    0
    0
    0
    0
    0
    0
    0
    0
    0
    0
    0
    0
    0
    0
    0
    0
    0
    0
    0
    0
    0
    0
    0
    0
    0
    0
    0
    0
    0
    0
    0
    0
    0
    0
    0
    0
    0
    0
    0
    0
    0
    0
    0
    0
    0
    0
    0
    0
    0
    0
    0
    0
    0
    0
    0
    0
    0
    0
    0
    0
    0
    0
    0
    0
    0
    0
    0
    0
    0
    0
    0
    0
    0
    0
    0
    0
    0
    0
    0
    0
    0
    0
    0
    0
    0
    0
    0
    0
    0
    0
    0
    0
    0
    0
    0
    0
    0
    0
    0
    0
    0
    0
    0
    0
    0
    0
    0
    0
    0
    0
    0
    0
    0
    0
    0
    0
    0
    0
    0
    0
    0
    0
    0
    0
    0
    0
    0
    0
    0
    0
    0
    0
    0
    0
    0
    0
    0
    0
    0
    0
    0
    0
    0
    0
    0
    0
    0
    0
    0
    0
    0
    0
    0
    0
    0
    0
    0
    0
    0
    0
    0
    0
    0
    0
    0
    0
    0
    0
    0
    0
    0
    0
    0
    0
    0
    0
    0
    0
    0
    0
    0
    0
    0
    0
    0
    0
    0
    0
    0
    0
    0
    0
    0
    0
    0
    0
    0
    0
    0
    0
    0
    0
    0
    0
    0
    0
    0
    0
    0
    0
    0
    0
    0
    0
    0
    0
    0
    0
    0
    0
    0
    0
    0
    0
    0
    0
    0
    0
    0
    0
    0
    0
    0
    0
    0
    0
    0
    0
    0
    0
    0
    0
    0
    0
    0
    0
    0
    0
    0
    0
    0
    0
    0
    0
    0
    0
    0
    0
    0
    0
    0
    0
    0
    0
    0
    0
    0
    0
    0
    0
    0
    0
    0
    0
    0
    0
    0
    0
    0
    0
    0
    0
    0
    0
    0
    0
    0
    0
    0
    0
    0
    0
    0
    0
    0
    0
    0
    0
    0
    0
    0
    0
    0
    0
    0
    0
    0
    0
    0
    0
    0
    0
    0
    0
    0
    0
    0
    0
    0
    0
    0
    0
    0
    0
    0
    0
    0
    0
    0
    0
    0
    0
    0
    0
    0
    0
    0
    0
    0
    0
    0
    0
    0
    0
    0
    0
    0
    0
    0
    0
    0
    0
    0
    0
    0
    0
    0
    0
    0
    0
    0
    0
    0
    0
    0
    0
    0
    0
    0
    0
    0
    0
    0
    0
    0
    0
    0
    0
    0
    0
    0
    0
    0
    0
    0
    0
    0
    0
    0
    0
    0
    0
    0
    0
    0
    0
    0
    0
    0
    0
    0
    0
    0
    0
    0
    0
    0
    0
    0
    0
    0
    0
    0
    0
    0
    0
    0
    0
    0
    0
    0
    0
    0
    0
    0
    0
    0
    0
    0
    0
    0
    0
    0
    0
    0
    0
    0
    0
    0
    0
    0
    0
    0
    0
    0
    0
    0
    0
    0
    0
    0
    0
    0
    0
    0
    0
    0
    0
    0
    0
    0
    0
    0
    0
    0
    0
    0
    0
    0
    0
    0
    0
    0
    0
    0
    0
    0
    0
    0
    0
    0
    0
    0
    0
    0
    0
    0
    0
    0
    0
    0
    0
    0
    0
    0
    0
    0
    0
    0
    0
    0
    0
    0
    0
    0
    0
    0
    0
    0
    0
    0
    0
    0
    0
    0
    0
    0
    0
    0
    0
    0
    0
    0
    0
    0
    0
    0
    0
    0
    0
    0
    0
    0
    0
    0
    0
    0
    0
    0
    0
    0
    0
    0
    0
    0
    0
    0
    0
    0
    0
    0
    0
    0
    0
    0
    0
    0
    0
    0
    0
    0
    0
    0
    0
    0
    0
    0
    0
    0
    0
    0
    0
    0
    0
    0
    0
    0
    0
    0
    0
    0
    0
    0
    0
    0
    0
    0
    0
    0
    0
    0
    0
    0
    0
    0
    0
    0
    0
    0
    0
    0
    0
    0
    0
    0
    0
    0
    0
    0
    0
    0
    0
    0
    0
    0
    0
    0
    0
    0
    0
    0
    0
    0
    0
    0
    0
    0
    0
    0
    0
    0
    0
    0
    0
    0
    0
    0
    0
    0
    0
    0
    0
    0
    0
    0
    0
    0
    0
    0
    0
    0
    0
    0
    0
    0
    0
    0
    0
    0
    0
    0
    0
    0
    0
    0
    0
    0
    0
    0
    0
    0
    0
    0
    0
    0
    0
    0
    0
    0
    0
    0
    0
    0
    0
    0
    0
    0
    0
    0
    0
    0
    0
    0
    0
    0
    0
    0
    0
    0
    0
    0
    0
    0
    0
    0
    0
    0
    0
    0
    0
    0
    0
    0
    0
    0
    0
    0
    0
    0
    0
    0
    0
    0
    0
    0
    0
    0
    0
    0
    0
    0
    0
    0
    0
    0
    0
    0
    0
