Project Info:
    ACQ Time: 2019- 9-24   9:31:27: 165 .
    Project: tq×ó²à×ãÈýÀïÓÒÅÔ¿ª£¨×òÌìÍ¿ºìÒ©Ë®£©
    Name: 
    Part:  
    Operator:  
    Desc.:  
    Sample Data Acquired.

ACQ Parameters:
    Excited Peroid(ms): 50
    Excited Time(ms): 10
    Acq Delay Time(us): 10
    Gate Time(ms): 20
    Count Num per gate: 100
    Repeat Times: 50
    Acq Gate Times: 1
    Interval per Gate(us): 100
    Channel Number: 2

Data:
    608
    583
    479
    459
    433
    410
    356
    321
    301
    282
    297
    274
    256
    258
    212
    233
    193
    200
    177
    189
    192
    165
    141
    159
    152
    125
    124
    132
    116
    120
    107
    100
    98
    97
    100
    96
    86
    86
    65
    86
    67
    74
    69
    67
    75
    63
    53
    48
    47
    57
    53
    52
    39
    54
    39
    48
    40
    37
    27
    41
    35
    39
    31
    35
    37
    33
    24
    28
    23
    27
    28
    23
    21
    19
    19
    26
    18
    11
    21
    24
    15
    13
    18
    23
    14
    25
    18
    23
    10
    26
    19
    10
    10
    7
    17
    10
    15
    15
    12
    11
    589
    595
    495
    449
    437
    388
    376
    360
    306
    296
    296
    273
    253
    240
    234
    228
    215
    211
    192
    186
    183
    155
    166
    175
    143
    145
    154
    141
    136
    106
    111
    108
    93
    102
    104
    95
    106
    82
    93
    74
    77
    63
    64
    71
    59
    64
    63
    63
    51
    49
    62
    48
    60
    42
    46
    48
    50
    32
    43
    39
    30
    34
    36
    38
    29
    27
    30
    28
    28
    27
    27
    20
    30
    31
    26
    31
    20
    26
    24
    26
    25
    15
    22
    16
    19
    24
    27
    20
    17
    11
    15
    17
    13
    16
    19
    7
    17
    13
    14
    16
    544
    581
    516
    467
    431
    362
    354
    352
    312
    315
    296
    262
    253
    248
    252
    197
    203
    204
    209
    197
    168
    154
    156
    161
    129
    131
    132
    126
    143
    119
    99
    102
    109
    96
    88
    102
    95
    70
    74
    80
    89
    71
    72
    65
    68
    60
    59
    56
    51
    48
    43
    47
    55
    48
    55
    40
    38
    43
    43
    36
    39
    44
    32
    25
    35
    28
    35
    32
    25
    18
    27
    25
    21
    28
    26
    25
    34
    20
    28
    24
    24
    23
    20
    19
    21
    26
    19
    17
    15
    11
    16
    14
    7
    16
    12
    16
    20
    10
    12
    18
    604
    562
    525
    437
    428
    380
    361
    361
    339
    309
    286
    266
    245
    273
    257
    235
    237
    200
    204
    182
    177
    176
    180
    155
    166
    137
    149
    120
    134
    99
    110
    106
    99
    90
    87
    97
    70
    81
    77
    74
    91
    69
    79
    64
    63
    56
    57
    60
    51
    54
    58
    41
    56
    45
    32
    44
    27
    48
    42
    41
    23
    35
    36
    32
    37
    42
    31
    29
    27
    28
    36
    28
    20
    17
    25
    22
    21
    22
    21
    29
    20
    14
    17
    23
    21
    24
    17
    20
    19
    19
    17
    13
    11
    14
    11
    12
    13
    11
    10
    12
    611
    578
    494
    470
    436
    404
    409
    372
    318
    319
    281
    307
    274
    251
    214
    191
    208
    218
    200
    175
    178
    160
    159
    158
    153
    139
    140
    138
    132
    124
    113
    118
    111
    78
    111
    87
    93
    82
    67
    68
    82
    88
    75
    66
    73
    58
    64
    54
    57
    55
    62
    48
    48
    53
    47
    41
    47
    28
    52
    41
    32
    44
    34
    22
    37
    36
    24
    37
    30
    27
    30
    21
    26
    19
    21
    24
    18
    26
    20
    20
    26
    20
    23
    23
    19
    17
    13
    12
    12
    15
    15
    22
    19
    21
    19
    15
    15
    15
    17
    12
    598
    575
    464
    484
    391
    380
    346
    338
    361
    285
    309
    266
    248
    270
    253
    254
    200
    200
    206
    178
    164
    172
    161
    170
    160
    147
    119
    126
    122
    126
    124
    103
    103
    106
    82
    90
    92
    89
    72
    86
    70
    70
    90
    78
    68
    68
    50
    56
    54
    63
    51
    58
    56
    52
    47
    39
    43
    37
    39
    38
    32
    36
    33
    37
    30
    39
    33
    29
    44
    29
    38
    20
    31
    27
    16
    26
    22
    28
    23
    15
    23
    16
    17
    20
    17
    16
    20
    24
    24
    12
    14
    18
    16
    15
    12
    15
    19
    6
    11
    14
    605
    563
    513
    455
    447
    417
    345
    377
    341
    312
    276
    281
    270
    262
    244
    222
    224
    178
    195
    167
    179
    169
    171
    157
    138
    146
    138
    154
    130
    119
    117
    109
    127
    109
    97
    98
    91
    84
    81
    72
    72
    76
    68
    73
    70
    73
    59
    64
    51
    63
    54
    43
    41
    46
    39
    51
    44
    46
    35
    49
    39
    25
    37
    27
    43
    37
    39
    33
    34
    28
    24
    26
    19
    21
    25
    29
    23
    24
    15
    12
    22
    28
    25
    16
    21
    17
    27
    13
    15
    10
    23
    18
    29
    26
    11
    16
    8
    8
    11
    9
    642
    579
    488
    440
    431
    387
    381
    353
    318
    322
    301
    295
    227
    255
    239
    227
    199
    191
    177
    193
    177
    188
    159
    166
    163
    156
    138
    116
    127
    109
    129
    88
    109
    82
    110
    87
    90
    88
    81
    73
    100
    76
    67
    66
    64
    63
    62
    47
    47
    46
    48
    54
    48
    45
    45
    51
    65
    35
    40
    45
    38
    32
    32
    29
    34
    45
    35
    24
    21
    38
    23
    29
    17
    26
    34
    26
    22
    21
    16
    20
    26
    22
    29
    20
    27
    12
    25
    15
    18
    18
    22
    16
    19
    15
    11
    17
    13
    13
    19
    16
    618
    576
    492
    483
    448
    366
    366
    359
    345
    307
    308
    292
    297
    260
    251
    211
    205
    218
    193
    176
    157
    179
    166
    153
    153
    133
    147
    124
    109
    129
    115
    110
    97
    107
    91
    98
    82
    90
    92
    73
    85
    70
    74
    78
    64
    59
    65
    58
    58
    47
    58
    55
    47
    44
    61
    46
    55
    51
    38
    31
    39
    26
    43
    45
    37
    30
    30
    26
    32
    32
    31
    21
    37
    26
    21
    24
    28
    22
    26
    29
    29
    27
    23
    18
    24
    20
    20
    17
    19
    21
    16
    17
    19
    12
    14
    12
    14
    11
    17
    16
    596
    580
    524
    470
    427
    410
    388
    358
    330
    311
    298
    286
    309
    248
    234
    232
    229
    197
    201
    223
    148
    173
    148
    177
    162
    133
    131
    148
    120
    109
    107
    110
    116
    109
    93
    93
    90
    79
    94
    79
    71
    64
    87
    59
    64
    61
    59
    58
    74
    50
    70
    59
    45
    54
    38
    50
    34
    49
    47
    44
    31
    36
    44
    32
    31
    36
    30
    31
    34
    23
    27
    25
    30
    31
    29
    24
    16
    16
    16
    31
    18
    19
    28
    18
    25
    20
    23
    20
    15
    25
    17
    10
    14
    16
    13
    15
    16
    9
    11
    14
    603
    582
    512
    522
    422
    390
    332
    355
    327
    280
    320
    286
    269
    248
    242
    211
    229
    208
    188
    178
    178
    200
    177
    163
    150
    136
    144
    134
    132
    145
    93
    103
    109
    94
    101
    78
    81
    80
    82
    76
    67
    83
    76
    72
    72
    56
    55
    61
    57
    64
    50
    68
    37
    54
    39
    44
    46
    34
    42
    42
    39
    44
    30
    23
    35
    35
    22
    30
    35
    18
    29
    29
    31
    24
    32
    24
    26
    24
    10
    27
    17
    25
    17
    19
    22
    17
    25
    11
    23
    17
    17
    12
    15
    13
    14
    15
    13
    11
    9
    8
    586
    587
    536
    506
    414
    420
    349
    367
    341
    317
    281
    273
    283
    228
    239
    228
    216
    182
    197
    217
    174
    165
    145
    132
    153
    168
    146
    138
    109
    132
    115
    107
    104
    104
    102
    97
    91
    73
    90
    83
    78
    70
    66
    65
    71
    68
    57
    57
    58
    56
    58
    45
    70
    58
    34
    49
    57
    38
    44
    37
    46
    42
    37
    25
    31
    33
    35
    35
    38
    15
    34
    27
    24
    23
    29
    19
    31
    28
    21
    27
    22
    26
    15
    26
    24
    15
    13
    22
    21
    23
    15
    12
    14
    20
    15
    18
    16
    12
    17
    11
    594
    582
    528
    497
    431
    411
    338
    365
    326
    340
    335
    270
    251
    213
    236
    239
    230
    187
    203
    178
    206
    180
    159
    157
    160
    155
    148
    105
    113
    102
    119
    124
    115
    112
    100
    86
    76
    97
    83
    70
    80
    65
    64
    61
    69
    56
    76
    48
    65
    50
    58
    50
    64
    42
    46
    48
    52
    44
    49
    39
    45
    40
    39
    38
    25
    35
    23
    34
    36
    40
    30
    33
    35
    33
    26
    28
    27
    22
    19
    26
    16
    23
    18
    14
    13
    17
    23
    16
    20
    20
    20
    15
    19
    13
    18
    19
    23
    13
    15
    16
    625
    573
    539
    483
    422
    433
    380
    321
    344
    314
    284
    278
    256
    262
    222
    242
    194
    212
    219
    191
    176
    171
    164
    164
    143
    163
    127
    137
    108
    142
    116
    115
    101
    128
    93
    97
    85
    84
    90
    75
    68
    65
    79
    74
    74
    60
    57
    72
    52
    53
    50
    61
    50
    58
    64
    50
    47
    38
    30
    40
    42
    35
    32
    39
    35
    39
    28
    33
    34
    36
    28
    25
    24
    35
    30
    23
    25
    23
    16
    27
    28
    17
    31
    18
    25
    23
    14
    18
    12
    18
    12
    20
    14
    20
    13
    15
    16
    9
    18
    17
    592
    584
    490
    465
    429
    372
    359
    366
    337
    333
    333
    276
    263
    285
    236
    231
    236
    215
    200
    210
    186
    178
    146
    159
    143
    144
    135
    119
    129
    129
    109
    134
    107
    90
    98
    84
    82
    97
    92
    88
    101
    84
    74
    66
    64
    55
    66
    56
    45
    63
    54
    52
    54
    50
    52
    49
    37
    49
    32
    37
    40
    39
    41
    33
    30
    48
    32
    35
    35
    32
    23
    32
    28
    27
    24
    23
    26
    23
    32
    26
    28
    24
    28
    15
    19
    24
    24
    14
    21
    19
    22
    10
    19
    16
    15
    20
    28
    14
    16
    12
    609
    530
    528
    458
    436
    412
    372
    347
    326
    285
    320
    263
    238
    268
    225
    227
    240
    224
    204
    202
    155
    180
    150
    163
    164
    138
    134
    153
    128
    114
    125
    124
    94
    109
    94
    107
    88
    98
    80
    87
    81
    64
    74
    69
    68
    70
    70
    56
    51
    52
    63
    61
    49
    67
    39
    46
    35
    60
    43
    44
    33
    41
    29
    25
    38
    30
    31
    28
    30
    34
    29
    27
    32
    22
    23
    33
    31
    18
    27
    24
    26
    14
    30
    23
    28
    21
    24
    18
    20
    14
    15
    12
    14
    11
    19
    12
    17
    16
    26
    17
    618
    590
    513
    489
    435
    410
    388
    357
    370
    297
    308
    282
    243
    267
    257
    231
    192
    217
    206
    188
    181
    197
    194
    157
    148
    129
    141
    132
    162
    108
    120
    107
    108
    115
    111
    91
    91
    88
    98
    89
    80
    81
    87
    70
    80
    70
    68
    61
    57
    79
    58
    52
    53
    50
    53
    43
    47
    52
    42
    42
    27
    42
    44
    31
    29
    26
    34
    30
    36
    34
    29
    30
    36
    28
    24
    29
    30
    23
    26
    19
    21
    22
    24
    23
    31
    28
    21
    22
    23
    14
    16
    22
    17
    13
    11
    12
    17
    28
    14
    12
    605
    548
    472
    479
    405
    428
    397
    363
    326
    323
    310
    266
    286
    228
    216
    232
    207
    197
    198
    194
    169
    175
    178
    169
    161
    134
    134
    122
    139
    114
    99
    118
    110
    81
    104
    106
    92
    94
    90
    93
    82
    84
    72
    73
    55
    60
    64
    44
    73
    56
    61
    58
    52
    52
    36
    43
    40
    37
    40
    43
    41
    36
    42
    39
    35
    38
    32
    25
    42
    31
    30
    22
    25
    17
    27
    28
    22
    25
    21
    17
    32
    25
    30
    22
    26
    31
    16
    17
    16
    18
    13
    10
    17
    13
    25
    12
    14
    13
    11
    16
    640
    567
    539
    492
    484
    375
    387
    367
    342
    309
    300
    257
    246
    263
    229
    236
    225
    220
    183
    200
    193
    195
    161
    164
    150
    150
    147
    130
    119
    114
    114
    133
    105
    111
    108
    100
    85
    99
    76
    92
    80
    76
    78
    69
    67
    56
    69
    61
    51
    66
    58
    54
    54
    47
    49
    46
    46
    39
    47
    52
    40
    27
    32
    33
    32
    35
    34
    41
    31
    33
    37
    25
    42
    24
    20
    30
    25
    26
    19
    26
    23
    23
    23
    24
    25
    21
    22
    19
    13
    18
    11
    29
    13
    17
    22
    11
    13
    16
    13
    12
    592
    565
    496
    450
    457
    409
    382
    371
    323
    312
    288
    306
    237
    269
    234
    239
    222
    218
    215
    197
    194
    186
    163
    151
    153
    138
    130
    150
    123
    122
    88
    125
    114
    85
    101
    103
    103
    97
    101
    79
    76
    85
    71
    75
    75
    66
    59
    60
    65
    51
    63
    56
    46
    38
    41
    36
    37
    33
    35
    48
    40
    32
    38
    38
    25
    27
    45
    27
    32
    34
    27
    22
    25
    32
    32
    16
    30
    23
    21
    20
    22
    15
    26
    17
    23
    24
    16
    16
    27
    22
    13
    19
    21
    11
    15
    8
    9
    18
    21
    15
    651
    538
    521
    443
    441
    419
    374
    367
    307
    294
    328
    313
    279
    264
    224
    221
    226
    225
    201
    175
    176
    153
    162
    154
    167
    152
    129
    130
    146
    130
    108
    101
    100
    103
    117
    82
    96
    101
    77
    97
    77
    71
    71
    72
    62
    64
    56
    66
    63
    57
    63
    54
    52
    47
    53
    41
    52
    36
    47
    28
    42
    37
    32
    40
    44
    35
    31
    35
    31
    26
    31
    37
    34
    21
    24
    20
    29
    20
    20
    24
    17
    29
    18
    18
    26
    16
    12
    29
    18
    19
    17
    11
    18
    17
    16
    14
    12
    14
    18
    17
    590
    560
    533
    494
    433
    417
    407
    359
    349
    334
    287
    254
    265
    251
    221
    238
    222
    205
    183
    179
    177
    175
    150
    181
    148
    142
    140
    143
    120
    133
    133
    115
    109
    114
    114
    107
    82
    87
    81
    90
    94
    81
    72
    74
    67
    68
    67
    64
    68
    61
    60
    63
    52
    47
    39
    39
    43
    46
    35
    37
    35
    38
    31
    31
    27
    31
    42
    35
    31
    27
    34
    42
    23
    30
    41
    21
    26
    27
    22
    31
    13
    16
    20
    19
    20
    26
    9
    26
    23
    10
    19
    18
    17
    16
    11
    13
    14
    16
    12
    14
    604
    551
    515
    439
    428
    418
    371
    359
    330
    317
    342
    278
    282
    255
    263
    211
    245
    206
    186
    187
    189
    169
    180
    163
    139
    162
    122
    146
    133
    124
    113
    127
    109
    104
    97
    107
    95
    106
    87
    87
    79
    71
    60
    73
    75
    70
    63
    69
    46
    51
    53
    46
    60
    38
    57
    49
    49
    45
    56
    40
    34
    40
    35
    36
    25
    33
    26
    33
    32
    43
    33
    28
    30
    28
    23
    33
    32
    20
    27
    17
    21
    21
    23
    20
    23
    21
    22
    23
    13
    13
    16
    20
    18
    12
    12
    18
    10
    15
    20
    22
    583
    550
    538
    479
    447
    392
    420
    376
    332
    295
    303
    268
    273
    240
    258
    239
    209
    220
    173
    185
    177
    167
    147
    146
    125
    156
    137
    137
    115
    136
    136
    128
    123
    102
    93
    103
    95
    89
    88
    80
    84
    94
    79
    81
    76
    78
    61
    60
    59
    52
    67
    48
    50
    48
    54
    39
    39
    52
    30
    47
    29
    38
    36
    38
    26
    33
    39
    32
    34
    27
    37
    21
    17
    18
    30
    17
    29
    26
    20
    14
    24
    22
    20
    23
    15
    26
    16
    17
    20
    31
    13
    17
    13
    9
    16
    12
    18
    13
    15
    16
    610
    562
    520
    494
    422
    375
    407
    348
    315
    299
    331
    290
    280
    239
    259
    239
    244
    187
    186
    183
    193
    202
    180
    161
    138
    144
    137
    143
    157
    110
    116
    120
    113
    115
    111
    111
    99
    91
    87
    86
    73
    88
    82
    72
    77
    71
    51
    63
    52
    59
    61
    61
    48
    57
    59
    47
    57
    51
    52
    43
    37
    44
    38
    35
    39
    29
    25
    39
    42
    31
    35
    27
    27
    29
    23
    38
    30
    20
    19
    22
    28
    25
    19
    20
    14
    20
    19
    21
    16
    17
    21
    19
    11
    15
    14
    15
    14
    20
    12
    17
    593
    528
    522
    457
    428
    382
    396
    366
    348
    295
    293
    284
    262
    260
    222
    242
    236
    211
    191
    210
    183
    171
    166
    170
    153
    167
    145
    151
    128
    119
    123
    107
    88
    101
    97
    95
    90
    94
    70
    77
    71
    88
    70
    75
    58
    70
    59
    52
    63
    60
    52
    50
    56
    51
    48
    57
    45
    47
    40
    35
    38
    44
    39
    35
    40
    39
    32
    30
    39
    26
    29
    23
    27
    27
    25
    21
    25
    21
    28
    28
    25
    32
    35
    25
    16
    27
    16
    17
    16
    21
    21
    17
    18
    16
    20
    23
    9
    16
    13
    16
    613
    583
    487
    524
    431
    386
    402
    351
    341
    326
    303
    282
    269
    242
    240
    226
    226
    222
    225
    185
    210
    175
    162
    140
    162
    154
    132
    121
    120
    120
    113
    115
    110
    119
    94
    83
    94
    82
    87
    84
    78
    72
    73
    75
    71
    59
    69
    76
    59
    48
    59
    56
    55
    44
    54
    41
    49
    40
    54
    39
    43
    31
    39
    35
    35
    39
    35
    30
    33
    27
    30
    34
    31
    30
    29
    26
    25
    20
    30
    17
    19
    17
    16
    19
    19
    22
    16
    20
    25
    14
    9
    19
    14
    16
    19
    15
    14
    13
    9
    19
    556
    534
    519
    432
    455
    408
    348
    374
    353
    319
    295
    271
    268
    272
    258
    240
    240
    198
    205
    192
    184
    194
    151
    158
    144
    157
    125
    155
    140
    113
    126
    118
    120
    100
    96
    100
    109
    109
    66
    89
    75
    78
    77
    62
    78
    60
    62
    67
    63
    53
    69
    64
    50
    47
    61
    43
    54
    49
    35
    42
    41
    42
    34
    37
    36
    36
    44
    34
    30
    41
    39
    28
    29
    29
    28
    25
    19
    23
    22
    18
    23
    16
    23
    14
    22
    18
    22
    16
    16
    17
    9
    20
    20
    12
    18
    13
    13
    19
    14
    16
    602
    553
    516
    462
    410
    390
    377
    332
    342
    310
    309
    301
    281
    253
    256
    210
    235
    211
    204
    193
    191
    162
    179
    165
    171
    167
    136
    132
    138
    119
    102
    127
    114
    112
    92
    100
    96
    82
    91
    76
    89
    85
    97
    61
    78
    62
    66
    59
    75
    51
    61
    45
    52
    45
    47
    45
    55
    40
    41
    34
    42
    30
    44
    34
    31
    46
    41
    30
    33
    27
    24
    25
    23
    26
    34
    24
    32
    25
    23
    18
    22
    23
    24
    23
    20
    16
    24
    17
    13
    22
    23
    15
    14
    26
    16
    17
    12
    11
    15
    15
    612
    574
    534
    454
    441
    415
    367
    355
    332
    291
    313
    272
    294
    248
    244
    235
    209
    224
    197
    182
    186
    177
    182
    139
    146
    162
    152
    130
    110
    126
    117
    146
    116
    114
    90
    84
    85
    73
    95
    91
    91
    73
    88
    58
    60
    72
    72
    69
    67
    70
    63
    57
    39
    47
    50
    58
    35
    47
    31
    35
    38
    39
    50
    40
    36
    42
    39
    38
    38
    31
    28
    34
    29
    28
    24
    30
    32
    27
    13
    24
    24
    17
    17
    20
    22
    18
    15
    19
    22
    22
    23
    17
    23
    9
    16
    15
    19
    15
    12
    13
    591
    629
    487
    441
    459
    399
    369
    399
    320
    323
    287
    281
    249
    272
    275
    226
    210
    184
    188
    167
    198
    160
    181
    153
    149
    164
    140
    121
    130
    110
    112
    108
    102
    106
    80
    105
    106
    98
    88
    73
    92
    87
    61
    81
    76
    60
    58
    59
    68
    48
    51
    47
    39
    44
    51
    42
    41
    49
    40
    35
    47
    38
    31
    34
    34
    37
    42
    31
    29
    27
    25
    20
    38
    24
    27
    31
    29
    34
    28
    29
    17
    20
    24
    22
    20
    19
    21
    22
    11
    18
    18
    15
    23
    19
    11
    13
    16
    9
    15
    10
    576
    579
    523
    451
    431
    393
    391
    345
    352
    337
    308
    276
    309
    280
    241
    216
    205
    179
    205
    210
    191
    186
    177
    156
    151
    141
    156
    132
    125
    125
    132
    113
    105
    85
    81
    108
    77
    97
    85
    83
    85
    92
    77
    76
    67
    57
    59
    75
    62
    56
    67
    61
    51
    47
    48
    51
    55
    37
    51
    50
    46
    36
    33
    44
    35
    33
    34
    32
    40
    32
    29
    22
    29
    31
    20
    24
    35
    19
    19
    25
    20
    15
    18
    23
    20
    22
    18
    14
    16
    23
    12
    10
    17
    16
    13
    12
    16
    22
    15
    10
    627
    605
    553
    478
    452
    410
    405
    355
    362
    329
    301
    290
    277
    247
    259
    264
    221
    222
    221
    211
    186
    177
    162
    173
    169
    153
    135
    142
    144
    115
    128
    108
    115
    119
    115
    82
    91
    112
    92
    96
    84
    82
    74
    75
    69
    76
    73
    67
    56
    63
    58
    47
    50
    50
    49
    64
    41
    34
    55
    56
    39
    47
    43
    38
    32
    32
    27
    31
    23
    34
    41
    37
    33
    38
    18
    26
    25
    23
    18
    22
    20
    28
    17
    20
    17
    22
    20
    15
    10
    7
    18
    23
    20
    17
    12
    16
    20
    14
    12
    15
    564
    585
    490
    451
    444
    391
    408
    382
    334
    326
    336
    294
    267
    259
    253
    248
    205
    220
    212
    204
    164
    192
    160
    148
    171
    145
    141
    143
    125
    113
    117
    104
    115
    100
    100
    80
    87
    96
    84
    78
    83
    81
    76
    56
    79
    54
    61
    49
    60
    75
    67
    46
    50
    48
    51
    45
    45
    46
    52
    48
    42
    33
    38
    39
    29
    47
    29
    39
    36
    39
    36
    25
    28
    30
    37
    29
    17
    12
    26
    15
    28
    19
    14
    22
    16
    21
    17
    25
    26
    27
    21
    16
    17
    16
    23
    15
    10
    11
    14
    15
    586
    591
    494
    479
    466
    429
    384
    323
    328
    313
    290
    291
    264
    252
    252
    224
    230
    205
    202
    203
    173
    175
    161
    155
    155
    143
    140
    142
    154
    129
    124
    126
    105
    115
    103
    88
    82
    86
    76
    73
    75
    77
    70
    73
    72
    66
    58
    63
    74
    60
    60
    63
    57
    46
    62
    39
    57
    54
    42
    41
    38
    40
    37
    34
    31
    47
    32
    37
    30
    39
    26
    35
    26
    28
    24
    22
    23
    12
    19
    19
    20
    24
    24
    12
    23
    26
    16
    18
    25
    19
    15
    12
    9
    21
    15
    15
    16
    11
    21
    13
    594
    606
    529
    464
    437
    411
    373
    346
    328
    317
    298
    290
    281
    282
    258
    219
    235
    212
    213
    187
    188
    175
    171
    153
    141
    118
    152
    144
    119
    133
    133
    135
    123
    100
    123
    95
    91
    91
    59
    85
    89
    76
    72
    71
    75
    61
    77
    82
    46
    58
    55
    54
    48
    53
    51
    45
    43
    52
    43
    48
    37
    29
    38
    38
    32
    34
    38
    30
    21
    31
    38
    28
    28
    24
    24
    31
    26
    33
    23
    18
    12
    20
    23
    27
    24
    16
    12
    15
    20
    18
    18
    14
    22
    23
    26
    16
    16
    12
    12
    18
    637
    563
    498
    451
    436
    431
    360
    361
    341
    312
    312
    304
    285
    260
    232
    234
    220
    213
    243
    206
    187
    180
    176
    154
    182
    143
    139
    130
    141
    121
    138
    120
    142
    107
    93
    122
    98
    101
    87
    85
    88
    89
    68
    60
    63
    63
    65
    72
    58
    63
    47
    54
    49
    59
    49
    50
    44
    46
    37
    34
    39
    35
    48
    44
    45
    28
    37
    29
    32
    30
    25
    29
    22
    33
    34
    26
    28
    23
    19
    22
    21
    23
    22
    24
    19
    14
    21
    19
    11
    24
    21
    12
    9
    23
    19
    21
    16
    13
    9
    17
    533
    582
    534
    453
    405
    399
    410
    318
    346
    336
    282
    285
    249
    260
    243
    233
    235
    227
    198
    186
    181
    180
    170
    140
    152
    154
    167
    118
    122
    123
    108
    121
    128
    109
    85
    95
    108
    88
    104
    77
    81
    71
    76
    73
    84
    70
    65
    62
    72
    54
    50
    44
    52
    62
    53
    49
    42
    36
    56
    42
    33
    39
    32
    46
    44
    41
    41
    33
    40
    26
    30
    33
    25
    31
    31
    22
    26
    29
    18
    23
    15
    32
    23
    28
    22
    19
    11
    32
    17
    16
    14
    13
    20
    11
    11
    19
    18
    12
    18
    12
    589
    609
    505
    454
    436
    398
    382
    357
    342
    312
    273
    300
    263
    266
    214
    240
    209
    208
    174
    223
    166
    189
    161
    156
    136
    159
    125
    139
    132
    110
    118
    116
    120
    86
    101
    99
    86
    91
    85
    93
    80
    73
    82
    63
    82
    84
    52
    61
    64
    52
    69
    46
    51
    53
    49
    34
    55
    38
    38
    30
    43
    37
    30
    50
    33
    35
    33
    34
    33
    25
    23
    33
    18
    24
    24
    29
    21
    22
    20
    13
    19
    20
    27
    18
    22
    20
    20
    21
    13
    16
    18
    18
    11
    19
    10
    20
    8
    16
    12
    13
    616
    585
    529
    501
    433
    404
    361
    353
    338
    290
    284
    285
    255
    293
    258
    216
    221
    210
    201
    211
    154
    170
    159
    128
    167
    161
    154
    143
    114
    121
    117
    125
    115
    102
    91
    107
    113
    86
    90
    80
    82
    76
    76
    80
    72
    71
    83
    70
    53
    56
    63
    60
    45
    44
    32
    59
    41
    39
    50
    41
    42
    50
    45
    39
    30
    34
    29
    32
    34
    29
    29
    22
    19
    23
    27
    27
    27
    18
    24
    35
    23
    20
    23
    16
    20
    23
    19
    16
    18
    14
    20
    12
    24
    18
    9
    14
    11
    24
    11
    19
    604
    557
    533
    449
    408
    409
    416
    386
    334
    318
    321
    284
    293
    250
    227
    212
    226
    218
    204
    221
    161
    164
    168
    166
    135
    150
    130
    134
    138
    134
    116
    112
    98
    124
    104
    99
    100
    89
    88
    80
    89
    80
    74
    77
    84
    66
    67
    70
    54
    71
    67
    47
    44
    47
    49
    48
    50
    49
    50
    41
    45
    37
    42
    45
    41
    31
    37
    30
    30
    32
    29
    29
    25
    24
    24
    21
    29
    26
    31
    18
    19
    26
    11
    20
    18
    16
    16
    11
    16
    24
    15
    25
    14
    10
    15
    23
    18
    17
    22
    12
    631
    614
    461
    489
    454
    432
    378
    331
    339
    313
    296
    285
    258
    231
    227
    247
    209
    210
    214
    191
    165
    147
    149
    149
    155
    142
    135
    151
    129
    109
    105
    111
    122
    114
    90
    96
    85
    93
    101
    83
    67
    83
    78
    71
    83
    55
    69
    61
    60
    58
    66
    55
    55
    45
    43
    43
    44
    49
    40
    37
    37
    38
    48
    30
    38
    39
    45
    26
    35
    29
    22
    22
    26
    23
    28
    42
    32
    20
    25
    24
    28
    17
    27
    30
    18
    24
    17
    24
    18
    19
    20
    20
    16
    18
    8
    12
    15
    8
    17
    12
    551
    575
    492
    476
    440
    414
    385
    363
    347
    305
    318
    307
    248
    271
    237
    235
    243
    201
    209
    198
    179
    173
    162
    174
    182
    143
    135
    123
    124
    121
    111
    114
    133
    117
    125
    98
    92
    65
    85
    79
    87
    84
    84
    57
    85
    69
    60
    61
    58
    67
    38
    45
    60
    53
    50
    48
    42
    55
    50
    53
    45
    40
    44
    39
    42
    26
    29
    41
    27
    30
    26
    28
    30
    23
    27
    17
    20
    24
    33
    17
    20
    31
    14
    23
    17
    17
    16
    22
    16
    14
    19
    18
    8
    13
    15
    17
    15
    14
    14
    15
    618
    555
    523
    520
    427
    396
    352
    325
    327
    301
    340
    274
    256
    238
    224
    230
    191
    222
    197
    184
    189
    183
    167
    136
    151
    140
    146
    148
    130
    117
    132
    105
    116
    114
    102
    103
    95
    101
    84
    82
    84
    61
    91
    69
    68
    73
    48
    49
    73
    62
    71
    52
    49
    53
    47
    50
    44
    49
    28
    36
    31
    34
    37
    37
    31
    29
    35
    37
    30
    21
    26
    37
    32
    29
    28
    26
    30
    34
    21
    20
    24
    19
    20
    17
    23
    16
    14
    20
    18
    16
    17
    17
    19
    10
    12
    18
    10
    14
    11
    16
    609
    618
    511
    460
    446
    396
    368
    360
    339
    330
    305
    315
    281
    276
    256
    216
    246
    195
    212
    214
    186
    169
    155
    163
    154
    147
    123
    131
    137
    140
    126
    119
    94
    118
    89
    97
    95
    86
    80
    73
    76
    67
    84
    70
    62
    56
    73
    77
    71
    62
    69
    54
    42
    44
    36
    54
    49
    49
    49
    47
    47
    42
    47
    44
    40
    35
    32
    26
    26
    36
    21
    25
    32
    23
    27
    32
    24
    29
    24
    28
    28
    20
    25
    25
    11
    23
    28
    20
    15
    21
    17
    21
    6
    16
    12
    17
    12
    12
    8
    12
    636
    577
    501
    460
    411
    409
    350
    356
    341
    305
    307
    293
    270
    258
    257
    231
    224
    190
    206
    202
    207
    177
    193
    165
    149
    146
    156
    120
    147
    106
    138
    121
    110
    100
    105
    96
    80
    96
    68
    73
    90
    76
    81
    74
    75
    68
    70
    62
    54
    68
    64
    58
    50
    44
    40
    49
    48
    51
    34
    48
    48
    39
    34
    40
    26
    39
    36
    32
    28
    35
    32
    32
    28
    17
    22
    31
    21
    24
    22
    32
    21
    17
    34
    28
    15
    23
    30
    33
    28
    23
    19
    14
    11
    21
    15
    14
    19
    18
    11
    14
    597
    609
    498
    473
    453
    405
    387
    353
    341
    326
    299
    300
    273
    281
    233
    247
    208
    194
    171
    200
    194
    194
    166
    184
    142
    162
    160
    124
    129
    112
    116
    131
    98
    108
    101
    99
    88
    109
    84
    89
    67
    92
    66
    71
    76
    75
    71
    61
    58
    56
    49
    45
    44
    40
    47
    39
    51
    39
    47
    34
    31
    30
    38
    49
    37
    30
    36
    25
    37
    32
    24
    30
    28
    26
    30
    30
    15
    26
    25
    24
    26
    19
    28
    22
    14
    20
    31
    15
    20
    12
    8
    20
    12
    14
    18
    15
    21
    15
    9
    14
    643
    554
    522
    469
    417
    395
    386
    333
    351
    337
    315
    301
    279
    233
    224
    250
    214
    214
    241
    205
    187
    177
    147
    166
    149
    177
    141
    121
    136
    110
    113
    117
    110
    100
    87
    102
    93
    97
    91
    79
    91
    78
    89
    71
    72
    59
    58
    55
    46
    50
    44
    42
    66
    51
    58
    54
    56
    60
    42
    41
    40
    25
    32
    44
    35
    30
    37
    32
    43
    29
    36
    31
    37
    33
    20
    35
    26
    25
    19
    17
    26
    27
    21
    24
    18
    19
    21
    20
    16
    18
    19
    16
    14
    15
    23
    11
    13
    16
    13
    17
    612
    602
    536
    498
    435
    395
    371
    355
    320
    324
    314
    304
    271
    249
    233
    240
    244
    205
    211
    212
    213
    187
    188
    157
    145
    151
    134
    119
    136
    113
    123
    136
    107
    112
    93
    106
    90
    89
    83
    81
    94
    70
    70
    77
    65
    75
    55
    59
    55
    48
    54
    59
    55
    68
    48
    51
    46
    40
    51
    48
    41
    49
    43
    34
    27
    39
    46
    26
    31
    34
    28
    27
    29
    41
    23
    22
    31
    29
    21
    19
    25
    21
    18
    27
    21
    15
    16
    14
    15
    16
    17
    16
    15
    16
    20
    21
    8
    10
    14
    14
    625
    563
    503
    458
    427
    370
    361
    374
    335
    331
    312
    264
    262
    284
    249
    249
    244
    217
    202
    184
    188
    181
    158
    163
    162
    137
    140
    126
    115
    133
    113
    111
    110
    119
    102
    88
    86
    99
    78
    73
    92
    79
    70
    48
    69
    57
    61
    60
    65
    52
    54
    55
    45
    43
    52
    57
    47
    53
    45
    36
    44
    23
    33
    38
    34
    40
    37
    27
    34
    27
    36
    44
    25
    36
    23
    32
    24
    28
    35
    15
    28
    19
    26
    18
    26
    17
    14
    15
    19
    13
    12
    20
    8
    13
    13
    11
    14
    16
    16
    12

Data:
    0
    0
    0
    0
    0
    0
    0
    0
    0
    0
    0
    0
    0
    0
    0
    0
    0
    0
    0
    0
    0
    0
    0
    0
    0
    0
    0
    0
    0
    0
    0
    0
    0
    0
    0
    0
    0
    0
    0
    0
    0
    0
    0
    0
    0
    0
    0
    0
    0
    0
    0
    0
    0
    0
    0
    0
    0
    0
    0
    0
    0
    0
    0
    0
    0
    0
    0
    0
    0
    0
    0
    0
    0
    0
    0
    0
    0
    0
    0
    0
    0
    0
    0
    0
    0
    0
    0
    0
    0
    0
    0
    0
    0
    0
    0
    0
    0
    0
    0
    0
    0
    0
    0
    0
    0
    0
    0
    0
    0
    0
    0
    0
    0
    0
    0
    0
    0
    0
    0
    0
    0
    0
    0
    0
    0
    0
    0
    0
    0
    0
    0
    0
    0
    0
    0
    0
    0
    0
    0
    0
    0
    0
    0
    0
    0
    0
    0
    0
    0
    0
    0
    0
    0
    0
    0
    0
    0
    0
    0
    0
    0
    0
    0
    0
    0
    0
    0
    0
    0
    0
    0
    0
    0
    0
    0
    0
    0
    0
    0
    0
    0
    0
    0
    0
    0
    0
    0
    0
    0
    0
    0
    0
    0
    0
    0
    0
    0
    0
    0
    0
    0
    0
    0
    0
    0
    0
    0
    0
    0
    0
    0
    0
    0
    0
    0
    0
    0
    0
    0
    0
    0
    0
    0
    0
    0
    0
    0
    0
    0
    0
    0
    0
    0
    0
    0
    0
    0
    0
    0
    0
    0
    0
    0
    0
    0
    0
    0
    0
    0
    0
    0
    0
    0
    0
    0
    0
    0
    0
    0
    0
    0
    0
    0
    0
    0
    0
    0
    0
    0
    0
    0
    0
    0
    0
    0
    0
    0
    0
    0
    0
    0
    0
    0
    0
    0
    0
    0
    0
    0
    0
    0
    0
    0
    0
    0
    0
    0
    0
    0
    0
    0
    0
    0
    0
    0
    0
    0
    0
    0
    0
    0
    0
    0
    0
    0
    0
    0
    0
    0
    0
    0
    0
    0
    0
    0
    0
    0
    0
    0
    0
    0
    0
    0
    0
    0
    0
    0
    0
    0
    0
    0
    0
    0
    0
    0
    0
    0
    0
    0
    0
    0
    0
    0
    0
    0
    0
    0
    0
    0
    0
    0
    0
    0
    0
    0
    0
    0
    0
    0
    0
    0
    0
    0
    0
    0
    0
    0
    0
    0
    0
    0
    0
    0
    0
    0
    0
    0
    0
    0
    0
    0
    0
    0
    0
    0
    0
    0
    0
    0
    0
    0
    0
    0
    0
    0
    0
    0
    0
    0
    0
    0
    0
    0
    0
    0
    0
    0
    0
    0
    0
    0
    0
    0
    0
    0
    0
    0
    0
    0
    0
    0
    0
    0
    0
    0
    0
    0
    0
    0
    0
    0
    0
    0
    0
    0
    0
    0
    0
    0
    0
    0
    0
    0
    0
    0
    0
    0
    0
    0
    0
    0
    0
    0
    0
    0
    0
    0
    0
    0
    0
    0
    0
    0
    0
    0
    0
    0
    0
    0
    0
    0
    0
    0
    0
    0
    0
    0
    0
    0
    0
    0
    0
    0
    0
    0
    0
    0
    0
    0
    0
    0
    0
    0
    0
    0
    0
    0
    0
    0
    0
    0
    0
    0
    0
    0
    0
    0
    0
    0
    0
    0
    0
    0
    0
    0
    0
    0
    0
    0
    0
    0
    0
    0
    0
    0
    0
    0
    0
    0
    0
    0
    0
    0
    0
    0
    0
    0
    0
    0
    0
    0
    0
    0
    0
    0
    0
    0
    0
    0
    0
    0
    0
    0
    0
    0
    0
    0
    0
    0
    0
    0
    0
    0
    0
    0
    0
    0
    0
    0
    0
    0
    0
    0
    0
    0
    0
    0
    0
    0
    0
    0
    0
    0
    0
    0
    0
    0
    0
    0
    0
    0
    0
    0
    0
    0
    0
    0
    0
    0
    0
    0
    0
    0
    0
    0
    0
    0
    0
    0
    0
    0
    0
    0
    0
    0
    0
    0
    0
    0
    0
    0
    0
    0
    0
    0
    0
    0
    0
    0
    0
    0
    0
    0
    0
    0
    0
    0
    0
    0
    0
    0
    0
    0
    0
    0
    0
    0
    0
    0
    0
    0
    0
    0
    0
    0
    0
    0
    0
    0
    0
    0
    0
    0
    0
    0
    0
    0
    0
    0
    0
    0
    0
    0
    0
    0
    0
    0
    0
    0
    0
    0
    0
    0
    0
    0
    0
    0
    0
    0
    0
    0
    0
    0
    0
    0
    0
    0
    0
    0
    0
    0
    0
    0
    0
    0
    0
    0
    0
    0
    0
    0
    0
    0
    0
    0
    0
    0
    0
    0
    0
    0
    0
    0
    0
    0
    0
    0
    0
    0
    0
    0
    0
    0
    0
    0
    0
    0
    0
    0
    0
    0
    0
    0
    0
    0
    0
    0
    0
    0
    0
    0
    0
    0
    0
    0
    0
    0
    0
    0
    0
    0
    0
    0
    0
    0
    0
    0
    0
    0
    0
    0
    0
    0
    0
    0
    0
    0
    0
    0
    0
    0
    0
    0
    0
    0
    0
    0
    0
    0
    0
    0
    0
    0
    0
    0
    0
    0
    0
    0
    0
    0
    0
    0
    0
    0
    0
    0
    0
    0
    0
    0
    0
    0
    0
    0
    0
    0
    0
    0
    0
    0
    0
    0
    0
    0
    0
    0
    0
    0
    0
    0
    0
    0
    0
    0
    0
    0
    0
    0
    0
    0
    0
    0
    0
    0
    0
    0
    0
    0
    0
    0
    0
    0
    0
    0
    0
    0
    0
    0
    0
    0
    0
    0
    0
    0
    0
    0
    0
    0
    0
    0
    0
    0
    0
    0
    0
    0
    0
    0
    0
    0
    0
    0
    0
    0
    0
    0
    0
    0
    0
    0
    0
    0
    0
    0
    0
    0
    0
    0
    0
    0
    0
    0
    0
    0
    0
    0
    0
    0
    0
    0
    0
    0
    0
    0
    0
    0
    0
    0
    0
    0
    0
    0
    0
    0
    0
    0
    0
    0
    0
    0
    0
    0
    0
    0
    0
    0
    0
    0
    0
    0
    0
    0
    0
    0
    0
    0
    0
    0
    0
    0
    0
    0
    0
    0
    0
    0
    0
    0
    0
    0
    0
    0
    0
    0
    0
    0
    0
    0
    0
    0
    0
    0
    0
    0
    0
    0
    0
    0
    0
    0
    0
    0
    0
    0
    0
    0
    0
    0
    0
    0
    0
    0
    0
    0
    0
    0
    0
    0
    0
    0
    0
    0
    0
    0
    0
    0
    0
    0
    0
    0
    0
    0
    0
    0
    0
    0
    0
    0
    0
    0
    0
    0
    0
    0
    0
    0
    0
    0
    0
    0
    0
    0
    0
    0
    0
    0
    0
    0
    0
    0
    0
    0
    0
    0
    0
    0
    0
    0
    0
    0
    0
    0
    0
    0
    0
    0
    0
    0
    0
    0
    0
    0
    0
    0
    0
    0
    0
    0
    0
    0
    0
    0
    0
    0
    0
    0
    0
    0
    0
    0
    0
    0
    0
    0
    0
    0
    0
    0
    0
    0
    0
    0
    0
    0
    0
    0
    0
    0
    0
    0
    0
    0
    0
    0
    0
    0
    0
    0
    0
    0
    0
    0
    0
    0
    0
    0
    0
    0
    0
    0
    0
    0
    0
    0
    0
    0
    0
    0
    0
    0
    0
    0
    0
    0
    0
    0
    0
    0
    0
    0
    0
    0
    0
    0
    0
    0
    0
    0
    0
    0
    0
    0
    0
    0
    0
    0
    0
    0
    0
    0
    0
    0
    0
    0
    0
    0
    0
    0
    0
    0
    0
    0
    0
    0
    0
    0
    0
    0
    0
    0
    0
    0
    0
    0
    0
    0
    0
    0
    0
    0
    0
    0
    0
    0
    0
    0
    0
    0
    0
    0
    0
    0
    0
    0
    0
    0
    0
    0
    0
    0
    0
    0
    0
    0
    0
    0
    0
    0
    0
    0
    0
    0
    0
    0
    0
    0
    0
    0
    0
    0
    0
    0
    0
    0
    0
    0
    0
    0
    0
    0
    0
    0
    0
    0
    0
    0
    0
    0
    0
    0
    0
    0
    0
    0
    0
    0
    0
    0
    0
    0
    0
    0
    0
    0
    0
    0
    0
    0
    0
    0
    0
    0
    0
    0
    0
    0
    0
    0
    0
    0
    0
    0
    0
    0
    0
    0
    0
    0
    0
    0
    0
    0
    0
    0
    0
    0
    0
    0
    0
    0
    0
    0
    0
    0
    0
    0
    0
    0
    0
    0
    0
    0
    0
    0
    0
    0
    0
    0
    0
    0
    0
    0
    0
    0
    0
    0
    0
    0
    0
    0
    0
    0
    0
    0
    0
    0
    0
    0
    0
    0
    0
    0
    0
    0
    0
    0
    0
    0
    0
    0
    0
    0
    0
    0
    0
    0
    0
    0
    0
    0
    0
    0
    0
    0
    0
    0
    0
    0
    0
    0
    0
    0
    0
    0
    0
    0
    0
    0
    0
    0
    0
    0
    0
    0
    0
    0
    0
    0
    0
    0
    0
    0
    0
    0
    0
    0
    0
    0
    0
    0
    0
    0
    0
    0
    0
    0
    0
    0
    0
    0
    0
    0
    0
    0
    0
    0
    0
    0
    0
    0
    0
    0
    0
    0
    0
    0
    0
    0
    0
    0
    0
    0
    0
    0
    0
    0
    0
    0
    0
    0
    0
    0
    0
    0
    0
    0
    0
    0
    0
    0
    0
    0
    0
    0
    0
    0
    0
    0
    0
    0
    0
    0
    0
    0
    0
    0
    0
    0
    0
    0
    0
    0
    0
    0
    0
    0
    0
    0
    0
    0
    0
    0
    0
    0
    0
    0
    0
    0
    0
    0
    0
    0
    0
    0
    0
    0
    0
    0
    0
    0
    0
    0
    0
    0
    0
    0
    0
    0
    0
    0
    0
    0
    0
    0
    0
    0
    0
    0
    0
    0
    0
    0
    0
    0
    0
    0
    0
    0
    0
    0
    0
    0
    0
    0
    0
    0
    0
    0
    0
    0
    0
    0
    0
    0
    0
    0
    0
    0
    0
    0
    0
    0
    0
    0
    0
    0
    0
    0
    0
    0
    0
    0
    0
    0
    0
    0
    0
    0
    0
    0
    0
    0
    0
    0
    0
    0
    0
    0
    0
    0
    0
    0
    0
    0
    0
    0
    0
    0
    0
    0
    0
    0
    0
    0
    0
    0
    0
    0
    0
    0
    0
    0
    0
    0
    0
    0
    0
    0
    0
    0
    0
    0
    0
    0
    0
    0
    0
    0
    0
    0
    0
    0
    0
    0
    0
    0
    0
    0
    0
    0
    0
    0
    0
    0
    0
    0
    0
    0
    0
    0
    0
    0
    0
    0
    0
    0
    0
    0
    0
    0
    0
    0
    0
    0
    0
    0
    0
    0
    0
    0
    0
    0
    0
    0
    0
    0
    0
    0
    0
    0
    0
    0
    0
    0
    0
    0
    0
    0
    0
    0
    0
    0
    0
    0
    0
    0
    0
    0
    0
    0
    0
    0
    0
    0
    0
    0
    0
    0
    0
    0
    0
    0
    0
    0
    0
    0
    0
    0
    0
    0
    0
    0
    0
    0
    0
    0
    0
    0
    0
    0
    0
    0
    0
    0
    0
    0
    0
    0
    0
    0
    0
    0
    0
    0
    0
    0
    0
    0
    0
    0
    0
    0
    0
    0
    0
    0
    0
    0
    0
    0
    0
    0
    0
    0
    0
    0
    0
    0
    0
    0
    0
    0
    0
    0
    0
    0
    0
    0
    0
    0
    0
    0
    0
    0
    0
    0
    0
    0
    0
    0
    0
    0
    0
    0
    0
    0
    0
    0
    0
    0
    0
    0
    0
    0
    0
    0
    0
    0
    0
    0
    0
    0
    0
    0
    0
    0
    0
    0
    0
    0
    0
    0
    0
    0
    0
    0
    0
    0
    0
    0
    0
    0
    0
    0
    0
    0
    0
    0
    0
    0
    0
    0
    0
    0
    0
    0
    0
    0
    0
    0
    0
    0
    0
    0
    0
    0
    0
    0
    0
    0
    0
    0
    0
    0
    0
    0
    0
    0
    0
    0
    0
    0
    0
    0
    0
    0
    0
    0
    0
    0
    0
    0
    0
    0
    0
    0
    0
    0
    0
    0
    0
    0
    0
    0
    0
    0
    0
    0
    0
    0
    0
    0
    0
    0
    0
    0
    0
    0
    0
    0
    0
    0
    0
    0
    0
    0
    0
    0
    0
    0
    0
    0
    0
    0
    0
    0
    0
    0
    0
    0
    0
    0
    0
    0
    0
    0
    0
    0
    0
    0
    0
    0
    0
    0
    0
    0
    0
    0
    0
    0
    0
    0
    0
    0
    0
    0
    0
    0
    0
    0
    0
    0
    0
    0
    0
    0
    0
    0
    0
    0
    0
    0
    0
    0
    0
    0
    0
    0
    0
    0
    0
    0
    0
    0
    0
    0
    0
    0
    0
    0
    0
    0
    0
    0
    0
    0
    0
    0
    0
    0
    0
    0
    0
    0
    0
    0
    0
    0
    0
    0
    0
    0
    0
    0
    0
    0
    0
    0
    0
    0
    0
    0
    0
    0
    0
    0
    0
    0
    0
    0
    0
    0
    0
    0
    0
    0
    0
    0
    0
    0
    0
    0
    0
    0
    0
    0
    0
    0
    0
    0
    0
    0
    0
    0
    0
    0
    0
    0
    0
    0
    0
    0
    0
    0
    0
    0
    0
    0
    0
    0
    0
    0
    0
    0
    0
    0
    0
    0
    0
    0
    0
    0
    0
    0
    0
    0
    0
    0
    0
    0
    0
    0
    0
    0
    0
    0
    0
    0
    0
    0
    0
    0
    0
    0
    0
    0
    0
    0
    0
    0
    0
    0
    0
    0
    0
    0
    0
    0
    0
    0
    0
    0
    0
    0
    0
    0
    0
    0
    0
    0
    0
    0
    0
    0
    0
    0
    0
    0
    0
    0
    0
    0
    0
    0
    0
    0
    0
    0
    0
    0
    0
    0
    0
    0
    0
    0
    0
    0
    0
    0
    0
    0
    0
    0
    0
    0
    0
    0
    0
    0
    0
    0
    0
    0
    0
    0
    0
    0
    0
    0
    0
    0
    0
    0
    0
    0
    0
    0
    0
    0
    0
    0
    0
    0
    0
    0
    0
    0
    0
    0
    0
    0
    0
    0
    0
    0
    0
    0
    0
    0
    0
    0
    0
    0
    0
    0
    0
    0
    0
    0
    0
    0
    0
    0
    0
    0
    0
    0
    0
    0
    0
    0
    0
    0
    0
    0
    0
    0
    0
    0
    0
    0
    0
    0
    0
    0
    0
    0
    0
    0
    0
    0
    0
    0
    0
    0
    0
    0
    0
    0
    0
    0
    0
    0
    0
    0
    0
    0
    0
    0
    0
    0
    0
    0
    0
    0
    0
    0
    0
    0
    0
    0
    0
    0
    0
    0
    0
    0
    0
    0
    0
    0
    0
    0
    0
    0
    0
    0
    0
    0
    0
    0
    0
    0
    0
    0
    0
    0
    0
    0
    0
    0
    0
    0
    0
    0
    0
    0
    0
    0
    0
    0
    0
    0
    0
    0
    0
    0
    0
    0
    0
    0
    0
    0
    0
    0
    0
    0
    0
    0
    0
    0
    0
    0
    0
    0
    0
    0
    0
    0
    0
    0
    0
    0
    0
    0
    0
    0
    0
    0
    0
    0
    0
    0
    0
    0
    0
    0
    0
    0
    0
    0
    0
    0
    0
    0
    0
    0
    0
    0
    0
    0
    0
    0
    0
    0
    0
    0
    0
    0
    0
    0
    0
    0
    0
    0
    0
    0
    0
    0
    0
    0
    0
    0
    0
    0
    0
    0
    0
    0
    0
    0
    0
    0
    0
    0
    0
    0
    0
    0
    0
    0
    0
    0
    0
    0
    0
    0
    0
    0
    0
    0
    0
    0
    0
    0
    0
    0
    0
    0
    0
    0
    0
    0
    0
    0
    0
    0
    0
    0
    0
    0
    0
    0
    0
    0
    0
    0
    0
    0
    0
    0
    0
    0
    0
    0
    0
    0
    0
    0
    0
    0
    0
    0
    0
    0
    0
    0
    0
    0
    0
    0
    0
    0
    0
    0
    0
    0
    0
    0
    0
    0
    0
    0
    0
    0
    0
    0
    0
    0
    0
    0
    0
    0
    0
    0
    0
    0
    0
    0
    0
    0
    0
    0
    0
    0
    0
    0
    0
    0
    0
    0
    0
    0
    0
    0
    0
    0
    0
    0
    0
    0
    0
    0
    0
    0
    0
    0
    0
    0
    0
    0
    0
    0
    0
    0
    0
    0
    0
    0
    0
    0
    0
    0
    0
    0
    0
    0
    0
    0
    0
    0
    0
    0
    0
    0
    0
    0
    0
    0
    0
    0
    0
    0
    0
    0
    0
    0
    0
    0
    0
    0
    0
    0
    0
    0
    0
    0
    0
    0
    0
    0
    0
    0
    0
    0
    0
    0
    0
    0
    0
    0
    0
    0
    0
    0
    0
    0
    0
    0
    0
    0
    0
    0
    0
    0
    0
    0
    0
    0
    0
    0
    0
    0
    0
    0
    0
    0
    0
    0
    0
    0
    0
    0
    0
    0
    0
    0
    0
    0
    0
    0
    0
    0
    0
    0
    0
    0
    0
    0
    0
    0
    0
    0
    0
    0
    0
    0
    0
    0
    0
    0
    0
    0
    0
    0
    0
    0
    0
    0
    0
    0
    0
    0
    0
    0
    0
    0
    0
    0
    0
    0
    0
    0
    0
    0
    0
    0
    0
    0
    0
    0
    0
    0
    0
    0
    0
    0
    0
    0
    0
    0
    0
    0
    0
    0
    0
    0
    0
    0
    0
    0
    0
    0
    0
    0
    0
    0
    0
    0
    0
    0
    0
    0
    0
    0
    0
    0
    0
    0
    0
    0
    0
    0
    0
    0
    0
    0
    0
    0
    0
    0
    0
    0
    0
    0
    0
    0
    0
    0
    0
    0
    0
    0
    0
    0
    0
    0
    0
    0
    0
    0
    0
    0
    0
    0
    0
    0
    0
    0
    0
    0
    0
    0
    0
    0
    0
    0
    0
    0
    0
    0
    0
    0
    0
    0
    0
    0
    0
    0
    0
    0
    0
    0
    0
    0
    0
    0
    0
    0
    0
    0
    0
    0
    0
    0
    0
    0
    0
    0
    0
    0
    0
    0
    0
    0
    0
    0
    0
    0
    0
    0
    0
    0
    0
    0
    0
    0
    0
    0
    0
    0
    0
    0
    0
    0
    0
    0
    0
    0
    0
    0
    0
    0
    0
    0
    0
    0
    0
    0
    0
    0
    0
    0
    0
    0
    0
    0
    0
    0
    0
    0
    0
    0
    0
    0
    0
    0
    0
    0
    0
    0
    0
    0
    0
    0
    0
    0
    0
    0
    0
    0
    0
    0
    0
    0
    0
    0
    0
    0
    0
    0
    0
    0
    0
    0
    0
    0
    0
    0
    0
    0
    0
    0
    0
    0
    0
    0
    0
    0
    0
    0
    0
    0
    0
    0
    0
    0
    0
    0
    0
    0
    0
    0
    0
    0
    0
    0
    0
    0
    0
    0
    0
    0
    0
    0
    0
    0
    0
    0
    0
    0
    0
    0
    0
    0
    0
    0
    0
    0
    0
    0
    0
    0
    0
    0
    0
    0
    0
    0
    0
    0
    0
    0
    0
    0
    0
    0
    0
    0
    0
    0
    0
    0
    0
    0
    0
    0
    0
    0
    0
    0
    0
    0
    0
    0
    0
    0
    0
    0
    0
    0
    0
    0
    0
    0
    0
    0
    0
    0
    0
    0
    0
    0
    0
    0
    0
    0
    0
    0
    0
    0
    0
    0
    0
    0
    0
    0
    0
    0
    0
    0
    0
    0
    0
    0
    0
    0
    0
    0
    0
    0
    0
    0
    0
    0
    0
    0
    0
    0
    0
    0
    0
    0
    0
    0
    0
    0
    0
    0
    0
    0
    0
    0
    0
    0
    0
    0
    0
    0
    0
    0
    0
    0
    0
    0
    0
    0
    0
    0
    0
    0
    0
    0
    0
    0
    0
    0
    0
    0
    0
    0
    0
    0
    0
    0
    0
    0
    0
    0
    0
    0
    0
    0
    0
    0
    0
    0
    0
    0
    0
    0
    0
    0
    0
    0
    0
    0
    0
    0
    0
    0
    0
    0
    0
    0
    0
    0
    0
    0
    0
    0
    0
    0
    0
    0
    0
    0
    0
    0
    0
    0
    0
    0
    0
    0
    0
    0
    0
    0
    0
    0
    0
    0
    0
    0
    0
    0
    0
    0
    0
    0
    0
    0
    0
    0
    0
    0
    0
    0
    0
    0
    0
    0
    0
    0
    0
    0
    0
    0
    0
    0
    0
    0
    0
    0
    0
    0
    0
    0
    0
    0
    0
    0
    0
    0
    0
    0
    0
    0
    0
    0
    0
    0
    0
    0
    0
    0
    0
    0
    0
    0
    0
    0
    0
    0
    0
    0
    0
    0
    0
    0
    0
    0
    0
    0
    0
    0
    0
    0
    0
    0
    0
    0
    0
    0
    0
    0
    0
    0
    0
    0
    0
    0
    0
    0
    0
    0
    0
    0
    0
    0
    0
    0
    0
    0
    0
    0
    0
    0
    0
    0
    0
    0
    0
    0
    0
    0
    0
    0
    0
    0
    0
    0
    0
    0
    0
    0
    0
    0
    0
    0
    0
    0
    0
    0
    0
    0
    0
    0
    0
    0
    0
    0
    0
    0
    0
    0
    0
    0
    0
    0
    0
    0
    0
    0
    0
    0
    0
    0
    0
    0
    0
    0
    0
    0
    0
    0
    0
    0
    0
    0
    0
    0
    0
    0
    0
    0
    0
    0
    0
    0
    0
    0
    0
    0
    0
    0
    0
    0
    0
    0
    0
    0
    0
    0
    0
    0
    0
    0
    0
    0
    0
    0
    0
    0
    0
    0
    0
    0
    0
    0
    0
    0
    0
    0
    0
    0
    0
    0
    0
    0
    0
    0
    0
    0
    0
    0
    0
    0
    0
    0
    0
    0
    0
    0
    0
    0
    0
    0
    0
    0
    0
    0
    0
    0
    0
    0
    0
    0
    0
    0
    0
    0
    0
    0
    0
    0
    0
    0
    0
    0
    0
    0
    0
    0
    0
    0
    0
    0
    0
    0
    0
    0
    0
    0
    0
    0
    0
    0
    0
    0
    0
    0
    0
    0
    0
    0
    0
    0
    0
    0
    0
    0
    0
    0
    0
    0
    0
    0
    0
    0
    0
    0
    0
    0
    0
    0
    0
    0
    0
    0
    0
    0
    0
    0
    0
    0
    0
    0
    0
    0
    0
    0
    0
    0
    0
    0
    0
    0
    0
    0
    0
    0
    0
    0
    0
    0
    0
    0
    0
    0
    0
    0
    0
    0
    0
    0
    0
    0
    0
    0
    0
    0
    0
    0
    0
    0
    0
    0
    0
    0
    0
    0
    0
    0
    0
    0
    0
    0
    0
    0
    0
    0
    0
    0
    0
    0
    0
    0
    0
    0
    0
    0
    0
    0
    0
    0
    0
    0
    0
    0
    0
    0
    0
    0
    0
    0
    0
    0
    0
    0
    0
    0
    0
    0
    0
    0
    0
    0
    0
    0
    0
    0
    0
    0
    0
    0
    0
    0
    0
    0
    0
    0
    0
    0
    0
    0
    0
    0
    0
    0
    0
    0
    0
    0
    0
    0
    0
    0
    0
    0
    0
    0
    0
    0
    0
    0
    0
    0
    0
    0
    0
    0
    0
    0
    0
    0
    0
    0
    0
    0
    0
    0
    0
    0
    0
    0
    0
    0
    0
    0
    0
    0
    0
    0
    0
    0
    0
    0
    0
    0
    0
    0
    0
    0
    0
    0
    0
    0
    0
    0
    0
    0
    0
    0
    0
    0
    0
    0
    0
    0
    0
    0
    0
    0
    0
    0
    0
    0
    0
    0
    0
    0
    0
    0
    0
    0
    0
    0
    0
    0
    0
    0
    0
    0
    0
    0
    0
    0
    0
    0
    0
    0
    0
    0
    0
    0
    0
    0
    0
    0
    0
    0
    0
    0
    0
    0
    0
    0
    0
    0
    0
    0
    0
    0
    0
    0
    0
    0
    0
    0
    0
    0
    0
    0
    0
    0
    0
    0
    0
    0
    0
    0
    0
    0
    0
    0
    0
    0
    0
    0
    0
    0
    0
    0
    0
    0
    0
    0
    0
    0
    0
    0
    0
    0
    0
    0
    0
    0
    0
    0
    0
    0
    0
    0
    0
    0
    0
    0
    0
    0
    0
    0
    0
    0
    0
    0
    0
    0
    0
    0
    0
    0
    0
    0
    0
    0
    0
    0
    0
    0
    0
    0
    0
    0
    0
    0
    0
    0
    0
    0
    0
    0
    0
    0
    0
    0
    0
    0
    0
    0
    0
    0
    0
    0
    0
    0
    0
    0
    0
    0
    0
    0
    0
    0
    0
    0
    0
    0
    0
    0
    0
    0
    0
    0
    0
    0
    0
    0
    0
    0
    0
    0
    0
    0
    0
    0
    0
    0
    0
    0
    0
    0
    0
    0
    0
    0
    0
    0
    0
    0
    0
    0
    0
    0
    0
    0
    0
    0
    0
    0
    0
    0
    0
    0
    0
    0
    0
    0
    0
    0
    0
    0
    0
    0
    0
    0
    0
    0
    0
    0
    0
    0
    0
    0
    0
    0
    0
    0
    0
    0
    0
    0
    0
    0
    0
    0
    0
    0
    0
    0
    0
    0
    0
    0
    0
    0
    0
    0
    0
    0
    0
    0
    0
    0
    0
    0
    0
    0
    0
    0
    0
    0
    0
    0
    0
    0
    0
    0
    0
    0
    0
    0
    0
    0
    0
    0
    0
    0
    0
    0
    0
    0
    0
    0
    0
    0
    0
    0
    0
    0
    0
    0
    0
    0
    0
    0
    0
    0
    0
    0
    0
    0
    0
    0
    0
    0
    0
    0
    0
    0
    0
    0
    0
    0
    0
    0
    0
    0
    0
    0
    0
    0
    0
    0
    0
    0
    0
    0
    0
    0
    0
    0
    0
    0
    0
    0
    0
    0
    0
    0
    0
    0
    0
    0
    0
    0
    0
    0
    0
    0
    0
    0
    0
    0
    0
    0
    0
    0
    0
    0
    0
    0
    0
    0
    0
    0
    0
    0
    0
    0
    0
    0
    0
    0
    0
    0
    0
    0
    0
    0
    0
    0
    0
    0
    0
    0
    0
    0
    0
    0
    0
    0
    0
    0
    0
    0
    0
    0
    0
    0
    0
    0
    0
    0
    0
    0
    0
    0
    0
    0
    0
    0
    0
    0
    0
    0
    0
    0
    0
    0
    0
    0
    0
    0
    0
    0
    0
    0
    0
    0
    0
    0
    0
    0
    0
    0
    0
    0
    0
    0
    0
    0
    0
    0
    0
    0
    0
    0
    0
    0
    0
    0
    0
    0
    0
    0
    0
    0
    0
    0
    0
    0
    0
    0
    0
    0
    0
    0
    0
    0
    0
    0
    0
    0
    0
    0
    0
    0
    0
    0
    0
    0
    0
    0
    0
    0
    0
    0
    0
    0
    0
    0
    0
    0
    0
    0
    0
    0
    0
    0
    0
    0
    0
    0
    0
    0
    0
    0
    0
    0
    0
    0
    0
    0
    0
    0
    0
    0
    0
    0
    0
    0
    0
    0
    0
    0
    0
    0
    0
    0
    0
    0
    0
    0
    0
    0
    0
    0
    0
    0
    0
    0
    0
    0
    0
    0
    0
    0
    0
    0
    0
    0
    0
    0
    0
    0
    0
    0
    0
    0
    0
    0
    0
    0
    0
    0
    0
    0
    0
    0
    0
    0
    0
    0
    0
    0
    0
    0
    0
    0
    0
    0
    0
    0
    0
    0
    0
    0
    0
    0
    0
    0
    0
    0
    0
    0
    0
    0
    0
    0
    0
    0
    0
    0
    0
    0
    0
    0
    0
    0
    0
    0
    0
    0
    0
    0
    0
    0
    0
    0
    0
    0
    0
    0
    0
    0
    0
    0
    0
    0
    0
    0
    0
    0
    0
    0
    0
    0
    0
    0
    0
    0
    0
    0
    0
    0
    0
    0
    0
    0
    0
    0
    0
    0
    0
    0
    0
    0
    0
    0
    0
    0
    0
    0
    0
    0
    0
    0
    0
    0
    0
    0
    0
    0
    0
    0
    0
    0
    0
    0
    0
    0
    0
    0
    0
    0
    0
    0
    0
    0
    0
    0
    0
    0
    0
    0
    0
    0
    0
    0
    0
    0
    0
    0
    0
    0
    0
    0
    0
    0
    0
    0
    0
    0
    0
    0
    0
    0
    0
    0
    0
    0
    0
    0
    0
    0
    0
    0
    0
    0
    0
    0
    0
    0
    0
    0
    0
    0
    0
    0
    0
    0
    0
    0
    0
    0
    0
    0
    0
    0
    0
    0
    0
    0
    0
    0
    0
    0
    0
    0
    0
    0
    0
    0
    0
    0
    0
    0
    0
    0
    0
    0
    0
    0
    0
    0
    0
    0
    0
    0
    0
    0
    0
    0
    0
    0
    0
    0
    0
    0
    0
    0
    0
    0
    0
    0
    0
    0
    0
    0
    0
    0
    0
    0
    0
    0
    0
    0
    0
    0
    0
    0
    0
    0
    0
    0
    0
    0
    0
    0
    0
    0
    0
    0
    0
    0
    0
    0
    0
    0
    0
    0
    0
    0
    0
    0
    0
    0
    0
    0
    0
    0
    0
    0
    0
    0
    0
    0
    0
    0
    0
    0
    0
    0
    0
    0
    0
    0
    0
    0
    0
    0
    0
    0
    0
    0
    0
    0
    0
    0
    0
    0
    0
    0
    0
    0
    0
    0
    0
    0
    0
    0
    0
    0
    0
    0
    0
    0
    0
    0
    0
    0
    0
    0
    0
    0
    0
    0
    0
    0
    0
    0
    0
    0
    0
    0
    0
    0
    0
    0
    0
    0
    0
    0
    0
    0
    0
    0
    0
    0
    0
    0
    0
    0
    0
    0
    0
    0
    0
    0
    0
    0
    0
    0
    0
    0
    0
    0
    0
    0
    0
    0
    0
    0
    0
    0
    0
    0
    0
    0
    0
    0
    0
    0
    0
    0
    0
    0
    0
    0
    0
    0
    0
    0
    0
    0
    0
    0
    0
    0
    0
    0
    0
    0
    0
    0
    0
    0
    0
    0
    0
    0
    0
    0
    0
    0
    0
    0
    0
    0
    0
    0
    0
    0
    0
    0
    0
    0
    0
    0
    0
    0
    0
    0
    0
    0
    0
    0
    0
    0
    0
    0
    0
    0
    0
    0
    0
    0
    0
    0
    0
    0
    0
    0
    0
    0
    0
    0
    0
    0
    0
    0
    0
    0
    0
    0
    0
    0
    0
    0
    0
    0
    0
    0
    0
    0
    0
    0
    0
    0
    0
    0
    0
    0
    0
    0
    0
    0
    0
    0
    0
    0
    0
    0
    0
    0
    0
    0
    0
    0
    0
    0
    0
    0
    0
    0
    0
    0
    0
    0
    0
    0
    0
    0
    0
    0
    0
    0
    0
    0
    0
    0
    0
    0
    0
    0
    0
    0
    0
    0
    0
    0
    0
    0
    0
    0
    0
    0
    0
    0
    0
    0
    0
    0
    0
    0
    0
    0
    0
    0
    0
    0
    0
    0
    0
    0
    0
    0
    0
    0
    0
    0
    0
    0
    0
    0
    0
    0
    0
    0
    0
    0
    0
    0
    0
    0
    0
    0
    0
    0
    0
    0
    0
    0
    0
    0
    0
    0
    0
    0
    0
    0
    0
    0
    0
    0
    0
    0
    0
    0
    0
    0
    0
    0
    0
    0
    0
    0
    0
    0
    0
    0
    0
    0
    0
    0
    0
    0
    0
    0
    0
    0
    0
    0
    0
    0
    0
    0
    0
    0
    0
    0
    0
    0
    0
    0
    0
    0
    0
    0
    0
    0
    0
    0
    0
    0
    0
    0
    0
    0
    0
    0
    0
    0
    0
    0
    0
    0
    0
    0
    0
    0
    0
    0
    0
    0
    0
    0
    0
    0
    0
    0
    0
    0
    0
    0
    0
    0
    0
    0
    0
    0
    0
    0
    0
    0
    0
    0
    0
    0
    0
    0
    0
    0
    0
    0
    0
    0
    0
    0
    0
    0
    0
    0
    0
    0
    0
    0
    0
    0
    0
    0
    0
    0
    0
    0
    0
    0
    0
    0
    0
    0
    0
    0
    0
    0
    0
    0
    0
    0
    0
    0
    0
    0
    0
    0
    0
    0
    0
    0
    0
    0
    0
    0
    0
    0
    0
    0
    0
    0
    0
    0
    0
    0
    0
    0
    0
    0
    0
    0
    0
    0
    0
    0
    0
    0
    0
    0
    0
    0
    0
    0
    0
    0
    0
    0
    0
