Project Info:
    ACQ Time: 2019- 9-24  11:21:49:  95 .
    Project: ltj左侧足三里右旁开（足三里涂红药水30min）
    Name: 
    Part:  
    Operator:  
    Desc.:  
    Sample Data Acquired.

ACQ Parameters:
    Excited Peroid(ms): 50
    Excited Time(ms): 10
    Acq Delay Time(us): 10
    Gate Time(ms): 20
    Count Num per gate: 100
    Repeat Times: 50
    Acq Gate Times: 1
    Interval per Gate(us): 100
    Channel Number: 2

Data:
    378
    354
    323
    257
    260
    240
    199
    211
    174
    177
    151
    162
    131
    120
    134
    103
    123
    122
    89
    98
    100
    100
    84
    86
    72
    80
    71
    62
    61
    49
    39
    57
    58
    54
    44
    50
    54
    46
    48
    37
    38
    35
    35
    33
    22
    30
    33
    26
    34
    20
    29
    27
    27
    20
    23
    21
    23
    23
    15
    17
    17
    12
    10
    14
    17
    17
    17
    22
    11
    10
    10
    16
    9
    13
    18
    17
    10
    9
    11
    11
    7
    9
    6
    10
    9
    6
    6
    6
    9
    9
    13
    10
    5
    3
    6
    9
    5
    7
    6
    4
    433
    368
    335
    250
    267
    228
    204
    196
    228
    151
    145
    165
    131
    126
    139
    122
    126
    94
    114
    92
    86
    90
    86
    93
    81
    59
    70
    76
    69
    68
    42
    53
    58
    40
    43
    52
    43
    39
    33
    44
    29
    34
    29
    36
    36
    22
    31
    27
    37
    31
    24
    31
    27
    22
    24
    25
    25
    18
    23
    22
    13
    11
    20
    14
    15
    14
    15
    16
    13
    10
    15
    23
    12
    9
    13
    11
    9
    21
    9
    11
    10
    7
    10
    7
    5
    12
    10
    11
    6
    9
    9
    9
    7
    5
    8
    6
    4
    11
    13
    3
    410
    361
    321
    275
    256
    263
    246
    197
    170
    175
    140
    142
    144
    120
    130
    115
    116
    128
    112
    89
    94
    82
    105
    98
    78
    69
    78
    58
    61
    60
    63
    53
    43
    56
    53
    47
    61
    44
    31
    38
    37
    42
    38
    34
    41
    27
    43
    26
    24
    30
    33
    16
    21
    21
    19
    20
    27
    26
    17
    20
    16
    19
    19
    13
    10
    19
    19
    12
    17
    20
    9
    14
    13
    14
    19
    14
    13
    16
    10
    17
    15
    10
    6
    6
    7
    12
    7
    9
    6
    7
    3
    6
    8
    10
    6
    4
    8
    3
    5
    7
    400
    322
    278
    274
    262
    253
    219
    208
    186
    201
    148
    172
    143
    150
    129
    126
    107
    105
    98
    121
    95
    79
    83
    86
    89
    65
    59
    57
    61
    79
    56
    48
    42
    44
    44
    53
    43
    36
    47
    35
    51
    25
    36
    33
    23
    24
    24
    29
    28
    27
    31
    18
    19
    21
    13
    23
    20
    17
    16
    21
    15
    14
    17
    28
    17
    8
    12
    16
    16
    14
    7
    23
    17
    13
    10
    14
    14
    16
    17
    13
    13
    8
    8
    9
    7
    10
    9
    8
    8
    6
    13
    6
    11
    4
    12
    7
    8
    7
    1
    9
    404
    362
    307
    292
    262
    269
    191
    220
    194
    180
    146
    149
    142
    146
    138
    110
    128
    118
    103
    96
    97
    85
    91
    87
    92
    77
    75
    62
    42
    56
    58
    60
    74
    48
    49
    44
    46
    43
    42
    42
    33
    47
    34
    30
    36
    46
    21
    28
    38
    31
    21
    18
    24
    25
    29
    29
    21
    19
    19
    17
    21
    23
    14
    20
    24
    16
    17
    13
    18
    13
    15
    21
    14
    17
    13
    20
    7
    11
    11
    4
    8
    8
    9
    7
    6
    8
    8
    7
    4
    8
    5
    6
    8
    5
    2
    9
    5
    5
    7
    7
    381
    357
    328
    264
    227
    229
    235
    179
    208
    222
    148
    169
    156
    152
    129
    127
    121
    106
    115
    86
    95
    101
    91
    84
    78
    79
    69
    66
    64
    57
    60
    54
    50
    65
    57
    65
    35
    57
    49
    36
    42
    38
    47
    30
    36
    24
    33
    30
    29
    32
    23
    31
    19
    20
    24
    19
    21
    25
    23
    19
    15
    16
    11
    12
    15
    11
    12
    15
    14
    18
    17
    13
    4
    15
    12
    15
    14
    7
    15
    12
    8
    12
    7
    14
    11
    8
    5
    7
    14
    8
    14
    6
    4
    6
    9
    4
    7
    6
    4
    2
    368
    334
    314
    272
    248
    235
    226
    206
    198
    181
    178
    147
    141
    139
    114
    131
    127
    127
    116
    87
    99
    81
    103
    83
    77
    77
    66
    86
    71
    69
    57
    66
    55
    51
    52
    47
    46
    52
    41
    45
    41
    24
    42
    28
    31
    38
    34
    41
    26
    32
    27
    21
    26
    32
    25
    14
    21
    20
    16
    18
    19
    22
    19
    20
    14
    16
    12
    22
    17
    4
    15
    9
    13
    11
    15
    12
    13
    12
    20
    7
    7
    11
    9
    8
    5
    7
    9
    10
    11
    11
    6
    8
    4
    7
    8
    7
    6
    4
    4
    6
    419
    357
    307
    274
    243
    227
    220
    237
    194
    197
    171
    168
    125
    124
    144
    136
    123
    104
    113
    102
    109
    89
    99
    79
    87
    60
    74
    74
    63
    73
    73
    67
    71
    53
    50
    42
    43
    42
    47
    41
    37
    40
    31
    37
    44
    33
    35
    32
    30
    31
    31
    38
    27
    20
    21
    15
    24
    21
    13
    17
    16
    24
    18
    18
    20
    17
    24
    13
    16
    12
    12
    14
    15
    12
    13
    9
    10
    11
    10
    9
    6
    6
    15
    16
    8
    10
    14
    9
    9
    6
    6
    6
    10
    6
    5
    4
    6
    9
    2
    8
    419
    342
    332
    274
    258
    242
    195
    190
    189
    182
    174
    163
    135
    154
    132
    117
    112
    120
    95
    93
    108
    89
    91
    89
    89
    64
    71
    84
    66
    60
    64
    59
    59
    57
    54
    56
    49
    58
    51
    48
    37
    36
    44
    46
    39
    31
    38
    43
    37
    28
    24
    20
    21
    25
    25
    25
    25
    12
    29
    14
    16
    21
    19
    16
    16
    11
    18
    16
    21
    11
    10
    13
    15
    11
    17
    9
    20
    11
    13
    7
    8
    13
    8
    15
    14
    8
    4
    9
    10
    12
    12
    9
    7
    2
    5
    6
    4
    9
    5
    7
    416
    352
    290
    279
    264
    239
    239
    230
    197
    183
    153
    179
    174
    126
    143
    151
    134
    107
    107
    95
    88
    93
    95
    103
    71
    80
    66
    76
    66
    63
    71
    61
    56
    47
    43
    38
    50
    52
    46
    46
    48
    30
    39
    36
    35
    42
    34
    29
    30
    27
    24
    24
    19
    31
    27
    25
    24
    26
    23
    22
    16
    19
    11
    22
    24
    17
    13
    20
    7
    21
    15
    11
    14
    10
    15
    14
    11
    12
    9
    14
    10
    7
    12
    8
    13
    12
    13
    4
    7
    6
    10
    10
    7
    6
    8
    9
    3
    7
    2
    3
    368
    363
    306
    278
    241
    235
    219
    193
    180
    189
    143
    148
    143
    137
    131
    133
    110
    113
    104
    101
    79
    106
    95
    90
    93
    81
    71
    61
    61
    54
    46
    53
    48
    53
    51
    53
    49
    53
    47
    31
    39
    40
    36
    34
    39
    38
    34
    30
    33
    16
    27
    29
    29
    34
    25
    27
    22
    18
    18
    33
    17
    20
    17
    12
    19
    21
    20
    17
    23
    10
    18
    12
    25
    8
    17
    16
    9
    10
    10
    4
    17
    13
    9
    10
    13
    8
    16
    12
    8
    8
    6
    4
    5
    6
    11
    3
    6
    12
    7
    3
    403
    391
    339
    286
    250
    233
    198
    193
    200
    173
    172
    145
    130
    129
    162
    132
    121
    105
    97
    103
    90
    95
    89
    85
    96
    72
    81
    72
    79
    59
    48
    63
    57
    54
    37
    36
    57
    36
    30
    30
    44
    46
    39
    27
    36
    35
    44
    34
    47
    24
    27
    31
    23
    26
    25
    16
    19
    19
    19
    23
    21
    20
    18
    20
    30
    12
    20
    15
    11
    13
    13
    17
    12
    14
    13
    20
    8
    14
    10
    4
    12
    13
    9
    8
    11
    11
    8
    10
    7
    6
    11
    3
    6
    8
    7
    8
    11
    5
    6
    5
    369
    378
    278
    290
    244
    254
    224
    176
    209
    159
    171
    166
    142
    115
    129
    114
    126
    94
    118
    108
    85
    93
    74
    74
    76
    80
    85
    63
    60
    85
    61
    65
    47
    60
    57
    58
    57
    49
    46
    40
    53
    39
    51
    34
    31
    26
    29
    32
    32
    31
    32
    37
    25
    22
    22
    33
    20
    15
    23
    29
    25
    20
    19
    19
    22
    12
    14
    18
    16
    15
    12
    19
    18
    13
    9
    11
    12
    18
    15
    15
    12
    11
    14
    6
    7
    9
    6
    11
    8
    9
    8
    12
    10
    10
    8
    6
    7
    6
    7
    4
    372
    323
    327
    273
    246
    231
    227
    219
    194
    173
    164
    154
    175
    129
    153
    125
    135
    113
    95
    90
    82
    85
    93
    92
    62
    84
    80
    64
    71
    84
    57
    63
    61
    64
    54
    44
    57
    41
    49
    40
    40
    35
    35
    43
    46
    52
    31
    23
    24
    30
    33
    32
    32
    24
    24
    17
    16
    32
    26
    19
    19
    29
    24
    18
    15
    23
    15
    26
    16
    12
    18
    13
    15
    11
    15
    21
    8
    6
    8
    16
    9
    8
    11
    12
    12
    8
    10
    12
    6
    9
    2
    6
    6
    8
    11
    8
    9
    7
    5
    13
    379
    359
    340
    294
    246
    229
    199
    230
    186
    182
    170
    146
    169
    153
    142
    111
    124
    129
    110
    110
    92
    83
    89
    67
    80
    70
    70
    73
    74
    66
    63
    65
    60
    58
    61
    47
    39
    54
    42
    45
    49
    42
    41
    24
    32
    22
    32
    37
    30
    27
    26
    31
    25
    34
    29
    26
    22
    23
    31
    23
    19
    19
    16
    16
    19
    27
    21
    16
    20
    9
    11
    14
    13
    15
    14
    5
    13
    19
    11
    9
    8
    14
    13
    13
    11
    3
    6
    9
    6
    7
    6
    10
    10
    6
    6
    9
    7
    7
    6
    7
    379
    373
    316
    284
    276
    218
    212
    193
    197
    168
    156
    143
    138
    156
    122
    127
    106
    104
    108
    100
    104
    100
    88
    92
    75
    88
    70
    68
    81
    73
    62
    64
    57
    46
    56
    47
    58
    47
    44
    25
    28
    45
    44
    31
    32
    40
    38
    27
    41
    17
    37
    30
    35
    31
    18
    28
    19
    18
    18
    22
    20
    24
    20
    9
    24
    20
    14
    18
    12
    11
    15
    17
    12
    16
    7
    15
    10
    14
    10
    13
    6
    13
    11
    12
    9
    14
    6
    4
    7
    6
    7
    8
    1
    8
    7
    5
    12
    10
    4
    8
    393
    344
    288
    288
    268
    260
    233
    178
    195
    178
    171
    152
    151
    150
    138
    146
    117
    122
    91
    87
    109
    102
    93
    68
    84
    83
    76
    57
    68
    66
    65
    68
    63
    71
    61
    54
    36
    37
    37
    36
    46
    31
    45
    34
    36
    29
    28
    24
    30
    27
    21
    30
    38
    20
    21
    26
    20
    19
    22
    23
    20
    24
    18
    18
    13
    19
    20
    17
    14
    17
    14
    8
    16
    6
    8
    12
    20
    17
    12
    10
    9
    12
    9
    7
    11
    10
    14
    7
    10
    6
    2
    7
    9
    8
    8
    9
    7
    11
    9
    8
    380
    334
    318
    311
    282
    226
    249
    220
    182
    200
    169
    146
    133
    129
    135
    134
    129
    116
    101
    78
    100
    85
    86
    73
    79
    66
    65
    91
    56
    68
    57
    63
    58
    58
    61
    47
    52
    52
    38
    37
    35
    34
    44
    44
    33
    30
    27
    28
    30
    31
    30
    27
    30
    19
    26
    23
    18
    19
    28
    24
    23
    23
    18
    17
    9
    21
    24
    7
    16
    14
    14
    14
    6
    12
    15
    17
    16
    13
    13
    9
    12
    12
    13
    9
    11
    7
    11
    6
    8
    8
    11
    6
    6
    7
    11
    8
    9
    3
    6
    8
    406
    354
    327
    271
    283
    226
    232
    219
    192
    188
    156
    169
    147
    130
    131
    137
    136
    133
    114
    118
    104
    71
    79
    80
    78
    80
    76
    83
    76
    82
    59
    49
    51
    53
    61
    56
    47
    49
    46
    37
    37
    34
    38
    31
    34
    42
    43
    27
    23
    30
    31
    35
    31
    22
    19
    20
    24
    19
    24
    18
    28
    23
    24
    22
    22
    27
    27
    7
    14
    10
    17
    15
    6
    18
    16
    13
    9
    12
    14
    10
    5
    9
    4
    9
    6
    9
    8
    10
    8
    15
    11
    8
    12
    13
    16
    7
    9
    13
    14
    3
    397
    393
    324
    280
    260
    243
    216
    201
    175
    200
    175
    171
    163
    136
    139
    136
    125
    114
    101
    104
    108
    96
    92
    83
    93
    84
    67
    87
    67
    71
    59
    48
    49
    47
    45
    51
    49
    61
    41
    39
    46
    32
    35
    42
    33
    52
    37
    34
    30
    26
    27
    33
    25
    21
    18
    21
    27
    30
    11
    21
    22
    26
    23
    14
    25
    14
    11
    14
    16
    21
    15
    14
    14
    13
    13
    14
    7
    14
    10
    14
    11
    9
    15
    10
    16
    10
    15
    10
    8
    15
    6
    6
    4
    10
    6
    11
    7
    7
    7
    14
    423
    346
    303
    304
    264
    231
    228
    181
    194
    154
    184
    152
    143
    137
    138
    118
    123
    97
    98
    128
    112
    81
    97
    98
    84
    81
    86
    75
    67
    58
    56
    52
    70
    52
    64
    46
    48
    67
    45
    40
    38
    36
    36
    37
    24
    37
    26
    31
    33
    25
    33
    22
    39
    25
    24
    27
    21
    27
    23
    23
    18
    31
    18
    23
    16
    16
    20
    20
    21
    11
    14
    18
    10
    20
    16
    14
    16
    16
    17
    13
    11
    6
    6
    7
    10
    7
    3
    8
    8
    3
    6
    6
    12
    9
    7
    6
    9
    5
    5
    3
    448
    373
    349
    300
    263
    250
    229
    208
    197
    181
    169
    144
    143
    166
    135
    117
    130
    118
    115
    105
    95
    106
    80
    87
    82
    87
    83
    62
    75
    74
    57
    63
    57
    53
    61
    60
    56
    46
    54
    56
    49
    31
    38
    39
    38
    42
    41
    32
    27
    32
    30
    22
    31
    31
    33
    25
    30
    19
    24
    16
    29
    12
    19
    19
    21
    22
    26
    25
    15
    10
    20
    23
    15
    10
    24
    17
    13
    5
    12
    12
    10
    7
    12
    12
    7
    21
    13
    12
    8
    5
    7
    16
    11
    8
    9
    6
    4
    4
    12
    11
    398
    373
    307
    289
    237
    230
    247
    236
    207
    156
    177
    166
    159
    148
    158
    139
    118
    123
    107
    102
    112
    86
    91
    92
    71
    61
    88
    71
    71
    63
    66
    50
    58
    51
    55
    52
    41
    46
    50
    51
    42
    48
    41
    44
    27
    42
    29
    33
    33
    29
    30
    21
    34
    31
    22
    23
    17
    26
    26
    25
    18
    22
    23
    23
    17
    26
    16
    20
    14
    18
    12
    15
    18
    21
    14
    14
    11
    17
    17
    15
    10
    12
    9
    4
    5
    13
    8
    6
    11
    6
    8
    7
    10
    9
    11
    8
    8
    12
    13
    6
    430
    353
    344
    279
    263
    243
    213
    211
    209
    190
    182
    167
    155
    132
    135
    124
    124
    115
    123
    92
    113
    94
    86
    85
    79
    84
    92
    84
    66
    73
    68
    53
    61
    66
    56
    59
    51
    56
    51
    49
    35
    39
    36
    37
    37
    33
    38
    39
    36
    36
    28
    26
    22
    30
    26
    34
    26
    23
    17
    13
    27
    21
    23
    15
    16
    22
    23
    23
    9
    17
    13
    20
    6
    9
    11
    7
    12
    11
    9
    9
    11
    17
    7
    5
    7
    7
    7
    7
    9
    11
    13
    6
    8
    5
    12
    7
    7
    11
    6
    4
    412
    361
    348
    247
    294
    246
    224
    206
    169
    206
    202
    138
    156
    137
    142
    137
    126
    118
    100
    89
    119
    87
    95
    85
    79
    72
    78
    60
    63
    79
    59
    63
    67
    71
    59
    62
    60
    33
    58
    40
    39
    55
    40
    32
    28
    41
    41
    34
    28
    30
    33
    33
    32
    30
    30
    19
    33
    33
    16
    19
    22
    21
    22
    21
    21
    18
    18
    20
    15
    16
    15
    14
    9
    15
    11
    16
    12
    16
    11
    9
    12
    11
    6
    9
    4
    11
    15
    8
    8
    6
    7
    8
    16
    10
    9
    5
    4
    7
    7
    7
    418
    360
    318
    271
    248
    261
    217
    208
    186
    179
    157
    151
    151
    146
    143
    114
    140
    115
    114
    100
    90
    103
    100
    70
    71
    80
    80
    66
    61
    67
    62
    52
    48
    54
    59
    71
    47
    40
    34
    40
    40
    32
    39
    48
    30
    40
    35
    35
    30
    32
    33
    28
    29
    32
    30
    28
    23
    30
    19
    25
    20
    20
    17
    17
    21
    16
    21
    17
    17
    23
    14
    14
    17
    19
    15
    11
    17
    15
    10
    9
    15
    14
    3
    12
    13
    6
    6
    7
    12
    8
    6
    5
    6
    6
    6
    4
    4
    6
    11
    10
    423
    388
    341
    281
    273
    242
    214
    201
    182
    178
    179
    144
    155
    148
    148
    128
    119
    104
    124
    122
    92
    82
    99
    81
    75
    77
    83
    62
    71
    63
    82
    68
    55
    60
    50
    56
    50
    43
    36
    52
    54
    34
    42
    46
    30
    46
    27
    27
    27
    30
    34
    36
    32
    25
    24
    26
    27
    28
    24
    19
    23
    16
    11
    15
    17
    19
    22
    17
    19
    16
    18
    25
    11
    16
    16
    12
    21
    6
    11
    8
    18
    13
    8
    10
    9
    8
    15
    8
    7
    13
    8
    11
    11
    4
    13
    9
    11
    11
    4
    8
    411
    361
    339
    307
    270
    231
    214
    223
    188
    179
    170
    157
    146
    151
    135
    119
    119
    137
    119
    103
    104
    114
    96
    90
    88
    88
    76
    70
    62
    67
    55
    77
    71
    51
    48
    50
    50
    50
    52
    50
    34
    50
    34
    32
    43
    44
    26
    25
    25
    34
    29
    30
    37
    20
    28
    25
    20
    20
    31
    23
    26
    21
    21
    21
    16
    19
    23
    10
    13
    19
    20
    11
    17
    12
    14
    14
    17
    11
    20
    11
    18
    9
    15
    16
    7
    15
    9
    12
    9
    11
    13
    10
    6
    10
    7
    10
    7
    1
    4
    2
    428
    366
    297
    312
    281
    269
    214
    232
    188
    181
    172
    178
    149
    155
    120
    111
    121
    127
    105
    89
    112
    102
    115
    92
    101
    86
    89
    93
    71
    69
    68
    58
    53
    57
    53
    54
    45
    43
    51
    56
    36
    34
    39
    29
    29
    24
    35
    28
    41
    35
    39
    29
    26
    30
    25
    31
    26
    30
    27
    26
    16
    23
    19
    21
    17
    20
    20
    20
    24
    17
    19
    18
    13
    5
    13
    16
    14
    12
    12
    13
    7
    14
    20
    12
    12
    10
    13
    19
    13
    11
    5
    7
    6
    5
    8
    4
    5
    5
    14
    6
    364
    371
    326
    262
    253
    242
    218
    202
    213
    163
    182
    160
    164
    128
    154
    138
    131
    142
    127
    106
    93
    89
    83
    92
    84
    87
    81
    73
    75
    60
    75
    47
    55
    46
    60
    49
    59
    45
    52
    50
    45
    23
    46
    35
    26
    40
    39
    25
    29
    41
    33
    26
    23
    29
    30
    28
    25
    19
    26
    23
    16
    15
    15
    15
    17
    22
    15
    15
    14
    15
    18
    17
    19
    11
    16
    12
    18
    15
    12
    12
    8
    17
    17
    11
    8
    21
    10
    10
    8
    9
    11
    15
    9
    2
    10
    11
    3
    8
    10
    7
    416
    406
    307
    285
    259
    230
    231
    208
    194
    205
    149
    164
    159
    152
    153
    118
    110
    127
    131
    106
    99
    93
    106
    103
    75
    96
    72
    83
    83
    60
    78
    58
    71
    74
    74
    52
    52
    52
    72
    49
    41
    30
    39
    48
    46
    29
    49
    30
    30
    30
    30
    24
    26
    27
    29
    24
    21
    20
    24
    18
    22
    22
    22
    25
    15
    15
    18
    17
    11
    16
    15
    12
    18
    12
    20
    15
    18
    11
    14
    7
    15
    11
    9
    9
    14
    10
    9
    8
    10
    4
    8
    6
    7
    13
    8
    12
    8
    3
    7
    9
    424
    389
    319
    265
    270
    256
    204
    222
    214
    188
    201
    147
    148
    155
    149
    136
    134
    99
    115
    108
    116
    108
    103
    91
    96
    73
    70
    88
    68
    56
    73
    68
    54
    64
    55
    44
    44
    51
    49
    56
    50
    44
    39
    44
    30
    44
    41
    35
    23
    32
    24
    29
    29
    36
    23
    30
    24
    25
    25
    23
    25
    27
    21
    17
    12
    20
    18
    14
    16
    19
    23
    20
    14
    17
    10
    18
    15
    12
    9
    12
    8
    8
    9
    7
    15
    5
    14
    9
    14
    6
    13
    13
    6
    3
    8
    17
    9
    6
    6
    10
    415
    388
    348
    297
    255
    274
    221
    205
    190
    170
    177
    159
    165
    150
    141
    124
    123
    117
    104
    103
    98
    107
    80
    86
    99
    87
    75
    64
    73
    57
    55
    62
    57
    58
    52
    45
    44
    63
    54
    40
    46
    32
    43
    41
    39
    35
    46
    29
    31
    43
    28
    34
    35
    26
    27
    24
    26
    26
    14
    18
    22
    16
    19
    26
    18
    22
    16
    21
    15
    20
    18
    15
    21
    10
    14
    10
    18
    17
    7
    18
    9
    15
    16
    14
    15
    10
    5
    8
    8
    10
    15
    11
    13
    11
    8
    12
    8
    13
    9
    3
    405
    377
    330
    257
    264
    270
    225
    202
    193
    176
    152
    157
    145
    136
    125
    159
    127
    113
    100
    121
    87
    90
    82
    86
    87
    73
    73
    75
    74
    65
    60
    60
    42
    53
    56
    56
    44
    44
    45
    45
    46
    51
    56
    43
    29
    45
    36
    42
    36
    30
    27
    31
    23
    32
    23
    33
    18
    21
    28
    21
    26
    25
    15
    18
    17
    13
    15
    12
    14
    17
    16
    16
    17
    14
    17
    8
    17
    15
    10
    16
    16
    12
    14
    16
    12
    10
    18
    6
    11
    14
    6
    4
    9
    8
    9
    6
    10
    8
    8
    2
    380
    348
    330
    290
    303
    242
    221
    202
    184
    174
    157
    167
    146
    133
    131
    110
    128
    120
    128
    109
    105
    79
    90
    98
    103
    81
    91
    85
    70
    64
    66
    71
    51
    41
    51
    52
    39
    47
    57
    60
    43
    42
    51
    37
    36
    38
    30
    29
    30
    28
    22
    25
    18
    27
    28
    20
    23
    22
    19
    15
    24
    21
    25
    17
    18
    18
    19
    18
    18
    20
    17
    18
    18
    10
    9
    12
    10
    13
    11
    17
    13
    17
    8
    10
    6
    11
    13
    11
    10
    9
    7
    9
    8
    6
    11
    7
    12
    6
    13
    3
    415
    390
    309
    276
    274
    261
    246
    205
    206
    174
    186
    160
    176
    154
    150
    147
    117
    123
    139
    97
    114
    86
    102
    87
    81
    80
    73
    63
    81
    70
    60
    58
    55
    70
    47
    56
    40
    38
    51
    56
    40
    45
    50
    39
    32
    31
    32
    38
    39
    27
    23
    23
    29
    38
    27
    33
    29
    26
    27
    25
    25
    16
    18
    23
    16
    20
    11
    16
    21
    20
    20
    16
    11
    11
    14
    12
    11
    13
    9
    10
    20
    11
    14
    8
    16
    15
    15
    9
    10
    10
    9
    6
    8
    7
    11
    8
    9
    9
    15
    10
    392
    371
    320
    283
    272
    229
    221
    215
    206
    199
    159
    146
    151
    133
    134
    127
    119
    116
    124
    108
    103
    104
    89
    94
    92
    88
    63
    69
    90
    73
    66
    39
    58
    58
    54
    46
    59
    50
    43
    53
    43
    45
    46
    33
    36
    37
    22
    38
    36
    29
    27
    28
    26
    34
    27
    27
    21
    26
    27
    15
    20
    15
    18
    21
    21
    11
    22
    13
    9
    20
    14
    24
    14
    19
    17
    19
    14
    9
    17
    10
    9
    9
    15
    10
    5
    15
    10
    12
    12
    6
    12
    16
    5
    9
    9
    7
    5
    6
    10
    4
    443
    368
    339
    305
    282
    262
    230
    195
    202
    186
    147
    185
    140
    152
    129
    133
    122
    130
    126
    107
    118
    95
    87
    93
    98
    71
    64
    67
    74
    50
    65
    57
    68
    53
    62
    54
    51
    45
    53
    34
    60
    53
    36
    46
    34
    43
    36
    34
    26
    23
    22
    42
    29
    15
    26
    29
    30
    20
    18
    14
    22
    25
    19
    18
    20
    17
    22
    15
    18
    21
    20
    11
    18
    6
    11
    11
    19
    15
    13
    10
    20
    7
    14
    13
    13
    14
    13
    8
    15
    14
    3
    5
    14
    8
    9
    9
    6
    9
    4
    10
    394
    351
    320
    290
    272
    262
    216
    209
    168
    180
    180
    168
    156
    146
    131
    138
    128
    120
    120
    111
    85
    96
    97
    106
    95
    75
    78
    78
    62
    70
    61
    65
    65
    69
    43
    56
    57
    50
    49
    57
    59
    42
    38
    43
    51
    48
    44
    34
    32
    35
    31
    29
    36
    21
    30
    23
    16
    21
    14
    18
    16
    27
    30
    21
    13
    17
    24
    20
    18
    15
    8
    9
    10
    16
    16
    13
    15
    14
    15
    12
    17
    17
    15
    15
    12
    12
    13
    11
    16
    9
    12
    6
    16
    8
    7
    7
    6
    11
    4
    15
    392
    334
    327
    302
    245
    245
    244
    202
    185
    165
    171
    155
    158
    126
    165
    135
    116
    112
    118
    110
    91
    97
    90
    81
    77
    81
    56
    80
    73
    60
    58
    66
    65
    48
    57
    64
    57
    47
    33
    60
    38
    48
    62
    26
    41
    42
    36
    24
    33
    34
    33
    35
    35
    24
    30
    23
    37
    26
    30
    18
    21
    22
    17
    21
    15
    17
    19
    19
    10
    18
    14
    13
    11
    16
    17
    16
    15
    17
    8
    9
    10
    13
    11
    4
    9
    9
    12
    11
    8
    14
    7
    16
    10
    6
    4
    7
    10
    10
    3
    3
    417
    387
    329
    308
    261
    256
    213
    221
    218
    189
    152
    147
    161
    146
    139
    140
    127
    113
    119
    106
    105
    94
    81
    85
    82
    89
    70
    67
    75
    69
    77
    63
    71
    61
    54
    39
    56
    56
    51
    46
    49
    53
    42
    45
    43
    31
    39
    30
    42
    34
    34
    30
    31
    36
    26
    29
    23
    31
    18
    18
    18
    17
    19
    14
    14
    13
    11
    13
    15
    13
    16
    12
    9
    14
    12
    14
    12
    11
    12
    15
    12
    10
    11
    9
    13
    14
    7
    5
    13
    9
    10
    8
    10
    10
    9
    5
    6
    6
    6
    7
    362
    328
    321
    266
    260
    243
    254
    213
    183
    193
    189
    162
    152
    151
    138
    127
    114
    119
    112
    116
    99
    98
    95
    98
    92
    85
    76
    66
    61
    65
    65
    63
    56
    62
    58
    36
    48
    60
    47
    66
    49
    56
    51
    47
    36
    35
    37
    42
    29
    30
    26
    27
    27
    28
    22
    28
    27
    19
    26
    22
    17
    17
    13
    13
    24
    22
    14
    15
    24
    10
    22
    18
    11
    13
    12
    19
    13
    11
    10
    13
    9
    11
    3
    9
    6
    10
    11
    9
    10
    9
    7
    8
    5
    12
    9
    6
    8
    6
    7
    4
    439
    361
    317
    280
    269
    246
    248
    211
    179
    184
    183
    172
    150
    128
    128
    117
    113
    108
    108
    104
    82
    90
    80
    106
    89
    85
    78
    71
    70
    71
    69
    70
    65
    54
    66
    44
    50
    49
    55
    54
    46
    31
    31
    39
    40
    34
    42
    36
    40
    43
    30
    28
    19
    31
    22
    25
    27
    13
    24
    23
    22
    26
    18
    24
    14
    18
    18
    24
    19
    12
    18
    15
    18
    17
    25
    13
    10
    9
    10
    11
    15
    11
    11
    10
    13
    20
    12
    10
    11
    12
    12
    9
    12
    6
    4
    9
    8
    11
    7
    5
    409
    376
    308
    292
    241
    230
    232
    210
    210
    188
    174
    169
    165
    138
    129
    140
    120
    117
    111
    115
    104
    102
    85
    77
    82
    92
    83
    79
    72
    74
    79
    62
    62
    71
    70
    58
    61
    48
    53
    46
    43
    50
    38
    41
    42
    32
    42
    32
    41
    30
    41
    32
    24
    34
    19
    29
    23
    22
    22
    29
    24
    18
    13
    23
    16
    22
    20
    16
    23
    13
    17
    16
    17
    15
    16
    14
    11
    10
    13
    11
    12
    13
    9
    7
    13
    17
    7
    15
    5
    3
    11
    7
    9
    14
    9
    4
    8
    9
    6
    8
    409
    390
    348
    269
    261
    239
    210
    207
    210
    164
    176
    151
    137
    153
    133
    140
    152
    125
    118
    114
    84
    111
    95
    92
    90
    77
    75
    74
    71
    54
    69
    53
    50
    57
    67
    57
    53
    66
    50
    45
    37
    56
    39
    38
    41
    36
    39
    41
    19
    29
    25
    18
    22
    26
    31
    24
    18
    20
    20
    19
    22
    23
    29
    28
    19
    11
    16
    17
    18
    17
    21
    12
    14
    17
    18
    12
    16
    10
    9
    7
    15
    9
    13
    10
    11
    6
    13
    6
    12
    12
    13
    9
    5
    6
    9
    14
    7
    5
    12
    5
    434
    392
    360
    301
    279
    240
    239
    218
    181
    187
    178
    157
    157
    133
    142
    134
    125
    116
    106
    112
    123
    94
    91
    88
    78
    92
    65
    75
    52
    79
    55
    66
    61
    76
    51
    52
    63
    44
    41
    37
    37
    40
    39
    37
    36
    32
    37
    47
    32
    36
    42
    27
    24
    29
    33
    29
    34
    20
    22
    35
    23
    25
    20
    17
    16
    18
    18
    18
    19
    17
    19
    16
    14
    15
    17
    11
    14
    12
    13
    16
    21
    18
    9
    15
    8
    11
    11
    9
    13
    12
    10
    8
    11
    8
    9
    8
    6
    7
    12
    7
    385
    343
    337
    283
    270
    226
    228
    221
    220
    163
    160
    140
    159
    159
    140
    113
    113
    109
    124
    111
    83
    103
    95
    83
    100
    83
    96
    77
    57
    63
    70
    67
    55
    56
    56
    56
    50
    54
    47
    34
    44
    40
    35
    36
    39
    44
    35
    32
    38
    32
    31
    31
    25
    37
    21
    15
    20
    20
    19
    24
    17
    17
    18
    21
    19
    15
    19
    16
    13
    17
    10
    21
    10
    13
    10
    15
    16
    18
    10
    15
    6
    12
    7
    10
    7
    13
    15
    6
    12
    11
    13
    8
    11
    11
    10
    6
    8
    6
    7
    10
    419
    349
    301
    295
    272
    261
    217
    199
    197
    176
    192
    150
    163
    158
    142
    105
    150
    120
    125
    102
    99
    109
    81
    85
    85
    79
    71
    70
    71
    75
    72
    60
    51
    61
    72
    48
    53
    52
    52
    47
    34
    34
    29
    41
    40
    33
    58
    27
    32
    18
    26
    32
    22
    20
    24
    25
    19
    17
    12
    16
    33
    23
    21
    18
    12
    12
    16
    19
    21
    23
    15
    12
    14
    23
    16
    27
    13
    9
    8
    13
    9
    8
    10
    10
    12
    8
    11
    11
    15
    7
    7
    10
    8
    8
    8
    3
    8
    5
    10
    10
    409
    388
    337
    280
    263
    266
    209
    203
    195
    186
    184
    165
    164
    142
    121
    125
    132
    127
    109
    114
    109
    110
    98
    88
    71
    73
    74
    74
    62
    68
    78
    65
    55
    44
    55
    58
    53
    47
    46
    42
    52
    39
    46
    40
    40
    34
    40
    37
    27
    40
    33
    21
    36
    29
    23
    20
    18
    23
    24
    21
    21
    20
    13
    23
    20
    16
    20
    20
    13
    20
    10
    10
    14
    20
    14
    19
    16
    14
    16
    13
    8
    8
    11
    13
    8
    5
    8
    8
    14
    11
    12
    6
    6
    5
    7
    6
    5
    6
    10
    10
    404
    379
    290
    250
    250
    265
    236
    212
    183
    160
    174
    167
    148
    139
    141
    140
    113
    106
    117
    101
    82
    105
    82
    71
    81
    76
    83
    77
    68
    60
    72
    61
    63
    66
    55
    64
    51
    47
    37
    31
    48
    53
    33
    44
    37
    40
    35
    25
    28
    33
    30
    22
    29
    36
    23
    23
    24
    24
    15
    26
    23
    23
    23
    19
    20
    26
    16
    15
    18
    16
    17
    13
    12
    12
    14
    18
    10
    12
    10
    6
    8
    16
    13
    8
    7
    15
    6
    12
    14
    12
    7
    14
    14
    9
    9
    10
    6
    5
    6
    8

Data:
    0
    0
    0
    0
    0
    0
    0
    0
    0
    0
    0
    0
    0
    0
    0
    0
    0
    0
    0
    0
    0
    0
    0
    0
    0
    0
    0
    0
    0
    0
    0
    0
    0
    0
    0
    0
    0
    0
    0
    0
    0
    0
    0
    0
    0
    0
    0
    0
    0
    0
    0
    0
    0
    0
    0
    0
    0
    0
    0
    0
    0
    0
    0
    0
    0
    0
    0
    0
    0
    0
    0
    0
    0
    0
    0
    0
    0
    0
    0
    0
    0
    0
    0
    0
    0
    0
    0
    0
    0
    0
    0
    0
    0
    0
    0
    0
    0
    0
    0
    0
    0
    0
    0
    0
    0
    0
    0
    0
    0
    0
    0
    0
    0
    0
    0
    0
    0
    0
    0
    0
    0
    0
    0
    0
    0
    0
    0
    0
    0
    0
    0
    0
    0
    0
    0
    0
    0
    0
    0
    0
    0
    0
    0
    0
    0
    0
    0
    0
    0
    0
    0
    0
    0
    0
    0
    0
    0
    0
    0
    0
    0
    0
    0
    0
    0
    0
    0
    0
    0
    0
    0
    0
    0
    0
    0
    0
    0
    0
    0
    0
    0
    0
    0
    0
    0
    0
    0
    0
    0
    0
    0
    0
    0
    0
    0
    0
    0
    0
    0
    0
    0
    0
    0
    0
    0
    0
    0
    0
    0
    0
    0
    0
    0
    0
    0
    0
    0
    0
    0
    0
    0
    0
    0
    0
    0
    0
    0
    0
    0
    0
    0
    0
    0
    0
    0
    0
    0
    0
    0
    0
    0
    0
    0
    0
    0
    0
    0
    0
    0
    0
    0
    0
    0
    0
    0
    0
    0
    0
    0
    0
    0
    0
    0
    0
    0
    0
    0
    0
    0
    0
    0
    0
    0
    0
    0
    0
    0
    0
    0
    0
    0
    0
    0
    0
    0
    0
    0
    0
    0
    0
    0
    0
    0
    0
    0
    0
    0
    0
    0
    0
    0
    0
    0
    0
    0
    0
    0
    0
    0
    0
    0
    0
    0
    0
    0
    0
    0
    0
    0
    0
    0
    0
    0
    0
    0
    0
    0
    0
    0
    0
    0
    0
    0
    0
    0
    0
    0
    0
    0
    0
    0
    0
    0
    0
    0
    0
    0
    0
    0
    0
    0
    0
    0
    0
    0
    0
    0
    0
    0
    0
    0
    0
    0
    0
    0
    0
    0
    0
    0
    0
    0
    0
    0
    0
    0
    0
    0
    0
    0
    0
    0
    0
    0
    0
    0
    0
    0
    0
    0
    0
    0
    0
    0
    0
    0
    0
    0
    0
    0
    0
    0
    0
    0
    0
    0
    0
    0
    0
    0
    0
    0
    0
    0
    0
    0
    0
    0
    0
    0
    0
    0
    0
    0
    0
    0
    0
    0
    0
    0
    0
    0
    0
    0
    0
    0
    0
    0
    0
    0
    0
    0
    0
    0
    0
    0
    0
    0
    0
    0
    0
    0
    0
    0
    0
    0
    0
    0
    0
    0
    0
    0
    0
    0
    0
    0
    0
    0
    0
    0
    0
    0
    0
    0
    0
    0
    0
    0
    0
    0
    0
    0
    0
    0
    0
    0
    0
    0
    0
    0
    0
    0
    0
    0
    0
    0
    0
    0
    0
    0
    0
    0
    0
    0
    0
    0
    0
    0
    0
    0
    0
    0
    0
    0
    0
    0
    0
    0
    0
    0
    0
    0
    0
    0
    0
    0
    0
    0
    0
    0
    0
    0
    0
    0
    0
    0
    0
    0
    0
    0
    0
    0
    0
    0
    0
    0
    0
    0
    0
    0
    0
    0
    0
    0
    0
    0
    0
    0
    0
    0
    0
    0
    0
    0
    0
    0
    0
    0
    0
    0
    0
    0
    0
    0
    0
    0
    0
    0
    0
    0
    0
    0
    0
    0
    0
    0
    0
    0
    0
    0
    0
    0
    0
    0
    0
    0
    0
    0
    0
    0
    0
    0
    0
    0
    0
    0
    0
    0
    0
    0
    0
    0
    0
    0
    0
    0
    0
    0
    0
    0
    0
    0
    0
    0
    0
    0
    0
    0
    0
    0
    0
    0
    0
    0
    0
    0
    0
    0
    0
    0
    0
    0
    0
    0
    0
    0
    0
    0
    0
    0
    0
    0
    0
    0
    0
    0
    0
    0
    0
    0
    0
    0
    0
    0
    0
    0
    0
    0
    0
    0
    0
    0
    0
    0
    0
    0
    0
    0
    0
    0
    0
    0
    0
    0
    0
    0
    0
    0
    0
    0
    0
    0
    0
    0
    0
    0
    0
    0
    0
    0
    0
    0
    0
    0
    0
    0
    0
    0
    0
    0
    0
    0
    0
    0
    0
    0
    0
    0
    0
    0
    0
    0
    0
    0
    0
    0
    0
    0
    0
    0
    0
    0
    0
    0
    0
    0
    0
    0
    0
    0
    0
    0
    0
    0
    0
    0
    0
    0
    0
    0
    0
    0
    0
    0
    0
    0
    0
    0
    0
    0
    0
    0
    0
    0
    0
    0
    0
    0
    0
    0
    0
    0
    0
    0
    0
    0
    0
    0
    0
    0
    0
    0
    0
    0
    0
    0
    0
    0
    0
    0
    0
    0
    0
    0
    0
    0
    0
    0
    0
    0
    0
    0
    0
    0
    0
    0
    0
    0
    0
    0
    0
    0
    0
    0
    0
    0
    0
    0
    0
    0
    0
    0
    0
    0
    0
    0
    0
    0
    0
    0
    0
    0
    0
    0
    0
    0
    0
    0
    0
    0
    0
    0
    0
    0
    0
    0
    0
    0
    0
    0
    0
    0
    0
    0
    0
    0
    0
    0
    0
    0
    0
    0
    0
    0
    0
    0
    0
    0
    0
    0
    0
    0
    0
    0
    0
    0
    0
    0
    0
    0
    0
    0
    0
    0
    0
    0
    0
    0
    0
    0
    0
    0
    0
    0
    0
    0
    0
    0
    0
    0
    0
    0
    0
    0
    0
    0
    0
    0
    0
    0
    0
    0
    0
    0
    0
    0
    0
    0
    0
    0
    0
    0
    0
    0
    0
    0
    0
    0
    0
    0
    0
    0
    0
    0
    0
    0
    0
    0
    0
    0
    0
    0
    0
    0
    0
    0
    0
    0
    0
    0
    0
    0
    0
    0
    0
    0
    0
    0
    0
    0
    0
    0
    0
    0
    0
    0
    0
    0
    0
    0
    0
    0
    0
    0
    0
    0
    0
    0
    0
    0
    0
    0
    0
    0
    0
    0
    0
    0
    0
    0
    0
    0
    0
    0
    0
    0
    0
    0
    0
    0
    0
    0
    0
    0
    0
    0
    0
    0
    0
    0
    0
    0
    0
    0
    0
    0
    0
    0
    0
    0
    0
    0
    0
    0
    0
    0
    0
    0
    0
    0
    0
    0
    0
    0
    0
    0
    0
    0
    0
    0
    0
    0
    0
    0
    0
    0
    0
    0
    0
    0
    0
    0
    0
    0
    0
    0
    0
    0
    0
    0
    0
    0
    0
    0
    0
    0
    0
    0
    0
    0
    0
    0
    0
    0
    0
    0
    0
    0
    0
    0
    0
    0
    0
    0
    0
    0
    0
    0
    0
    0
    0
    0
    0
    0
    0
    0
    0
    0
    0
    0
    0
    0
    0
    0
    0
    0
    0
    0
    0
    0
    0
    0
    0
    0
    0
    0
    0
    0
    0
    0
    0
    0
    0
    0
    0
    0
    0
    0
    0
    0
    0
    0
    0
    0
    0
    0
    0
    0
    0
    0
    0
    0
    0
    0
    0
    0
    0
    0
    0
    0
    0
    0
    0
    0
    0
    0
    0
    0
    0
    0
    0
    0
    0
    0
    0
    0
    0
    0
    0
    0
    0
    0
    0
    0
    0
    0
    0
    0
    0
    0
    0
    0
    0
    0
    0
    0
    0
    0
    0
    0
    0
    0
    0
    0
    0
    0
    0
    0
    0
    0
    0
    0
    0
    0
    0
    0
    0
    0
    0
    0
    0
    0
    0
    0
    0
    0
    0
    0
    0
    0
    0
    0
    0
    0
    0
    0
    0
    0
    0
    0
    0
    0
    0
    0
    0
    0
    0
    0
    0
    0
    0
    0
    0
    0
    0
    0
    0
    0
    0
    0
    0
    0
    0
    0
    0
    0
    0
    0
    0
    0
    0
    0
    0
    0
    0
    0
    0
    0
    0
    0
    0
    0
    0
    0
    0
    0
    0
    0
    0
    0
    0
    0
    0
    0
    0
    0
    0
    0
    0
    0
    0
    0
    0
    0
    0
    0
    0
    0
    0
    0
    0
    0
    0
    0
    0
    0
    0
    0
    0
    0
    0
    0
    0
    0
    0
    0
    0
    0
    0
    0
    0
    0
    0
    0
    0
    0
    0
    0
    0
    0
    0
    0
    0
    0
    0
    0
    0
    0
    0
    0
    0
    0
    0
    0
    0
    0
    0
    0
    0
    0
    0
    0
    0
    0
    0
    0
    0
    0
    0
    0
    0
    0
    0
    0
    0
    0
    0
    0
    0
    0
    0
    0
    0
    0
    0
    0
    0
    0
    0
    0
    0
    0
    0
    0
    0
    0
    0
    0
    0
    0
    0
    0
    0
    0
    0
    0
    0
    0
    0
    0
    0
    0
    0
    0
    0
    0
    0
    0
    0
    0
    0
    0
    0
    0
    0
    0
    0
    0
    0
    0
    0
    0
    0
    0
    0
    0
    0
    0
    0
    0
    0
    0
    0
    0
    0
    0
    0
    0
    0
    0
    0
    0
    0
    0
    0
    0
    0
    0
    0
    0
    0
    0
    0
    0
    0
    0
    0
    0
    0
    0
    0
    0
    0
    0
    0
    0
    0
    0
    0
    0
    0
    0
    0
    0
    0
    0
    0
    0
    0
    0
    0
    0
    0
    0
    0
    0
    0
    0
    0
    0
    0
    0
    0
    0
    0
    0
    0
    0
    0
    0
    0
    0
    0
    0
    0
    0
    0
    0
    0
    0
    0
    0
    0
    0
    0
    0
    0
    0
    0
    0
    0
    0
    0
    0
    0
    0
    0
    0
    0
    0
    0
    0
    0
    0
    0
    0
    0
    0
    0
    0
    0
    0
    0
    0
    0
    0
    0
    0
    0
    0
    0
    0
    0
    0
    0
    0
    0
    0
    0
    0
    0
    0
    0
    0
    0
    0
    0
    0
    0
    0
    0
    0
    0
    0
    0
    0
    0
    0
    0
    0
    0
    0
    0
    0
    0
    0
    0
    0
    0
    0
    0
    0
    0
    0
    0
    0
    0
    0
    0
    0
    0
    0
    0
    0
    0
    0
    0
    0
    0
    0
    0
    0
    0
    0
    0
    0
    0
    0
    0
    0
    0
    0
    0
    0
    0
    0
    0
    0
    0
    0
    0
    0
    0
    0
    0
    0
    0
    0
    0
    0
    0
    0
    0
    0
    0
    0
    0
    0
    0
    0
    0
    0
    0
    0
    0
    0
    0
    0
    0
    0
    0
    0
    0
    0
    0
    0
    0
    0
    0
    0
    0
    0
    0
    0
    0
    0
    0
    0
    0
    0
    0
    0
    0
    0
    0
    0
    0
    0
    0
    0
    0
    0
    0
    0
    0
    0
    0
    0
    0
    0
    0
    0
    0
    0
    0
    0
    0
    0
    0
    0
    0
    0
    0
    0
    0
    0
    0
    0
    0
    0
    0
    0
    0
    0
    0
    0
    0
    0
    0
    0
    0
    0
    0
    0
    0
    0
    0
    0
    0
    0
    0
    0
    0
    0
    0
    0
    0
    0
    0
    0
    0
    0
    0
    0
    0
    0
    0
    0
    0
    0
    0
    0
    0
    0
    0
    0
    0
    0
    0
    0
    0
    0
    0
    0
    0
    0
    0
    0
    0
    0
    0
    0
    0
    0
    0
    0
    0
    0
    0
    0
    0
    0
    0
    0
    0
    0
    0
    0
    0
    0
    0
    0
    0
    0
    0
    0
    0
    0
    0
    0
    0
    0
    0
    0
    0
    0
    0
    0
    0
    0
    0
    0
    0
    0
    0
    0
    0
    0
    0
    0
    0
    0
    0
    0
    0
    0
    0
    0
    0
    0
    0
    0
    0
    0
    0
    0
    0
    0
    0
    0
    0
    0
    0
    0
    0
    0
    0
    0
    0
    0
    0
    0
    0
    0
    0
    0
    0
    0
    0
    0
    0
    0
    0
    0
    0
    0
    0
    0
    0
    0
    0
    0
    0
    0
    0
    0
    0
    0
    0
    0
    0
    0
    0
    0
    0
    0
    0
    0
    0
    0
    0
    0
    0
    0
    0
    0
    0
    0
    0
    0
    0
    0
    0
    0
    0
    0
    0
    0
    0
    0
    0
    0
    0
    0
    0
    0
    0
    0
    0
    0
    0
    0
    0
    0
    0
    0
    0
    0
    0
    0
    0
    0
    0
    0
    0
    0
    0
    0
    0
    0
    0
    0
    0
    0
    0
    0
    0
    0
    0
    0
    0
    0
    0
    0
    0
    0
    0
    0
    0
    0
    0
    0
    0
    0
    0
    0
    0
    0
    0
    0
    0
    0
    0
    0
    0
    0
    0
    0
    0
    0
    0
    0
    0
    0
    0
    0
    0
    0
    0
    0
    0
    0
    0
    0
    0
    0
    0
    0
    0
    0
    0
    0
    0
    0
    0
    0
    0
    0
    0
    0
    0
    0
    0
    0
    0
    0
    0
    0
    0
    0
    0
    0
    0
    0
    0
    0
    0
    0
    0
    0
    0
    0
    0
    0
    0
    0
    0
    0
    0
    0
    0
    0
    0
    0
    0
    0
    0
    0
    0
    0
    0
    0
    0
    0
    0
    0
    0
    0
    0
    0
    0
    0
    0
    0
    0
    0
    0
    0
    0
    0
    0
    0
    0
    0
    0
    0
    0
    0
    0
    0
    0
    0
    0
    0
    0
    0
    0
    0
    0
    0
    0
    0
    0
    0
    0
    0
    0
    0
    0
    0
    0
    0
    0
    0
    0
    0
    0
    0
    0
    0
    0
    0
    0
    0
    0
    0
    0
    0
    0
    0
    0
    0
    0
    0
    0
    0
    0
    0
    0
    0
    0
    0
    0
    0
    0
    0
    0
    0
    0
    0
    0
    0
    0
    0
    0
    0
    0
    0
    0
    0
    0
    0
    0
    0
    0
    0
    0
    0
    0
    0
    0
    0
    0
    0
    0
    0
    0
    0
    0
    0
    0
    0
    0
    0
    0
    0
    0
    0
    0
    0
    0
    0
    0
    0
    0
    0
    0
    0
    0
    0
    0
    0
    0
    0
    0
    0
    0
    0
    0
    0
    0
    0
    0
    0
    0
    0
    0
    0
    0
    0
    0
    0
    0
    0
    0
    0
    0
    0
    0
    0
    0
    0
    0
    0
    0
    0
    0
    0
    0
    0
    0
    0
    0
    0
    0
    0
    0
    0
    0
    0
    0
    0
    0
    0
    0
    0
    0
    0
    0
    0
    0
    0
    0
    0
    0
    0
    0
    0
    0
    0
    0
    0
    0
    0
    0
    0
    0
    0
    0
    0
    0
    0
    0
    0
    0
    0
    0
    0
    0
    0
    0
    0
    0
    0
    0
    0
    0
    0
    0
    0
    0
    0
    0
    0
    0
    0
    0
    0
    0
    0
    0
    0
    0
    0
    0
    0
    0
    0
    0
    0
    0
    0
    0
    0
    0
    0
    0
    0
    0
    0
    0
    0
    0
    0
    0
    0
    0
    0
    0
    0
    0
    0
    0
    0
    0
    0
    0
    0
    0
    0
    0
    0
    0
    0
    0
    0
    0
    0
    0
    0
    0
    0
    0
    0
    0
    0
    0
    0
    0
    0
    0
    0
    0
    0
    0
    0
    0
    0
    0
    0
    0
    0
    0
    0
    0
    0
    0
    0
    0
    0
    0
    0
    0
    0
    0
    0
    0
    0
    0
    0
    0
    0
    0
    0
    0
    0
    0
    0
    0
    0
    0
    0
    0
    0
    0
    0
    0
    0
    0
    0
    0
    0
    0
    0
    0
    0
    0
    0
    0
    0
    0
    0
    0
    0
    0
    0
    0
    0
    0
    0
    0
    0
    0
    0
    0
    0
    0
    0
    0
    0
    0
    0
    0
    0
    0
    0
    0
    0
    0
    0
    0
    0
    0
    0
    0
    0
    0
    0
    0
    0
    0
    0
    0
    0
    0
    0
    0
    0
    0
    0
    0
    0
    0
    0
    0
    0
    0
    0
    0
    0
    0
    0
    0
    0
    0
    0
    0
    0
    0
    0
    0
    0
    0
    0
    0
    0
    0
    0
    0
    0
    0
    0
    0
    0
    0
    0
    0
    0
    0
    0
    0
    0
    0
    0
    0
    0
    0
    0
    0
    0
    0
    0
    0
    0
    0
    0
    0
    0
    0
    0
    0
    0
    0
    0
    0
    0
    0
    0
    0
    0
    0
    0
    0
    0
    0
    0
    0
    0
    0
    0
    0
    0
    0
    0
    0
    0
    0
    0
    0
    0
    0
    0
    0
    0
    0
    0
    0
    0
    0
    0
    0
    0
    0
    0
    0
    0
    0
    0
    0
    0
    0
    0
    0
    0
    0
    0
    0
    0
    0
    0
    0
    0
    0
    0
    0
    0
    0
    0
    0
    0
    0
    0
    0
    0
    0
    0
    0
    0
    0
    0
    0
    0
    0
    0
    0
    0
    0
    0
    0
    0
    0
    0
    0
    0
    0
    0
    0
    0
    0
    0
    0
    0
    0
    0
    0
    0
    0
    0
    0
    0
    0
    0
    0
    0
    0
    0
    0
    0
    0
    0
    0
    0
    0
    0
    0
    0
    0
    0
    0
    0
    0
    0
    0
    0
    0
    0
    0
    0
    0
    0
    0
    0
    0
    0
    0
    0
    0
    0
    0
    0
    0
    0
    0
    0
    0
    0
    0
    0
    0
    0
    0
    0
    0
    0
    0
    0
    0
    0
    0
    0
    0
    0
    0
    0
    0
    0
    0
    0
    0
    0
    0
    0
    0
    0
    0
    0
    0
    0
    0
    0
    0
    0
    0
    0
    0
    0
    0
    0
    0
    0
    0
    0
    0
    0
    0
    0
    0
    0
    0
    0
    0
    0
    0
    0
    0
    0
    0
    0
    0
    0
    0
    0
    0
    0
    0
    0
    0
    0
    0
    0
    0
    0
    0
    0
    0
    0
    0
    0
    0
    0
    0
    0
    0
    0
    0
    0
    0
    0
    0
    0
    0
    0
    0
    0
    0
    0
    0
    0
    0
    0
    0
    0
    0
    0
    0
    0
    0
    0
    0
    0
    0
    0
    0
    0
    0
    0
    0
    0
    0
    0
    0
    0
    0
    0
    0
    0
    0
    0
    0
    0
    0
    0
    0
    0
    0
    0
    0
    0
    0
    0
    0
    0
    0
    0
    0
    0
    0
    0
    0
    0
    0
    0
    0
    0
    0
    0
    0
    0
    0
    0
    0
    0
    0
    0
    0
    0
    0
    0
    0
    0
    0
    0
    0
    0
    0
    0
    0
    0
    0
    0
    0
    0
    0
    0
    0
    0
    0
    0
    0
    0
    0
    0
    0
    0
    0
    0
    0
    0
    0
    0
    0
    0
    0
    0
    0
    0
    0
    0
    0
    0
    0
    0
    0
    0
    0
    0
    0
    0
    0
    0
    0
    0
    0
    0
    0
    0
    0
    0
    0
    0
    0
    0
    0
    0
    0
    0
    0
    0
    0
    0
    0
    0
    0
    0
    0
    0
    0
    0
    0
    0
    0
    0
    0
    0
    0
    0
    0
    0
    0
    0
    0
    0
    0
    0
    0
    0
    0
    0
    0
    0
    0
    0
    0
    0
    0
    0
    0
    0
    0
    0
    0
    0
    0
    0
    0
    0
    0
    0
    0
    0
    0
    0
    0
    0
    0
    0
    0
    0
    0
    0
    0
    0
    0
    0
    0
    0
    0
    0
    0
    0
    0
    0
    0
    0
    0
    0
    0
    0
    0
    0
    0
    0
    0
    0
    0
    0
    0
    0
    0
    0
    0
    0
    0
    0
    0
    0
    0
    0
    0
    0
    0
    0
    0
    0
    0
    0
    0
    0
    0
    0
    0
    0
    0
    0
    0
    0
    0
    0
    0
    0
    0
    0
    0
    0
    0
    0
    0
    0
    0
    0
    0
    0
    0
    0
    0
    0
    0
    0
    0
    0
    0
    0
    0
    0
    0
    0
    0
    0
    0
    0
    0
    0
    0
    0
    0
    0
    0
    0
    0
    0
    0
    0
    0
    0
    0
    0
    0
    0
    0
    0
    0
    0
    0
    0
    0
    0
    0
    0
    0
    0
    0
    0
    0
    0
    0
    0
    0
    0
    0
    0
    0
    0
    0
    0
    0
    0
    0
    0
    0
    0
    0
    0
    0
    0
    0
    0
    0
    0
    0
    0
    0
    0
    0
    0
    0
    0
    0
    0
    0
    0
    0
    0
    0
    0
    0
    0
    0
    0
    0
    0
    0
    0
    0
    0
    0
    0
    0
    0
    0
    0
    0
    0
    0
    0
    0
    0
    0
    0
    0
    0
    0
    0
    0
    0
    0
    0
    0
    0
    0
    0
    0
    0
    0
    0
    0
    0
    0
    0
    0
    0
    0
    0
    0
    0
    0
    0
    0
    0
    0
    0
    0
    0
    0
    0
    0
    0
    0
    0
    0
    0
    0
    0
    0
    0
    0
    0
    0
    0
    0
    0
    0
    0
    0
    0
    0
    0
    0
    0
    0
    0
    0
    0
    0
    0
    0
    0
    0
    0
    0
    0
    0
    0
    0
    0
    0
    0
    0
    0
    0
    0
    0
    0
    0
    0
    0
    0
    0
    0
    0
    0
    0
    0
    0
    0
    0
    0
    0
    0
    0
    0
    0
    0
    0
    0
    0
    0
    0
    0
    0
    0
    0
    0
    0
    0
    0
    0
    0
    0
    0
    0
    0
    0
    0
    0
    0
    0
    0
    0
    0
    0
    0
    0
    0
    0
    0
    0
    0
    0
    0
    0
    0
    0
    0
    0
    0
    0
    0
    0
    0
    0
    0
    0
    0
    0
    0
    0
    0
    0
    0
    0
    0
    0
    0
    0
    0
    0
    0
    0
    0
    0
    0
    0
    0
    0
    0
    0
    0
    0
    0
    0
    0
    0
    0
    0
    0
    0
    0
    0
    0
    0
    0
    0
    0
    0
    0
    0
    0
    0
    0
    0
    0
    0
    0
    0
    0
    0
    0
    0
    0
    0
    0
    0
    0
    0
    0
    0
    0
    0
    0
    0
    0
    0
    0
    0
    0
    0
    0
    0
    0
    0
    0
    0
    0
    0
    0
    0
    0
    0
    0
    0
    0
    0
    0
    0
    0
    0
    0
    0
    0
    0
    0
    0
    0
    0
    0
    0
    0
    0
    0
    0
    0
    0
    0
    0
    0
    0
    0
    0
    0
    0
    0
    0
    0
    0
    0
    0
    0
    0
    0
    0
    0
    0
    0
    0
    0
    0
    0
    0
    0
    0
    0
    0
    0
    0
    0
    0
    0
    0
    0
    0
    0
    0
    0
    0
    0
    0
    0
    0
    0
    0
    0
    0
    0
    0
    0
    0
    0
    0
    0
    0
    0
    0
    0
    0
    0
    0
    0
    0
    0
    0
    0
    0
    0
    0
    0
    0
    0
    0
    0
    0
    0
    0
    0
    0
    0
    0
    0
    0
    0
    0
    0
    0
    0
    0
    0
    0
    0
    0
    0
    0
    0
    0
    0
    0
    0
    0
    0
    0
    0
    0
    0
    0
    0
    0
    0
    0
    0
    0
    0
    0
    0
    0
    0
    0
    0
    0
    0
    0
    0
    0
    0
    0
    0
    0
    0
    0
    0
    0
    0
    0
    0
    0
    0
    0
    0
    0
    0
    0
    0
    0
    0
    0
    0
    0
    0
    0
    0
    0
    0
    0
    0
    0
    0
    0
    0
    0
    0
    0
    0
    0
    0
    0
    0
    0
    0
    0
    0
    0
    0
    0
    0
    0
    0
    0
    0
    0
    0
    0
    0
    0
    0
    0
    0
    0
    0
    0
    0
    0
    0
    0
    0
    0
    0
    0
    0
    0
    0
    0
    0
    0
    0
    0
    0
    0
    0
    0
    0
    0
    0
    0
    0
    0
    0
    0
    0
    0
    0
    0
    0
    0
    0
    0
    0
    0
    0
    0
    0
    0
    0
    0
    0
    0
    0
    0
    0
    0
    0
    0
    0
    0
    0
    0
    0
    0
    0
    0
    0
    0
    0
    0
    0
    0
    0
    0
    0
    0
    0
    0
    0
    0
    0
    0
    0
    0
    0
    0
    0
    0
    0
    0
    0
    0
    0
    0
    0
    0
    0
    0
    0
    0
    0
    0
    0
    0
    0
    0
    0
    0
    0
    0
    0
    0
    0
    0
    0
    0
    0
    0
    0
    0
    0
    0
    0
    0
    0
    0
    0
    0
    0
    0
    0
    0
    0
    0
    0
    0
    0
    0
    0
    0
    0
    0
    0
    0
    0
    0
    0
    0
    0
    0
    0
    0
    0
    0
    0
    0
    0
    0
    0
    0
    0
    0
    0
    0
    0
    0
    0
    0
    0
    0
    0
    0
    0
    0
    0
    0
    0
    0
    0
    0
    0
    0
    0
    0
    0
    0
    0
    0
    0
    0
    0
    0
    0
    0
    0
    0
    0
    0
    0
    0
    0
    0
    0
    0
    0
    0
    0
    0
    0
    0
    0
    0
    0
    0
    0
    0
    0
    0
    0
    0
    0
    0
    0
    0
    0
    0
    0
    0
    0
    0
    0
    0
    0
    0
    0
    0
    0
    0
    0
    0
    0
    0
    0
    0
    0
    0
    0
    0
    0
    0
    0
    0
    0
    0
    0
    0
    0
    0
    0
    0
    0
    0
    0
    0
    0
    0
    0
    0
    0
    0
    0
    0
    0
    0
    0
    0
    0
    0
    0
    0
    0
    0
    0
    0
    0
    0
    0
    0
    0
    0
    0
    0
    0
    0
    0
    0
    0
    0
    0
    0
    0
    0
    0
    0
    0
    0
    0
    0
    0
    0
    0
    0
    0
    0
    0
    0
    0
    0
    0
    0
    0
    0
    0
    0
    0
    0
    0
    0
    0
    0
    0
    0
    0
    0
    0
    0
    0
    0
    0
    0
    0
    0
    0
    0
    0
    0
    0
    0
    0
    0
    0
    0
    0
    0
    0
    0
    0
    0
    0
    0
    0
    0
    0
    0
    0
    0
    0
    0
    0
    0
    0
    0
    0
    0
    0
    0
    0
    0
    0
    0
    0
    0
    0
    0
    0
    0
    0
    0
    0
    0
    0
    0
    0
    0
    0
    0
    0
    0
    0
    0
    0
    0
    0
    0
    0
    0
    0
    0
    0
    0
    0
    0
    0
    0
    0
    0
    0
    0
    0
    0
    0
    0
    0
    0
    0
    0
    0
    0
    0
    0
    0
    0
    0
    0
    0
    0
    0
    0
    0
    0
    0
    0
    0
    0
    0
    0
    0
    0
    0
    0
    0
    0
    0
    0
    0
    0
    0
    0
    0
    0
    0
    0
    0
    0
    0
    0
    0
    0
    0
    0
    0
    0
    0
    0
    0
    0
    0
    0
    0
    0
    0
    0
    0
    0
    0
    0
    0
    0
    0
    0
    0
    0
    0
    0
    0
    0
    0
    0
    0
    0
    0
    0
    0
    0
    0
    0
    0
    0
    0
    0
    0
    0
    0
    0
    0
    0
    0
    0
    0
    0
    0
    0
    0
    0
    0
    0
    0
    0
    0
    0
    0
    0
    0
    0
    0
    0
    0
    0
    0
    0
    0
    0
    0
    0
    0
    0
    0
    0
    0
    0
    0
    0
    0
    0
    0
    0
    0
    0
    0
    0
    0
    0
    0
    0
    0
    0
    0
    0
    0
    0
    0
    0
    0
    0
    0
    0
    0
    0
    0
    0
    0
    0
    0
    0
    0
    0
    0
    0
    0
    0
    0
    0
    0
    0
    0
    0
    0
    0
    0
    0
    0
    0
    0
    0
    0
    0
    0
    0
    0
    0
    0
    0
    0
    0
    0
    0
    0
    0
    0
    0
    0
    0
    0
    0
    0
    0
    0
    0
    0
    0
    0
    0
    0
    0
    0
    0
    0
    0
    0
    0
    0
    0
    0
    0
    0
    0
    0
    0
    0
    0
    0
    0
    0
    0
    0
    0
    0
    0
    0
    0
    0
    0
    0
    0
    0
    0
    0
    0
    0
    0
    0
    0
    0
    0
    0
    0
    0
    0
    0
    0
    0
    0
    0
    0
    0
    0
    0
    0
    0
    0
    0
    0
    0
    0
    0
    0
    0
    0
    0
    0
    0
    0
    0
    0
    0
    0
    0
    0
    0
    0
    0
    0
    0
    0
    0
    0
    0
    0
    0
    0
    0
    0
    0
    0
    0
    0
    0
    0
    0
    0
    0
    0
    0
    0
    0
    0
    0
    0
    0
    0
    0
    0
    0
    0
    0
    0
    0
    0
    0
    0
    0
    0
    0
    0
    0
    0
    0
    0
    0
    0
    0
    0
    0
    0
    0
    0
    0
    0
    0
    0
    0
    0
    0
    0
    0
    0
    0
    0
    0
    0
    0
    0
    0
    0
    0
    0
    0
    0
    0
    0
    0
    0
    0
    0
    0
    0
    0
    0
    0
    0
    0
    0
    0
    0
    0
    0
    0
    0
    0
    0
    0
    0
    0
    0
    0
    0
    0
    0
    0
    0
    0
    0
    0
    0
    0
    0
    0
    0
    0
    0
    0
    0
    0
    0
    0
    0
    0
    0
    0
    0
    0
    0
    0
    0
    0
    0
    0
    0
    0
    0
    0
    0
    0
    0
    0
    0
    0
    0
    0
    0
    0
    0
    0
    0
    0
    0
    0
    0
    0
    0
    0
    0
    0
    0
    0
    0
    0
    0
    0
    0
    0
    0
    0
    0
    0
    0
    0
    0
    0
    0
    0
    0
    0
    0
    0
    0
    0
    0
    0
    0
    0
    0
    0
    0
    0
    0
    0
    0
    0
    0
    0
    0
    0
    0
    0
    0
    0
    0
    0
    0
    0
    0
    0
    0
    0
    0
    0
    0
    0
    0
    0
    0
    0
    0
    0
    0
    0
    0
    0
    0
    0
    0
    0
    0
    0
    0
    0
    0
    0
    0
    0
    0
    0
    0
    0
    0
    0
    0
    0
    0
    0
    0
    0
    0
    0
    0
    0
    0
    0
    0
    0
    0
    0
    0
    0
    0
    0
    0
    0
    0
    0
    0
    0
    0
    0
    0
    0
    0
    0
    0
    0
    0
    0
    0
    0
    0
    0
    0
    0
    0
    0
    0
    0
    0
    0
    0
    0
    0
    0
    0
    0
    0
    0
    0
    0
    0
    0
    0
    0
    0
    0
    0
    0
    0
    0
    0
    0
    0
    0
    0
    0
    0
    0
    0
    0
    0
    0
    0
    0
    0
    0
    0
    0
    0
    0
    0
    0
    0
    0
    0
    0
    0
    0
    0
    0
    0
    0
    0
    0
    0
    0
    0
    0
    0
    0
    0
    0
    0
    0
    0
    0
    0
    0
    0
    0
    0
    0
    0
    0
    0
    0
    0
    0
    0
    0
    0
    0
    0
    0
    0
    0
    0
    0
    0
    0
    0
    0
    0
    0
    0
    0
    0
    0
    0
    0
    0
    0
    0
    0
    0
    0
    0
    0
    0
    0
    0
    0
    0
    0
    0
    0
    0
    0
    0
    0
    0
    0
    0
    0
    0
    0
    0
    0
    0
    0
    0
    0
    0
    0
    0
    0
    0
    0
    0
    0
    0
    0
    0
    0
    0
    0
    0
    0
    0
    0
    0
    0
    0
    0
    0
    0
    0
    0
    0
    0
    0
    0
    0
    0
    0
    0
    0
    0
    0
    0
    0
    0
    0
    0
    0
    0
    0
    0
    0
    0
    0
    0
    0
    0
    0
    0
    0
    0
    0
    0
    0
    0
    0
    0
    0
    0
    0
    0
    0
    0
    0
    0
    0
    0
    0
    0
    0
    0
    0
    0
    0
    0
    0
    0
    0
    0
    0
    0
    0
    0
    0
    0
    0
    0
    0
    0
    0
    0
    0
    0
    0
    0
    0
    0
    0
    0
    0
    0
    0
    0
    0
    0
    0
    0
    0
    0
    0
    0
    0
    0
    0
    0
    0
    0
    0
    0
    0
    0
    0
    0
    0
    0
    0
    0
    0
    0
    0
    0
    0
    0
    0
    0
    0
    0
    0
    0
    0
    0
    0
    0
    0
    0
    0
    0
    0
    0
    0
    0
    0
    0
    0
    0
    0
    0
    0
    0
    0
    0
    0
    0
    0
    0
    0
    0
    0
    0
    0
    0
    0
    0
    0
    0
    0
    0
    0
    0
    0
    0
    0
    0
    0
    0
    0
    0
    0
    0
    0
    0
    0
    0
    0
    0
    0
    0
    0
    0
    0
    0
    0
    0
    0
    0
    0
    0
    0
    0
    0
    0
    0
    0
    0
    0
    0
    0
    0
    0
