Project Info:
    ACQ Time: 2019- 9-24  11:21:26: 125 .
    Project: ltj左侧足三里左旁开（足三里涂红药水30min）
    Name: 
    Part:  
    Operator:  
    Desc.:  
    Sample Data Acquired.

ACQ Parameters:
    Excited Peroid(ms): 50
    Excited Time(ms): 10
    Acq Delay Time(us): 10
    Gate Time(ms): 20
    Count Num per gate: 100
    Repeat Times: 50
    Acq Gate Times: 1
    Interval per Gate(us): 100
    Channel Number: 2

Data:
    274
    216
    182
    184
    132
    121
    90
    133
    104
    101
    90
    90
    80
    84
    64
    76
    63
    57
    51
    53
    43
    50
    50
    45
    42
    38
    41
    43
    46
    30
    26
    28
    26
    24
    23
    22
    26
    21
    25
    19
    12
    16
    18
    14
    14
    13
    16
    17
    14
    9
    13
    12
    8
    16
    11
    11
    15
    7
    9
    12
    8
    9
    7
    6
    13
    5
    8
    7
    7
    7
    4
    5
    5
    7
    7
    3
    3
    4
    4
    12
    6
    1
    1
    7
    6
    3
    4
    4
    4
    4
    4
    7
    5
    1
    1
    3
    1
    2
    3
    4
    272
    209
    166
    157
    175
    149
    122
    110
    107
    80
    107
    89
    80
    63
    61
    65
    70
    55
    53
    51
    50
    52
    37
    47
    37
    41
    38
    34
    37
    28
    30
    23
    26
    37
    29
    21
    25
    20
    20
    15
    21
    17
    20
    12
    19
    11
    18
    13
    18
    13
    11
    10
    12
    9
    13
    4
    10
    12
    10
    7
    10
    13
    8
    5
    5
    8
    10
    7
    9
    7
    5
    4
    6
    8
    5
    6
    8
    6
    6
    11
    7
    6
    3
    7
    3
    6
    3
    2
    2
    5
    2
    4
    5
    3
    6
    2
    6
    1
    4
    5
    291
    201
    195
    163
    167
    121
    114
    101
    95
    90
    85
    64
    79
    59
    74
    85
    57
    64
    63
    48
    41
    51
    42
    46
    43
    42
    42
    29
    36
    21
    31
    32
    37
    42
    27
    26
    22
    23
    29
    26
    14
    22
    8
    13
    11
    17
    19
    17
    19
    12
    11
    8
    12
    21
    9
    13
    9
    4
    10
    7
    12
    7
    7
    13
    4
    7
    11
    9
    4
    4
    9
    8
    6
    4
    5
    5
    6
    7
    2
    6
    4
    1
    2
    5
    5
    5
    5
    4
    4
    7
    3
    4
    7
    0
    0
    2
    0
    8
    3
    2
    275
    221
    216
    147
    145
    135
    137
    121
    105
    96
    106
    87
    82
    74
    89
    62
    68
    57
    51
    51
    36
    50
    43
    40
    36
    30
    34
    36
    26
    21
    27
    28
    22
    24
    30
    23
    21
    12
    25
    25
    27
    20
    14
    19
    22
    22
    24
    19
    13
    12
    16
    14
    15
    15
    2
    7
    10
    10
    9
    7
    13
    13
    7
    7
    8
    4
    9
    4
    11
    9
    13
    8
    9
    4
    12
    7
    6
    4
    5
    5
    8
    4
    3
    6
    2
    7
    6
    6
    4
    6
    6
    4
    2
    3
    3
    2
    4
    4
    0
    7
    253
    215
    206
    176
    153
    142
    119
    112
    103
    101
    101
    77
    79
    75
    81
    64
    58
    57
    58
    56
    42
    40
    33
    34
    49
    41
    38
    34
    20
    32
    30
    22
    19
    26
    26
    22
    22
    18
    19
    20
    26
    26
    18
    12
    13
    24
    20
    11
    14
    21
    10
    18
    9
    8
    7
    11
    9
    8
    16
    10
    7
    8
    13
    18
    1
    5
    6
    11
    6
    10
    4
    12
    9
    1
    9
    7
    9
    7
    5
    2
    3
    7
    3
    10
    6
    3
    3
    0
    7
    2
    6
    4
    8
    3
    2
    5
    2
    5
    1
    4
    252
    198
    205
    169
    154
    140
    137
    111
    103
    82
    82
    86
    68
    75
    64
    71
    50
    64
    66
    50
    53
    57
    43
    45
    45
    44
    22
    33
    33
    27
    33
    24
    26
    29
    20
    29
    16
    27
    16
    23
    21
    24
    28
    19
    16
    21
    16
    17
    19
    15
    15
    11
    20
    20
    13
    9
    11
    10
    11
    11
    13
    7
    7
    7
    7
    2
    7
    7
    8
    8
    4
    8
    7
    3
    9
    8
    7
    7
    7
    9
    3
    8
    4
    3
    7
    8
    5
    2
    2
    4
    2
    0
    5
    4
    5
    0
    2
    2
    5
    2
    276
    216
    196
    182
    132
    127
    123
    129
    78
    94
    102
    89
    68
    63
    65
    66
    58
    60
    57
    72
    59
    46
    44
    50
    51
    43
    56
    38
    16
    54
    29
    23
    31
    31
    23
    21
    23
    23
    28
    21
    22
    25
    17
    21
    17
    16
    16
    14
    12
    18
    10
    11
    12
    13
    15
    17
    13
    6
    9
    3
    13
    4
    8
    9
    5
    11
    7
    13
    4
    11
    9
    5
    7
    3
    6
    2
    6
    4
    3
    3
    2
    3
    5
    6
    2
    1
    4
    8
    3
    5
    5
    1
    5
    3
    5
    5
    3
    1
    9
    3
    251
    238
    199
    175
    138
    123
    135
    116
    114
    117
    100
    92
    67
    78
    70
    51
    69
    69
    64
    45
    53
    45
    46
    48
    47
    44
    54
    48
    40
    39
    35
    25
    23
    30
    15
    25
    23
    22
    21
    19
    13
    22
    16
    16
    9
    19
    16
    26
    16
    13
    14
    14
    13
    9
    13
    14
    9
    16
    8
    8
    12
    11
    7
    7
    8
    10
    7
    6
    7
    12
    5
    8
    4
    8
    7
    5
    11
    4
    11
    7
    6
    3
    4
    5
    7
    6
    4
    3
    1
    1
    5
    4
    3
    1
    4
    5
    4
    0
    2
    8
    287
    252
    199
    190
    149
    134
    110
    123
    90
    102
    88
    80
    85
    75
    78
    67
    68
    58
    68
    62
    42
    49
    45
    42
    40
    33
    47
    37
    39
    34
    34
    26
    34
    27
    23
    25
    13
    22
    22
    25
    24
    23
    11
    25
    19
    15
    16
    13
    13
    13
    15
    14
    14
    8
    12
    2
    11
    12
    12
    10
    11
    11
    6
    9
    8
    3
    7
    4
    4
    4
    6
    8
    10
    7
    1
    9
    6
    9
    6
    8
    5
    5
    4
    5
    7
    5
    3
    1
    6
    3
    9
    2
    3
    4
    6
    3
    0
    4
    3
    2
    270
    201
    188
    157
    151
    117
    138
    105
    100
    105
    84
    92
    69
    84
    68
    74
    66
    58
    50
    56
    47
    36
    36
    41
    46
    38
    38
    30
    37
    36
    21
    29
    18
    33
    26
    22
    24
    20
    25
    17
    20
    21
    17
    18
    15
    22
    11
    13
    17
    14
    12
    20
    10
    8
    9
    18
    5
    11
    7
    15
    7
    11
    7
    8
    9
    7
    8
    10
    7
    7
    6
    7
    4
    1
    8
    6
    6
    4
    5
    9
    4
    7
    6
    5
    4
    4
    7
    3
    1
    2
    1
    2
    4
    3
    2
    5
    3
    2
    3
    2
    263
    221
    190
    181
    150
    139
    109
    111
    107
    104
    97
    101
    86
    73
    66
    62
    81
    56
    50
    57
    56
    46
    40
    42
    47
    40
    41
    38
    31
    33
    32
    37
    22
    16
    28
    20
    20
    27
    17
    20
    22
    18
    18
    20
    30
    15
    15
    15
    11
    20
    15
    10
    12
    12
    15
    11
    11
    9
    6
    10
    5
    8
    11
    8
    14
    10
    12
    9
    8
    8
    7
    13
    4
    9
    9
    8
    8
    5
    6
    7
    4
    1
    6
    6
    7
    8
    4
    4
    4
    5
    1
    4
    5
    3
    4
    7
    5
    4
    4
    3
    261
    220
    171
    176
    157
    134
    123
    115
    112
    100
    95
    84
    79
    86
    63
    66
    54
    57
    64
    56
    66
    39
    37
    39
    43
    34
    33
    39
    40
    32
    33
    29
    31
    29
    33
    22
    29
    28
    17
    27
    23
    20
    18
    17
    15
    14
    10
    16
    15
    14
    15
    16
    7
    13
    14
    22
    10
    6
    6
    8
    11
    5
    11
    8
    15
    9
    11
    8
    8
    8
    6
    8
    6
    10
    5
    6
    8
    4
    4
    2
    2
    4
    4
    8
    9
    3
    3
    5
    5
    4
    3
    10
    4
    3
    6
    6
    3
    4
    1
    2
    289
    216
    218
    174
    162
    137
    137
    115
    113
    104
    87
    87
    74
    76
    66
    61
    51
    60
    49
    55
    47
    50
    52
    34
    52
    41
    36
    27
    27
    41
    36
    25
    22
    27
    23
    24
    19
    26
    22
    24
    21
    16
    17
    9
    13
    11
    15
    14
    22
    16
    14
    15
    15
    15
    19
    7
    11
    10
    12
    12
    12
    3
    17
    6
    5
    10
    10
    8
    11
    14
    10
    7
    5
    7
    4
    5
    6
    5
    7
    6
    3
    4
    2
    5
    4
    4
    3
    3
    0
    7
    3
    9
    2
    2
    1
    4
    2
    6
    1
    4
    275
    213
    219
    175
    151
    149
    120
    119
    103
    91
    93
    103
    64
    92
    70
    74
    53
    56
    61
    52
    41
    55
    46
    45
    52
    33
    41
    39
    40
    38
    38
    36
    33
    32
    30
    24
    22
    27
    23
    26
    32
    21
    19
    27
    12
    22
    17
    14
    10
    19
    15
    15
    14
    15
    13
    15
    13
    8
    10
    9
    10
    10
    4
    6
    7
    12
    9
    6
    7
    12
    10
    4
    8
    7
    7
    6
    5
    2
    8
    3
    5
    9
    4
    1
    5
    3
    6
    2
    3
    4
    5
    6
    4
    3
    5
    4
    3
    1
    3
    1
    260
    211
    200
    165
    151
    146
    100
    122
    124
    113
    104
    103
    69
    79
    69
    78
    52
    57
    50
    49
    57
    45
    42
    45
    30
    40
    44
    35
    32
    38
    35
    40
    34
    27
    19
    20
    20
    25
    28
    33
    20
    15
    21
    16
    17
    23
    14
    13
    17
    15
    18
    13
    9
    12
    14
    11
    14
    9
    5
    8
    8
    6
    5
    9
    9
    12
    8
    10
    13
    6
    5
    6
    5
    8
    7
    5
    9
    6
    10
    8
    2
    3
    1
    9
    5
    6
    5
    4
    6
    7
    4
    2
    8
    4
    3
    4
    3
    4
    1
    6
    250
    241
    173
    166
    152
    143
    116
    120
    93
    100
    83
    85
    75
    75
    80
    76
    54
    55
    58
    51
    53
    52
    46
    50
    44
    48
    32
    27
    36
    29
    22
    22
    41
    29
    26
    25
    22
    22
    22
    20
    23
    18
    11
    19
    19
    19
    11
    14
    18
    9
    16
    8
    10
    13
    8
    15
    9
    11
    12
    15
    16
    11
    13
    11
    8
    7
    9
    11
    13
    8
    4
    7
    5
    6
    4
    6
    4
    6
    3
    5
    6
    4
    5
    3
    3
    3
    5
    1
    6
    3
    5
    6
    5
    1
    5
    2
    3
    5
    4
    3
    292
    233
    183
    179
    111
    144
    122
    125
    114
    103
    96
    88
    76
    71
    72
    64
    69
    49
    61
    56
    46
    41
    53
    35
    34
    44
    40
    29
    36
    21
    41
    29
    35
    23
    26
    29
    26
    29
    31
    21
    22
    28
    18
    17
    17
    15
    8
    19
    12
    13
    19
    16
    17
    12
    12
    9
    13
    8
    6
    8
    6
    8
    12
    6
    11
    8
    6
    6
    11
    7
    14
    6
    7
    7
    5
    3
    7
    3
    5
    6
    6
    3
    4
    2
    3
    5
    3
    4
    4
    3
    3
    6
    1
    3
    4
    3
    1
    3
    8
    5
    275
    247
    190
    174
    150
    124
    122
    107
    116
    105
    104
    81
    100
    64
    71
    71
    66
    77
    57
    59
    51
    49
    53
    42
    48
    41
    42
    37
    38
    29
    22
    39
    22
    18
    20
    16
    10
    28
    24
    25
    20
    17
    21
    28
    29
    18
    21
    8
    15
    13
    10
    14
    9
    10
    15
    9
    8
    10
    19
    10
    11
    10
    5
    6
    11
    9
    11
    9
    5
    10
    3
    7
    3
    12
    7
    5
    10
    11
    6
    3
    7
    4
    5
    1
    4
    3
    3
    4
    3
    0
    4
    4
    3
    5
    5
    4
    2
    2
    3
    2
    270
    212
    203
    163
    164
    128
    145
    111
    107
    101
    95
    91
    78
    87
    62
    69
    72
    53
    66
    54
    40
    62
    45
    49
    44
    49
    31
    30
    35
    31
    37
    25
    35
    33
    28
    28
    17
    21
    17
    30
    17
    31
    18
    24
    16
    15
    14
    15
    14
    12
    10
    22
    8
    13
    15
    11
    8
    13
    10
    5
    7
    11
    15
    13
    6
    11
    6
    8
    8
    4
    9
    2
    7
    9
    5
    9
    10
    2
    8
    9
    6
    9
    4
    6
    5
    5
    5
    4
    9
    6
    2
    7
    5
    2
    4
    3
    3
    2
    5
    4
    284
    230
    199
    176
    156
    135
    117
    111
    102
    72
    102
    101
    74
    76
    86
    67
    59
    57
    69
    59
    54
    82
    62
    48
    39
    33
    37
    25
    37
    22
    44
    19
    26
    22
    27
    29
    24
    22
    24
    22
    24
    15
    16
    18
    13
    22
    27
    12
    9
    15
    13
    13
    13
    21
    7
    8
    16
    11
    11
    8
    11
    6
    11
    13
    8
    6
    10
    4
    8
    7
    5
    11
    2
    11
    9
    6
    2
    7
    3
    5
    2
    5
    6
    10
    7
    11
    6
    4
    6
    6
    2
    4
    6
    2
    2
    2
    4
    6
    4
    4
    272
    204
    198
    196
    153
    135
    131
    121
    109
    90
    98
    79
    77
    96
    73
    66
    73
    58
    64
    48
    48
    55
    31
    54
    43
    41
    26
    45
    43
    24
    37
    26
    45
    21
    20
    22
    26
    13
    21
    24
    19
    22
    11
    18
    17
    21
    14
    26
    23
    24
    11
    7
    11
    10
    12
    9
    16
    11
    10
    13
    8
    6
    10
    10
    7
    7
    8
    8
    4
    9
    6
    7
    5
    7
    6
    7
    6
    6
    3
    10
    3
    2
    5
    6
    7
    8
    3
    6
    5
    4
    2
    4
    8
    3
    5
    4
    3
    2
    4
    4
    283
    218
    197
    190
    141
    138
    135
    128
    93
    97
    108
    88
    88
    88
    70
    73
    73
    63
    53
    59
    40
    57
    55
    45
    34
    44
    38
    40
    41
    31
    27
    32
    30
    34
    22
    25
    28
    14
    18
    15
    13
    17
    16
    21
    20
    8
    15
    19
    24
    24
    16
    13
    18
    10
    7
    7
    9
    14
    12
    7
    6
    3
    7
    10
    2
    8
    7
    8
    5
    4
    5
    8
    4
    6
    3
    3
    5
    6
    4
    3
    9
    8
    4
    5
    8
    5
    3
    3
    3
    4
    4
    4
    5
    4
    0
    3
    2
    3
    5
    2
    296
    260
    190
    177
    149
    151
    121
    119
    112
    107
    85
    105
    97
    94
    69
    81
    68
    62
    59
    53
    51
    37
    47
    35
    44
    35
    35
    48
    39
    26
    29
    30
    22
    26
    26
    32
    29
    26
    20
    29
    28
    16
    13
    23
    14
    15
    21
    22
    16
    12
    16
    12
    18
    17
    16
    13
    9
    10
    7
    4
    18
    14
    14
    5
    8
    9
    14
    9
    16
    4
    4
    7
    5
    5
    3
    1
    5
    5
    8
    8
    6
    2
    10
    7
    5
    7
    5
    3
    5
    4
    3
    3
    2
    4
    4
    6
    5
    2
    5
    1
    241
    231
    191
    180
    151
    145
    128
    112
    120
    104
    106
    81
    67
    71
    80
    81
    70
    64
    76
    46
    48
    43
    48
    32
    40
    46
    42
    38
    41
    33
    25
    37
    37
    34
    25
    25
    22
    30
    19
    19
    19
    14
    15
    19
    16
    15
    14
    8
    11
    14
    11
    14
    12
    16
    13
    11
    16
    14
    16
    16
    11
    7
    8
    7
    6
    8
    7
    10
    9
    7
    9
    8
    11
    7
    10
    6
    5
    8
    3
    6
    8
    5
    6
    3
    5
    6
    12
    5
    6
    4
    2
    7
    3
    8
    5
    5
    3
    3
    3
    2
    266
    218
    205
    177
    145
    108
    97
    103
    102
    117
    99
    88
    80
    56
    83
    66
    61
    60
    57
    59
    49
    57
    54
    47
    55
    45
    40
    29
    32
    47
    31
    29
    38
    30
    25
    25
    27
    18
    24
    23
    24
    20
    24
    18
    17
    19
    23
    20
    14
    14
    9
    11
    14
    12
    11
    18
    11
    12
    13
    14
    9
    9
    8
    9
    9
    14
    6
    3
    9
    2
    5
    5
    9
    6
    3
    5
    5
    8
    6
    3
    10
    2
    7
    1
    9
    5
    6
    3
    3
    9
    3
    3
    5
    1
    8
    3
    2
    2
    3
    7
    261
    231
    233
    167
    142
    151
    130
    124
    110
    84
    102
    91
    82
    67
    71
    70
    42
    69
    50
    71
    59
    56
    50
    39
    32
    50
    41
    37
    22
    43
    37
    28
    28
    26
    16
    31
    24
    21
    28
    33
    19
    18
    28
    17
    19
    22
    16
    12
    19
    17
    20
    17
    12
    9
    8
    13
    9
    18
    10
    11
    9
    16
    12
    7
    2
    10
    15
    6
    2
    5
    12
    7
    7
    5
    7
    11
    3
    5
    6
    8
    4
    4
    5
    3
    2
    3
    4
    9
    6
    3
    1
    4
    5
    3
    0
    4
    2
    6
    5
    5
    278
    231
    167
    166
    151
    138
    125
    102
    122
    96
    101
    75
    81
    83
    73
    70
    72
    64
    68
    49
    56
    51
    53
    43
    49
    47
    41
    32
    44
    39
    30
    23
    27
    28
    20
    32
    26
    22
    22
    27
    16
    24
    18
    16
    15
    18
    22
    20
    15
    13
    14
    10
    14
    11
    15
    17
    10
    7
    11
    11
    13
    12
    7
    9
    9
    6
    3
    8
    4
    12
    10
    6
    9
    7
    7
    7
    6
    3
    9
    4
    4
    6
    5
    5
    6
    4
    6
    3
    4
    4
    4
    7
    10
    1
    5
    4
    5
    3
    1
    6
    283
    235
    184
    180
    144
    137
    127
    95
    91
    105
    101
    88
    77
    86
    81
    62
    60
    61
    72
    43
    56
    54
    39
    36
    47
    33
    45
    51
    36
    30
    34
    28
    33
    32
    27
    38
    28
    23
    23
    22
    23
    29
    21
    19
    18
    18
    20
    19
    20
    17
    13
    18
    12
    17
    11
    9
    13
    12
    10
    9
    13
    8
    8
    8
    10
    4
    7
    5
    7
    10
    8
    8
    11
    4
    5
    7
    1
    7
    1
    5
    6
    14
    6
    3
    4
    3
    2
    1
    4
    5
    3
    9
    5
    5
    2
    6
    6
    0
    2
    6
    280
    229
    189
    152
    127
    151
    120
    125
    123
    92
    92
    74
    93
    84
    69
    65
    59
    67
    65
    62
    52
    51
    49
    51
    40
    41
    36
    33
    24
    34
    46
    24
    29
    28
    31
    28
    28
    21
    28
    19
    15
    25
    17
    22
    13
    21
    30
    15
    18
    17
    15
    8
    14
    15
    13
    10
    16
    5
    8
    14
    14
    14
    11
    3
    5
    13
    7
    9
    6
    9
    9
    4
    8
    9
    6
    8
    8
    4
    7
    9
    7
    4
    1
    2
    5
    7
    8
    5
    4
    4
    6
    1
    1
    2
    2
    4
    2
    7
    5
    6
    281
    241
    184
    177
    147
    148
    134
    97
    98
    101
    92
    80
    86
    70
    65
    75
    69
    49
    70
    57
    39
    42
    52
    47
    52
    38
    45
    41
    34
    30
    24
    37
    23
    21
    24
    20
    27
    24
    17
    20
    28
    26
    23
    18
    20
    21
    25
    12
    15
    21
    17
    16
    13
    8
    9
    17
    15
    12
    10
    12
    10
    9
    6
    9
    11
    19
    5
    7
    6
    8
    10
    4
    8
    10
    3
    5
    10
    10
    7
    5
    2
    4
    4
    10
    5
    1
    4
    5
    4
    6
    8
    3
    6
    4
    7
    1
    5
    6
    2
    6
    245
    212
    170
    148
    172
    113
    138
    112
    105
    89
    91
    97
    79
    89
    66
    76
    62
    60
    61
    57
    43
    55
    49
    54
    45
    39
    46
    31
    36
    31
    24
    28
    28
    33
    28
    25
    28
    18
    27
    22
    17
    19
    19
    18
    15
    26
    20
    17
    20
    16
    14
    9
    12
    7
    13
    9
    6
    9
    10
    9
    6
    8
    7
    12
    12
    10
    15
    10
    7
    7
    7
    7
    4
    8
    6
    8
    5
    4
    5
    10
    4
    4
    2
    5
    3
    2
    3
    2
    6
    4
    5
    1
    5
    2
    5
    4
    4
    1
    0
    7
    257
    230
    203
    152
    137
    147
    130
    111
    120
    107
    97
    88
    72
    71
    63
    66
    65
    62
    72
    49
    57
    51
    56
    45
    37
    45
    33
    33
    35
    44
    26
    25
    18
    24
    25
    21
    30
    26
    25
    23
    10
    22
    26
    21
    12
    15
    15
    20
    23
    11
    16
    9
    14
    9
    17
    8
    12
    12
    5
    4
    12
    12
    5
    8
    10
    7
    9
    8
    7
    11
    8
    3
    4
    7
    2
    7
    6
    6
    7
    2
    3
    5
    3
    6
    9
    7
    4
    2
    3
    2
    1
    3
    6
    3
    1
    4
    7
    7
    1
    5
    283
    225
    175
    178
    141
    132
    128
    95
    108
    97
    94
    89
    92
    82
    75
    69
    88
    63
    39
    65
    53
    46
    41
    47
    51
    34
    40
    34
    47
    35
    30
    31
    30
    31
    20
    32
    20
    15
    21
    31
    31
    15
    19
    20
    11
    18
    19
    18
    16
    13
    10
    12
    11
    9
    15
    11
    18
    15
    11
    7
    9
    5
    15
    11
    6
    8
    5
    9
    13
    8
    6
    12
    3
    6
    2
    6
    6
    3
    3
    6
    7
    5
    4
    7
    8
    5
    4
    5
    2
    4
    9
    3
    3
    0
    5
    7
    3
    3
    3
    1
    243
    242
    205
    163
    144
    127
    122
    118
    122
    91
    85
    74
    87
    90
    69
    62
    56
    57
    56
    67
    60
    40
    40
    47
    44
    41
    22
    39
    44
    27
    25
    33
    24
    30
    33
    17
    32
    20
    25
    16
    22
    19
    22
    16
    20
    21
    17
    19
    19
    12
    14
    15
    14
    10
    15
    10
    9
    9
    11
    11
    13
    10
    14
    8
    8
    11
    8
    7
    5
    6
    9
    6
    10
    2
    11
    5
    5
    8
    6
    2
    9
    2
    5
    5
    4
    3
    2
    7
    3
    3
    2
    4
    2
    3
    3
    4
    8
    0
    2
    3
    267
    237
    206
    164
    158
    139
    141
    115
    91
    109
    83
    87
    81
    73
    77
    65
    65
    59
    45
    54
    57
    50
    48
    48
    35
    41
    40
    39
    41
    37
    30
    21
    31
    38
    26
    31
    19
    19
    30
    20
    21
    17
    14
    17
    18
    17
    16
    20
    16
    17
    17
    13
    16
    12
    12
    13
    8
    18
    7
    10
    9
    12
    11
    6
    9
    7
    10
    12
    11
    4
    7
    2
    9
    3
    9
    8
    5
    11
    5
    5
    5
    3
    12
    5
    4
    4
    5
    8
    3
    7
    2
    3
    5
    0
    4
    4
    4
    2
    0
    3
    270
    207
    208
    152
    144
    142
    129
    120
    98
    111
    97
    100
    82
    78
    57
    63
    55
    69
    60
    53
    50
    44
    48
    44
    46
    39
    49
    38
    37
    23
    32
    29
    21
    24
    22
    25
    26
    21
    17
    23
    21
    15
    26
    19
    18
    9
    22
    12
    16
    17
    9
    14
    17
    11
    12
    25
    11
    16
    13
    14
    7
    13
    9
    2
    6
    7
    10
    3
    8
    7
    9
    6
    7
    4
    5
    6
    4
    7
    10
    6
    6
    5
    7
    8
    5
    4
    7
    6
    3
    3
    4
    6
    5
    4
    5
    4
    3
    3
    5
    3
    252
    231
    195
    154
    153
    137
    133
    112
    113
    104
    83
    68
    94
    78
    99
    58
    59
    66
    70
    50
    43
    42
    45
    36
    45
    46
    40
    29
    35
    26
    28
    34
    27
    32
    29
    26
    22
    18
    29
    23
    21
    16
    23
    15
    22
    22
    10
    17
    15
    11
    18
    12
    15
    14
    12
    11
    17
    7
    9
    8
    10
    12
    9
    10
    11
    14
    4
    4
    5
    7
    8
    5
    0
    4
    9
    8
    5
    4
    7
    7
    8
    5
    8
    5
    3
    5
    7
    4
    4
    6
    6
    5
    5
    1
    5
    2
    6
    4
    8
    1
    258
    239
    197
    171
    161
    132
    130
    94
    115
    88
    94
    89
    84
    77
    75
    61
    63
    52
    45
    47
    56
    43
    44
    56
    50
    34
    29
    27
    29
    42
    32
    29
    29
    25
    29
    31
    28
    25
    24
    29
    20
    18
    18
    19
    18
    24
    21
    19
    17
    14
    16
    16
    15
    10
    20
    12
    16
    7
    14
    6
    9
    10
    10
    7
    9
    8
    11
    10
    4
    6
    7
    7
    11
    4
    4
    8
    10
    3
    7
    8
    6
    6
    3
    5
    12
    3
    4
    5
    9
    4
    5
    8
    6
    2
    6
    1
    5
    4
    2
    2
    285
    224
    189
    189
    188
    136
    118
    132
    110
    109
    84
    83
    73
    72
    66
    72
    61
    73
    62
    45
    44
    50
    36
    40
    45
    30
    42
    32
    30
    38
    34
    17
    27
    22
    29
    22
    30
    32
    16
    27
    28
    21
    13
    16
    19
    15
    15
    16
    11
    14
    7
    15
    11
    8
    5
    23
    12
    8
    10
    7
    12
    6
    13
    14
    12
    8
    9
    7
    10
    7
    6
    7
    7
    6
    6
    1
    7
    7
    6
    5
    3
    1
    8
    9
    4
    6
    2
    5
    4
    3
    6
    4
    7
    4
    3
    4
    3
    4
    4
    3
    266
    221
    179
    158
    161
    142
    142
    129
    127
    94
    81
    83
    87
    86
    78
    71
    64
    68
    61
    54
    51
    52
    51
    42
    33
    43
    38
    42
    38
    17
    30
    40
    25
    25
    31
    25
    21
    20
    25
    24
    21
    23
    14
    26
    14
    21
    13
    20
    24
    21
    16
    15
    15
    18
    14
    14
    14
    13
    6
    11
    13
    7
    8
    18
    8
    8
    8
    13
    1
    9
    5
    9
    10
    4
    7
    10
    8
    5
    8
    5
    3
    6
    4
    7
    9
    8
    5
    3
    6
    3
    6
    2
    4
    2
    3
    3
    4
    3
    5
    1
    248
    243
    197
    167
    138
    145
    128
    114
    119
    97
    93
    88
    76
    69
    81
    70
    63
    67
    70
    69
    44
    49
    37
    60
    46
    42
    36
    40
    37
    36
    46
    33
    28
    25
    28
    27
    24
    19
    22
    13
    24
    31
    19
    13
    14
    16
    17
    22
    25
    16
    18
    18
    7
    11
    13
    6
    11
    12
    10
    12
    12
    12
    6
    9
    10
    9
    13
    4
    6
    7
    8
    5
    7
    5
    7
    3
    8
    10
    6
    8
    6
    11
    3
    6
    2
    6
    5
    3
    2
    5
    4
    3
    3
    8
    4
    4
    3
    5
    4
    7
    281
    246
    215
    142
    164
    135
    126
    128
    92
    77
    101
    100
    96
    81
    80
    73
    65
    48
    57
    55
    51
    48
    36
    45
    37
    44
    30
    37
    34
    39
    25
    30
    33
    24
    26
    21
    24
    19
    15
    26
    26
    17
    22
    16
    19
    17
    12
    20
    20
    18
    10
    13
    14
    11
    6
    10
    15
    11
    11
    15
    7
    7
    12
    10
    8
    9
    8
    9
    7
    4
    10
    3
    6
    8
    4
    12
    5
    6
    6
    8
    5
    4
    3
    8
    8
    3
    6
    4
    3
    5
    3
    5
    4
    0
    4
    3
    2
    3
    2
    4
    239
    227
    175
    171
    159
    135
    126
    123
    102
    106
    92
    97
    67
    95
    66
    72
    83
    65
    59
    56
    54
    51
    50
    50
    38
    43
    49
    31
    31
    23
    32
    36
    22
    30
    34
    37
    19
    16
    19
    22
    23
    21
    17
    21
    12
    20
    15
    20
    18
    15
    17
    15
    16
    9
    11
    10
    7
    13
    18
    9
    6
    15
    11
    12
    11
    9
    8
    7
    8
    7
    8
    6
    9
    4
    5
    1
    8
    9
    8
    2
    4
    5
    6
    6
    1
    5
    2
    7
    5
    4
    2
    2
    2
    3
    4
    2
    2
    3
    3
    7
    285
    234
    219
    153
    150
    139
    116
    111
    89
    101
    96
    83
    85
    80
    68
    63
    61
    60
    63
    58
    42
    64
    53
    55
    39
    45
    41
    30
    45
    27
    23
    33
    36
    36
    28
    27
    21
    29
    19
    17
    18
    22
    13
    24
    19
    14
    9
    6
    14
    14
    12
    7
    21
    20
    13
    13
    7
    10
    9
    13
    4
    13
    6
    9
    10
    8
    11
    5
    11
    5
    6
    11
    5
    10
    6
    11
    10
    7
    2
    8
    6
    7
    2
    4
    8
    4
    8
    6
    4
    3
    6
    4
    2
    5
    2
    4
    3
    1
    6
    4
    274
    234
    188
    174
    144
    145
    118
    142
    102
    83
    103
    91
    87
    73
    67
    72
    62
    58
    69
    63
    65
    53
    44
    39
    40
    36
    35
    36
    40
    26
    25
    32
    34
    25
    29
    17
    20
    29
    21
    21
    16
    14
    19
    18
    22
    17
    12
    12
    13
    21
    15
    18
    8
    16
    17
    16
    7
    18
    5
    15
    19
    9
    13
    13
    6
    9
    13
    11
    8
    4
    8
    6
    7
    5
    8
    5
    7
    7
    6
    4
    5
    2
    5
    3
    5
    6
    4
    5
    3
    10
    4
    7
    5
    1
    5
    2
    5
    4
    1
    7
    278
    212
    176
    202
    145
    153
    131
    140
    108
    91
    100
    74
    60
    72
    74
    65
    75
    76
    52
    63
    50
    37
    50
    51
    39
    47
    42
    31
    28
    46
    28
    38
    26
    29
    25
    30
    20
    17
    22
    24
    23
    17
    15
    13
    19
    13
    15
    10
    14
    14
    15
    13
    15
    14
    15
    18
    9
    10
    13
    12
    10
    10
    3
    11
    8
    10
    8
    9
    9
    6
    10
    6
    9
    2
    8
    10
    4
    6
    5
    4
    3
    6
    7
    6
    3
    4
    6
    4
    4
    6
    3
    0
    4
    2
    2
    6
    8
    4
    2
    6
    274
    219
    206
    165
    171
    137
    128
    120
    97
    98
    87
    91
    78
    91
    71
    66
    63
    45
    68
    53
    52
    47
    45
    45
    35
    33
    37
    32
    31
    34
    26
    39
    30
    28
    16
    27
    21
    25
    30
    25
    17
    26
    30
    14
    19
    14
    20
    15
    17
    14
    11
    10
    13
    10
    8
    15
    13
    9
    16
    12
    14
    10
    11
    10
    7
    8
    8
    9
    7
    10
    8
    6
    13
    10
    3
    10
    5
    4
    4
    4
    8
    6
    3
    4
    7
    6
    1
    5
    7
    7
    6
    2
    2
    6
    5
    4
    7
    3
    2
    4
    289
    199
    188
    172
    143
    119
    110
    125
    105
    94
    91
    95
    80
    87
    64
    74
    62
    63
    72
    44
    54
    55
    42
    35
    46
    48
    32
    33
    36
    35
    23
    28
    27
    26
    29
    27
    19
    22
    32
    16
    21
    22
    27
    20
    17
    17
    16
    12
    23
    21
    17
    10
    12
    16
    8
    16
    12
    13
    13
    12
    10
    14
    15
    4
    5
    13
    7
    7
    9
    10
    7
    5
    8
    9
    5
    7
    3
    6
    7
    6
    4
    3
    4
    7
    5
    4
    8
    4
    5
    7
    1
    5
    1
    1
    0
    3
    3
    4
    6
    3
    266
    211
    197
    193
    150
    131
    131
    119
    89
    121
    94
    82
    92
    81
    75
    63
    62
    61
    53
    57
    59
    55
    59
    40
    37
    35
    49
    40
    24
    20
    37
    28
    30
    25
    24
    22
    31
    40
    21
    28
    18
    32
    16
    21
    23
    14
    16
    17
    18
    5
    12
    13
    15
    12
    16
    8
    13
    9
    6
    11
    10
    7
    12
    5
    11
    2
    11
    17
    5
    9
    14
    7
    5
    3
    4
    9
    10
    4
    8
    4
    4
    8
    6
    2
    4
    0
    4
    5
    7
    3
    6
    3
    3
    3
    2
    4
    1
    4
    8
    5
    264
    224
    185
    169
    157
    141
    124
    103
    101
    102
    91
    87
    85
    73
    76
    75
    69
    64
    51
    56
    49
    43
    42
    47
    38
    40
    28
    37
    32
    30
    25
    31
    26
    32
    23
    25
    28
    31
    20
    23
    21
    19
    26
    11
    24
    12
    22
    11
    13
    11
    19
    16
    8
    5
    5
    10
    14
    14
    10
    9
    13
    11
    9
    9
    7
    8
    9
    9
    10
    5
    11
    7
    4
    8
    9
    7
    3
    2
    3
    12
    6
    5
    7
    1
    3
    4
    6
    5
    6
    3
    4
    4
    1
    3
    0
    5
    1
    5
    3
    5

Data:
    0
    0
    0
    0
    0
    0
    0
    0
    0
    0
    0
    0
    0
    0
    0
    0
    0
    0
    0
    0
    0
    0
    0
    0
    0
    0
    0
    0
    0
    0
    0
    0
    0
    0
    0
    0
    0
    0
    0
    0
    0
    0
    0
    0
    0
    0
    0
    0
    0
    0
    0
    0
    0
    0
    0
    0
    0
    0
    0
    0
    0
    0
    0
    0
    0
    0
    0
    0
    0
    0
    0
    0
    0
    0
    0
    0
    0
    0
    0
    0
    0
    0
    0
    0
    0
    0
    0
    0
    0
    0
    0
    0
    0
    0
    0
    0
    0
    0
    0
    0
    0
    0
    0
    0
    0
    0
    0
    0
    0
    0
    0
    0
    0
    0
    0
    0
    0
    0
    0
    0
    0
    0
    0
    0
    0
    0
    0
    0
    0
    0
    0
    0
    0
    0
    0
    0
    0
    0
    0
    0
    0
    0
    0
    0
    0
    0
    0
    0
    0
    0
    0
    0
    0
    0
    0
    0
    0
    0
    0
    0
    0
    0
    0
    0
    0
    0
    0
    0
    0
    0
    0
    0
    0
    0
    0
    0
    0
    0
    0
    0
    0
    0
    0
    0
    0
    0
    0
    0
    0
    0
    0
    0
    0
    0
    0
    0
    0
    0
    0
    0
    0
    0
    0
    0
    0
    0
    0
    0
    0
    0
    0
    0
    0
    0
    0
    0
    0
    0
    0
    0
    0
    0
    0
    0
    0
    0
    0
    0
    0
    0
    0
    0
    0
    0
    0
    0
    0
    0
    0
    0
    0
    0
    0
    0
    0
    0
    0
    0
    0
    0
    0
    0
    0
    0
    0
    0
    0
    0
    0
    0
    0
    0
    0
    0
    0
    0
    0
    0
    0
    0
    0
    0
    0
    0
    0
    0
    0
    0
    0
    0
    0
    0
    0
    0
    0
    0
    0
    0
    0
    0
    0
    0
    0
    0
    0
    0
    0
    0
    0
    0
    0
    0
    0
    0
    0
    0
    0
    0
    0
    0
    0
    0
    0
    0
    0
    0
    0
    0
    0
    0
    0
    0
    0
    0
    0
    0
    0
    0
    0
    0
    0
    0
    0
    0
    0
    0
    0
    0
    0
    0
    0
    0
    0
    0
    0
    0
    0
    0
    0
    0
    0
    0
    0
    0
    0
    0
    0
    0
    0
    0
    0
    0
    0
    0
    0
    0
    0
    0
    0
    0
    0
    0
    0
    0
    0
    0
    0
    0
    0
    0
    0
    0
    0
    0
    0
    0
    0
    0
    0
    0
    0
    0
    0
    0
    0
    0
    0
    0
    0
    0
    0
    0
    0
    0
    0
    0
    0
    0
    0
    0
    0
    0
    0
    0
    0
    0
    0
    0
    0
    0
    0
    0
    0
    0
    0
    0
    0
    0
    0
    0
    0
    0
    0
    0
    0
    0
    0
    0
    0
    0
    0
    0
    0
    0
    0
    0
    0
    0
    0
    0
    0
    0
    0
    0
    0
    0
    0
    0
    0
    0
    0
    0
    0
    0
    0
    0
    0
    0
    0
    0
    0
    0
    0
    0
    0
    0
    0
    0
    0
    0
    0
    0
    0
    0
    0
    0
    0
    0
    0
    0
    0
    0
    0
    0
    0
    0
    0
    0
    0
    0
    0
    0
    0
    0
    0
    0
    0
    0
    0
    0
    0
    0
    0
    0
    0
    0
    0
    0
    0
    0
    0
    0
    0
    0
    0
    0
    0
    0
    0
    0
    0
    0
    0
    0
    0
    0
    0
    0
    0
    0
    0
    0
    0
    0
    0
    0
    0
    0
    0
    0
    0
    0
    0
    0
    0
    0
    0
    0
    0
    0
    0
    0
    0
    0
    0
    0
    0
    0
    0
    0
    0
    0
    0
    0
    0
    0
    0
    0
    0
    0
    0
    0
    0
    0
    0
    0
    0
    0
    0
    0
    0
    0
    0
    0
    0
    0
    0
    0
    0
    0
    0
    0
    0
    0
    0
    0
    0
    0
    0
    0
    0
    0
    0
    0
    0
    0
    0
    0
    0
    0
    0
    0
    0
    0
    0
    0
    0
    0
    0
    0
    0
    0
    0
    0
    0
    0
    0
    0
    0
    0
    0
    0
    0
    0
    0
    0
    0
    0
    0
    0
    0
    0
    0
    0
    0
    0
    0
    0
    0
    0
    0
    0
    0
    0
    0
    0
    0
    0
    0
    0
    0
    0
    0
    0
    0
    0
    0
    0
    0
    0
    0
    0
    0
    0
    0
    0
    0
    0
    0
    0
    0
    0
    0
    0
    0
    0
    0
    0
    0
    0
    0
    0
    0
    0
    0
    0
    0
    0
    0
    0
    0
    0
    0
    0
    0
    0
    0
    0
    0
    0
    0
    0
    0
    0
    0
    0
    0
    0
    0
    0
    0
    0
    0
    0
    0
    0
    0
    0
    0
    0
    0
    0
    0
    0
    0
    0
    0
    0
    0
    0
    0
    0
    0
    0
    0
    0
    0
    0
    0
    0
    0
    0
    0
    0
    0
    0
    0
    0
    0
    0
    0
    0
    0
    0
    0
    0
    0
    0
    0
    0
    0
    0
    0
    0
    0
    0
    0
    0
    0
    0
    0
    0
    0
    0
    0
    0
    0
    0
    0
    0
    0
    0
    0
    0
    0
    0
    0
    0
    0
    0
    0
    0
    0
    0
    0
    0
    0
    0
    0
    0
    0
    0
    0
    0
    0
    0
    0
    0
    0
    0
    0
    0
    0
    0
    0
    0
    0
    0
    0
    0
    0
    0
    0
    0
    0
    0
    0
    0
    0
    0
    0
    0
    0
    0
    0
    0
    0
    0
    0
    0
    0
    0
    0
    0
    0
    0
    0
    0
    0
    0
    0
    0
    0
    0
    0
    0
    0
    0
    0
    0
    0
    0
    0
    0
    0
    0
    0
    0
    0
    0
    0
    0
    0
    0
    0
    0
    0
    0
    0
    0
    0
    0
    0
    0
    0
    0
    0
    0
    0
    0
    0
    0
    0
    0
    0
    0
    0
    0
    0
    0
    0
    0
    0
    0
    0
    0
    0
    0
    0
    0
    0
    0
    0
    0
    0
    0
    0
    0
    0
    0
    0
    0
    0
    0
    0
    0
    0
    0
    0
    0
    0
    0
    0
    0
    0
    0
    0
    0
    0
    0
    0
    0
    0
    0
    0
    0
    0
    0
    0
    0
    0
    0
    0
    0
    0
    0
    0
    0
    0
    0
    0
    0
    0
    0
    0
    0
    0
    0
    0
    0
    0
    0
    0
    0
    0
    0
    0
    0
    0
    0
    0
    0
    0
    0
    0
    0
    0
    0
    0
    0
    0
    0
    0
    0
    0
    0
    0
    0
    0
    0
    0
    0
    0
    0
    0
    0
    0
    0
    0
    0
    0
    0
    0
    0
    0
    0
    0
    0
    0
    0
    0
    0
    0
    0
    0
    0
    0
    0
    0
    0
    0
    0
    0
    0
    0
    0
    0
    0
    0
    0
    0
    0
    0
    0
    0
    0
    0
    0
    0
    0
    0
    0
    0
    0
    0
    0
    0
    0
    0
    0
    0
    0
    0
    0
    0
    0
    0
    0
    0
    0
    0
    0
    0
    0
    0
    0
    0
    0
    0
    0
    0
    0
    0
    0
    0
    0
    0
    0
    0
    0
    0
    0
    0
    0
    0
    0
    0
    0
    0
    0
    0
    0
    0
    0
    0
    0
    0
    0
    0
    0
    0
    0
    0
    0
    0
    0
    0
    0
    0
    0
    0
    0
    0
    0
    0
    0
    0
    0
    0
    0
    0
    0
    0
    0
    0
    0
    0
    0
    0
    0
    0
    0
    0
    0
    0
    0
    0
    0
    0
    0
    0
    0
    0
    0
    0
    0
    0
    0
    0
    0
    0
    0
    0
    0
    0
    0
    0
    0
    0
    0
    0
    0
    0
    0
    0
    0
    0
    0
    0
    0
    0
    0
    0
    0
    0
    0
    0
    0
    0
    0
    0
    0
    0
    0
    0
    0
    0
    0
    0
    0
    0
    0
    0
    0
    0
    0
    0
    0
    0
    0
    0
    0
    0
    0
    0
    0
    0
    0
    0
    0
    0
    0
    0
    0
    0
    0
    0
    0
    0
    0
    0
    0
    0
    0
    0
    0
    0
    0
    0
    0
    0
    0
    0
    0
    0
    0
    0
    0
    0
    0
    0
    0
    0
    0
    0
    0
    0
    0
    0
    0
    0
    0
    0
    0
    0
    0
    0
    0
    0
    0
    0
    0
    0
    0
    0
    0
    0
    0
    0
    0
    0
    0
    0
    0
    0
    0
    0
    0
    0
    0
    0
    0
    0
    0
    0
    0
    0
    0
    0
    0
    0
    0
    0
    0
    0
    0
    0
    0
    0
    0
    0
    0
    0
    0
    0
    0
    0
    0
    0
    0
    0
    0
    0
    0
    0
    0
    0
    0
    0
    0
    0
    0
    0
    0
    0
    0
    0
    0
    0
    0
    0
    0
    0
    0
    0
    0
    0
    0
    0
    0
    0
    0
    0
    0
    0
    0
    0
    0
    0
    0
    0
    0
    0
    0
    0
    0
    0
    0
    0
    0
    0
    0
    0
    0
    0
    0
    0
    0
    0
    0
    0
    0
    0
    0
    0
    0
    0
    0
    0
    0
    0
    0
    0
    0
    0
    0
    0
    0
    0
    0
    0
    0
    0
    0
    0
    0
    0
    0
    0
    0
    0
    0
    0
    0
    0
    0
    0
    0
    0
    0
    0
    0
    0
    0
    0
    0
    0
    0
    0
    0
    0
    0
    0
    0
    0
    0
    0
    0
    0
    0
    0
    0
    0
    0
    0
    0
    0
    0
    0
    0
    0
    0
    0
    0
    0
    0
    0
    0
    0
    0
    0
    0
    0
    0
    0
    0
    0
    0
    0
    0
    0
    0
    0
    0
    0
    0
    0
    0
    0
    0
    0
    0
    0
    0
    0
    0
    0
    0
    0
    0
    0
    0
    0
    0
    0
    0
    0
    0
    0
    0
    0
    0
    0
    0
    0
    0
    0
    0
    0
    0
    0
    0
    0
    0
    0
    0
    0
    0
    0
    0
    0
    0
    0
    0
    0
    0
    0
    0
    0
    0
    0
    0
    0
    0
    0
    0
    0
    0
    0
    0
    0
    0
    0
    0
    0
    0
    0
    0
    0
    0
    0
    0
    0
    0
    0
    0
    0
    0
    0
    0
    0
    0
    0
    0
    0
    0
    0
    0
    0
    0
    0
    0
    0
    0
    0
    0
    0
    0
    0
    0
    0
    0
    0
    0
    0
    0
    0
    0
    0
    0
    0
    0
    0
    0
    0
    0
    0
    0
    0
    0
    0
    0
    0
    0
    0
    0
    0
    0
    0
    0
    0
    0
    0
    0
    0
    0
    0
    0
    0
    0
    0
    0
    0
    0
    0
    0
    0
    0
    0
    0
    0
    0
    0
    0
    0
    0
    0
    0
    0
    0
    0
    0
    0
    0
    0
    0
    0
    0
    0
    0
    0
    0
    0
    0
    0
    0
    0
    0
    0
    0
    0
    0
    0
    0
    0
    0
    0
    0
    0
    0
    0
    0
    0
    0
    0
    0
    0
    0
    0
    0
    0
    0
    0
    0
    0
    0
    0
    0
    0
    0
    0
    0
    0
    0
    0
    0
    0
    0
    0
    0
    0
    0
    0
    0
    0
    0
    0
    0
    0
    0
    0
    0
    0
    0
    0
    0
    0
    0
    0
    0
    0
    0
    0
    0
    0
    0
    0
    0
    0
    0
    0
    0
    0
    0
    0
    0
    0
    0
    0
    0
    0
    0
    0
    0
    0
    0
    0
    0
    0
    0
    0
    0
    0
    0
    0
    0
    0
    0
    0
    0
    0
    0
    0
    0
    0
    0
    0
    0
    0
    0
    0
    0
    0
    0
    0
    0
    0
    0
    0
    0
    0
    0
    0
    0
    0
    0
    0
    0
    0
    0
    0
    0
    0
    0
    0
    0
    0
    0
    0
    0
    0
    0
    0
    0
    0
    0
    0
    0
    0
    0
    0
    0
    0
    0
    0
    0
    0
    0
    0
    0
    0
    0
    0
    0
    0
    0
    0
    0
    0
    0
    0
    0
    0
    0
    0
    0
    0
    0
    0
    0
    0
    0
    0
    0
    0
    0
    0
    0
    0
    0
    0
    0
    0
    0
    0
    0
    0
    0
    0
    0
    0
    0
    0
    0
    0
    0
    0
    0
    0
    0
    0
    0
    0
    0
    0
    0
    0
    0
    0
    0
    0
    0
    0
    0
    0
    0
    0
    0
    0
    0
    0
    0
    0
    0
    0
    0
    0
    0
    0
    0
    0
    0
    0
    0
    0
    0
    0
    0
    0
    0
    0
    0
    0
    0
    0
    0
    0
    0
    0
    0
    0
    0
    0
    0
    0
    0
    0
    0
    0
    0
    0
    0
    0
    0
    0
    0
    0
    0
    0
    0
    0
    0
    0
    0
    0
    0
    0
    0
    0
    0
    0
    0
    0
    0
    0
    0
    0
    0
    0
    0
    0
    0
    0
    0
    0
    0
    0
    0
    0
    0
    0
    0
    0
    0
    0
    0
    0
    0
    0
    0
    0
    0
    0
    0
    0
    0
    0
    0
    0
    0
    0
    0
    0
    0
    0
    0
    0
    0
    0
    0
    0
    0
    0
    0
    0
    0
    0
    0
    0
    0
    0
    0
    0
    0
    0
    0
    0
    0
    0
    0
    0
    0
    0
    0
    0
    0
    0
    0
    0
    0
    0
    0
    0
    0
    0
    0
    0
    0
    0
    0
    0
    0
    0
    0
    0
    0
    0
    0
    0
    0
    0
    0
    0
    0
    0
    0
    0
    0
    0
    0
    0
    0
    0
    0
    0
    0
    0
    0
    0
    0
    0
    0
    0
    0
    0
    0
    0
    0
    0
    0
    0
    0
    0
    0
    0
    0
    0
    0
    0
    0
    0
    0
    0
    0
    0
    0
    0
    0
    0
    0
    0
    0
    0
    0
    0
    0
    0
    0
    0
    0
    0
    0
    0
    0
    0
    0
    0
    0
    0
    0
    0
    0
    0
    0
    0
    0
    0
    0
    0
    0
    0
    0
    0
    0
    0
    0
    0
    0
    0
    0
    0
    0
    0
    0
    0
    0
    0
    0
    0
    0
    0
    0
    0
    0
    0
    0
    0
    0
    0
    0
    0
    0
    0
    0
    0
    0
    0
    0
    0
    0
    0
    0
    0
    0
    0
    0
    0
    0
    0
    0
    0
    0
    0
    0
    0
    0
    0
    0
    0
    0
    0
    0
    0
    0
    0
    0
    0
    0
    0
    0
    0
    0
    0
    0
    0
    0
    0
    0
    0
    0
    0
    0
    0
    0
    0
    0
    0
    0
    0
    0
    0
    0
    0
    0
    0
    0
    0
    0
    0
    0
    0
    0
    0
    0
    0
    0
    0
    0
    0
    0
    0
    0
    0
    0
    0
    0
    0
    0
    0
    0
    0
    0
    0
    0
    0
    0
    0
    0
    0
    0
    0
    0
    0
    0
    0
    0
    0
    0
    0
    0
    0
    0
    0
    0
    0
    0
    0
    0
    0
    0
    0
    0
    0
    0
    0
    0
    0
    0
    0
    0
    0
    0
    0
    0
    0
    0
    0
    0
    0
    0
    0
    0
    0
    0
    0
    0
    0
    0
    0
    0
    0
    0
    0
    0
    0
    0
    0
    0
    0
    0
    0
    0
    0
    0
    0
    0
    0
    0
    0
    0
    0
    0
    0
    0
    0
    0
    0
    0
    0
    0
    0
    0
    0
    0
    0
    0
    0
    0
    0
    0
    0
    0
    0
    0
    0
    0
    0
    0
    0
    0
    0
    0
    0
    0
    0
    0
    0
    0
    0
    0
    0
    0
    0
    0
    0
    0
    0
    0
    0
    0
    0
    0
    0
    0
    0
    0
    0
    0
    0
    0
    0
    0
    0
    0
    0
    0
    0
    0
    0
    0
    0
    0
    0
    0
    0
    0
    0
    0
    0
    0
    0
    0
    0
    0
    0
    0
    0
    0
    0
    0
    0
    0
    0
    0
    0
    0
    0
    0
    0
    0
    0
    0
    0
    0
    0
    0
    0
    0
    0
    0
    0
    0
    0
    0
    0
    0
    0
    0
    0
    0
    0
    0
    0
    0
    0
    0
    0
    0
    0
    0
    0
    0
    0
    0
    0
    0
    0
    0
    0
    0
    0
    0
    0
    0
    0
    0
    0
    0
    0
    0
    0
    0
    0
    0
    0
    0
    0
    0
    0
    0
    0
    0
    0
    0
    0
    0
    0
    0
    0
    0
    0
    0
    0
    0
    0
    0
    0
    0
    0
    0
    0
    0
    0
    0
    0
    0
    0
    0
    0
    0
    0
    0
    0
    0
    0
    0
    0
    0
    0
    0
    0
    0
    0
    0
    0
    0
    0
    0
    0
    0
    0
    0
    0
    0
    0
    0
    0
    0
    0
    0
    0
    0
    0
    0
    0
    0
    0
    0
    0
    0
    0
    0
    0
    0
    0
    0
    0
    0
    0
    0
    0
    0
    0
    0
    0
    0
    0
    0
    0
    0
    0
    0
    0
    0
    0
    0
    0
    0
    0
    0
    0
    0
    0
    0
    0
    0
    0
    0
    0
    0
    0
    0
    0
    0
    0
    0
    0
    0
    0
    0
    0
    0
    0
    0
    0
    0
    0
    0
    0
    0
    0
    0
    0
    0
    0
    0
    0
    0
    0
    0
    0
    0
    0
    0
    0
    0
    0
    0
    0
    0
    0
    0
    0
    0
    0
    0
    0
    0
    0
    0
    0
    0
    0
    0
    0
    0
    0
    0
    0
    0
    0
    0
    0
    0
    0
    0
    0
    0
    0
    0
    0
    0
    0
    0
    0
    0
    0
    0
    0
    0
    0
    0
    0
    0
    0
    0
    0
    0
    0
    0
    0
    0
    0
    0
    0
    0
    0
    0
    0
    0
    0
    0
    0
    0
    0
    0
    0
    0
    0
    0
    0
    0
    0
    0
    0
    0
    0
    0
    0
    0
    0
    0
    0
    0
    0
    0
    0
    0
    0
    0
    0
    0
    0
    0
    0
    0
    0
    0
    0
    0
    0
    0
    0
    0
    0
    0
    0
    0
    0
    0
    0
    0
    0
    0
    0
    0
    0
    0
    0
    0
    0
    0
    0
    0
    0
    0
    0
    0
    0
    0
    0
    0
    0
    0
    0
    0
    0
    0
    0
    0
    0
    0
    0
    0
    0
    0
    0
    0
    0
    0
    0
    0
    0
    0
    0
    0
    0
    0
    0
    0
    0
    0
    0
    0
    0
    0
    0
    0
    0
    0
    0
    0
    0
    0
    0
    0
    0
    0
    0
    0
    0
    0
    0
    0
    0
    0
    0
    0
    0
    0
    0
    0
    0
    0
    0
    0
    0
    0
    0
    0
    0
    0
    0
    0
    0
    0
    0
    0
    0
    0
    0
    0
    0
    0
    0
    0
    0
    0
    0
    0
    0
    0
    0
    0
    0
    0
    0
    0
    0
    0
    0
    0
    0
    0
    0
    0
    0
    0
    0
    0
    0
    0
    0
    0
    0
    0
    0
    0
    0
    0
    0
    0
    0
    0
    0
    0
    0
    0
    0
    0
    0
    0
    0
    0
    0
    0
    0
    0
    0
    0
    0
    0
    0
    0
    0
    0
    0
    0
    0
    0
    0
    0
    0
    0
    0
    0
    0
    0
    0
    0
    0
    0
    0
    0
    0
    0
    0
    0
    0
    0
    0
    0
    0
    0
    0
    0
    0
    0
    0
    0
    0
    0
    0
    0
    0
    0
    0
    0
    0
    0
    0
    0
    0
    0
    0
    0
    0
    0
    0
    0
    0
    0
    0
    0
    0
    0
    0
    0
    0
    0
    0
    0
    0
    0
    0
    0
    0
    0
    0
    0
    0
    0
    0
    0
    0
    0
    0
    0
    0
    0
    0
    0
    0
    0
    0
    0
    0
    0
    0
    0
    0
    0
    0
    0
    0
    0
    0
    0
    0
    0
    0
    0
    0
    0
    0
    0
    0
    0
    0
    0
    0
    0
    0
    0
    0
    0
    0
    0
    0
    0
    0
    0
    0
    0
    0
    0
    0
    0
    0
    0
    0
    0
    0
    0
    0
    0
    0
    0
    0
    0
    0
    0
    0
    0
    0
    0
    0
    0
    0
    0
    0
    0
    0
    0
    0
    0
    0
    0
    0
    0
    0
    0
    0
    0
    0
    0
    0
    0
    0
    0
    0
    0
    0
    0
    0
    0
    0
    0
    0
    0
    0
    0
    0
    0
    0
    0
    0
    0
    0
    0
    0
    0
    0
    0
    0
    0
    0
    0
    0
    0
    0
    0
    0
    0
    0
    0
    0
    0
    0
    0
    0
    0
    0
    0
    0
    0
    0
    0
    0
    0
    0
    0
    0
    0
    0
    0
    0
    0
    0
    0
    0
    0
    0
    0
    0
    0
    0
    0
    0
    0
    0
    0
    0
    0
    0
    0
    0
    0
    0
    0
    0
    0
    0
    0
    0
    0
    0
    0
    0
    0
    0
    0
    0
    0
    0
    0
    0
    0
    0
    0
    0
    0
    0
    0
    0
    0
    0
    0
    0
    0
    0
    0
    0
    0
    0
    0
    0
    0
    0
    0
    0
    0
    0
    0
    0
    0
    0
    0
    0
    0
    0
    0
    0
    0
    0
    0
    0
    0
    0
    0
    0
    0
    0
    0
    0
    0
    0
    0
    0
    0
    0
    0
    0
    0
    0
    0
    0
    0
    0
    0
    0
    0
    0
    0
    0
    0
    0
    0
    0
    0
    0
    0
    0
    0
    0
    0
    0
    0
    0
    0
    0
    0
    0
    0
    0
    0
    0
    0
    0
    0
    0
    0
    0
    0
    0
    0
    0
    0
    0
    0
    0
    0
    0
    0
    0
    0
    0
    0
    0
    0
    0
    0
    0
    0
    0
    0
    0
    0
    0
    0
    0
    0
    0
    0
    0
    0
    0
    0
    0
    0
    0
    0
    0
    0
    0
    0
    0
    0
    0
    0
    0
    0
    0
    0
    0
    0
    0
    0
    0
    0
    0
    0
    0
    0
    0
    0
    0
    0
    0
    0
    0
    0
    0
    0
    0
    0
    0
    0
    0
    0
    0
    0
    0
    0
    0
    0
    0
    0
    0
    0
    0
    0
    0
    0
    0
    0
    0
    0
    0
    0
    0
    0
    0
    0
    0
    0
    0
    0
    0
    0
    0
    0
    0
    0
    0
    0
    0
    0
    0
    0
    0
    0
    0
    0
    0
    0
    0
    0
    0
    0
    0
    0
    0
    0
    0
    0
    0
    0
    0
    0
    0
    0
    0
    0
    0
    0
    0
    0
    0
    0
    0
    0
    0
    0
    0
    0
    0
    0
    0
    0
    0
    0
    0
    0
    0
    0
    0
    0
    0
    0
    0
    0
    0
    0
    0
    0
    0
    0
    0
    0
    0
    0
    0
    0
    0
    0
    0
    0
    0
    0
    0
    0
    0
    0
    0
    0
    0
    0
    0
    0
    0
    0
    0
    0
    0
    0
    0
    0
    0
    0
    0
    0
    0
    0
    0
    0
    0
    0
    0
    0
    0
    0
    0
    0
    0
    0
    0
    0
    0
    0
    0
    0
    0
    0
    0
    0
    0
    0
    0
    0
    0
    0
    0
    0
    0
    0
    0
    0
    0
    0
    0
    0
    0
    0
    0
    0
    0
    0
    0
    0
    0
    0
    0
    0
    0
    0
    0
    0
    0
    0
    0
    0
    0
    0
    0
    0
    0
    0
    0
    0
    0
    0
    0
    0
    0
    0
    0
    0
    0
    0
    0
    0
    0
    0
    0
    0
    0
    0
    0
    0
    0
    0
    0
    0
    0
    0
    0
    0
    0
    0
    0
    0
    0
    0
    0
    0
    0
    0
    0
    0
    0
    0
    0
    0
    0
    0
    0
    0
    0
    0
    0
    0
    0
    0
    0
    0
    0
    0
    0
    0
    0
    0
    0
    0
    0
    0
    0
    0
    0
    0
    0
    0
    0
    0
    0
    0
    0
    0
    0
    0
    0
    0
    0
    0
    0
    0
    0
    0
    0
    0
    0
    0
    0
    0
    0
    0
    0
    0
    0
    0
    0
    0
    0
    0
    0
    0
    0
    0
    0
    0
    0
    0
    0
    0
    0
    0
    0
    0
    0
    0
    0
    0
    0
    0
    0
    0
    0
    0
    0
    0
    0
    0
    0
    0
    0
    0
    0
    0
    0
    0
    0
    0
    0
    0
    0
    0
    0
    0
    0
    0
    0
    0
    0
    0
    0
    0
    0
    0
    0
    0
    0
    0
    0
    0
    0
    0
    0
    0
    0
    0
    0
    0
    0
    0
    0
    0
    0
    0
    0
    0
    0
    0
    0
    0
    0
    0
    0
    0
    0
    0
    0
    0
    0
    0
    0
    0
    0
    0
    0
    0
    0
    0
    0
    0
    0
    0
    0
    0
    0
    0
    0
    0
    0
    0
    0
    0
    0
    0
    0
    0
    0
    0
    0
    0
    0
    0
    0
    0
    0
    0
    0
    0
    0
    0
    0
    0
    0
    0
    0
    0
    0
    0
    0
    0
    0
    0
    0
    0
    0
    0
    0
    0
    0
    0
    0
    0
    0
    0
    0
    0
    0
    0
    0
    0
    0
    0
    0
    0
    0
    0
    0
    0
    0
    0
    0
    0
    0
    0
    0
    0
    0
    0
    0
    0
    0
    0
    0
    0
    0
    0
    0
    0
    0
    0
    0
    0
    0
    0
    0
    0
    0
    0
    0
    0
    0
    0
    0
    0
    0
    0
    0
    0
    0
    0
    0
    0
    0
    0
    0
    0
    0
    0
    0
    0
    0
    0
    0
    0
    0
    0
    0
    0
    0
    0
    0
    0
    0
    0
    0
    0
    0
    0
    0
    0
    0
    0
    0
    0
    0
    0
    0
    0
    0
    0
    0
    0
    0
    0
    0
    0
    0
    0
    0
    0
    0
    0
    0
    0
    0
    0
    0
    0
    0
    0
    0
    0
    0
    0
    0
    0
    0
    0
    0
    0
    0
    0
    0
    0
    0
    0
    0
    0
    0
    0
    0
    0
    0
    0
    0
    0
    0
    0
    0
    0
    0
    0
    0
    0
    0
    0
    0
    0
    0
    0
    0
    0
    0
    0
    0
    0
    0
    0
    0
    0
    0
    0
    0
    0
    0
    0
    0
    0
    0
    0
    0
    0
    0
    0
    0
    0
    0
    0
    0
    0
    0
    0
    0
    0
    0
    0
    0
    0
    0
    0
    0
    0
    0
    0
    0
    0
    0
    0
    0
    0
    0
    0
    0
    0
    0
    0
    0
    0
    0
    0
    0
    0
    0
    0
    0
    0
    0
    0
    0
    0
    0
    0
    0
    0
    0
    0
    0
    0
    0
    0
    0
    0
    0
    0
    0
    0
    0
    0
    0
    0
    0
    0
    0
    0
    0
    0
    0
    0
    0
    0
    0
    0
    0
    0
    0
    0
    0
    0
    0
    0
    0
    0
    0
    0
    0
    0
    0
    0
    0
    0
    0
    0
    0
    0
    0
    0
    0
    0
    0
    0
    0
    0
    0
    0
    0
    0
    0
    0
    0
    0
    0
    0
    0
    0
    0
    0
    0
    0
    0
    0
    0
    0
    0
    0
    0
    0
    0
    0
    0
    0
    0
    0
    0
    0
    0
    0
    0
    0
    0
    0
    0
    0
    0
    0
    0
    0
    0
    0
    0
    0
    0
    0
    0
    0
    0
    0
    0
    0
    0
    0
    0
    0
    0
    0
    0
    0
    0
    0
    0
    0
    0
    0
    0
    0
    0
    0
    0
    0
    0
    0
    0
    0
    0
    0
    0
    0
    0
    0
    0
    0
    0
    0
    0
    0
    0
    0
    0
    0
    0
    0
    0
    0
    0
    0
    0
    0
    0
    0
    0
    0
    0
    0
    0
    0
    0
    0
    0
    0
    0
    0
    0
    0
    0
    0
    0
    0
    0
    0
    0
    0
    0
    0
    0
    0
    0
    0
    0
    0
    0
    0
    0
    0
    0
    0
    0
    0
    0
    0
    0
    0
    0
    0
    0
    0
    0
    0
    0
    0
    0
    0
    0
    0
    0
    0
    0
    0
    0
    0
    0
    0
    0
    0
    0
    0
    0
    0
    0
    0
    0
    0
    0
    0
    0
    0
    0
    0
    0
    0
    0
    0
    0
    0
    0
    0
    0
    0
    0
    0
    0
    0
    0
    0
    0
    0
    0
    0
    0
    0
    0
    0
    0
    0
    0
    0
    0
    0
    0
    0
    0
    0
    0
    0
    0
    0
    0
    0
    0
    0
    0
    0
    0
    0
    0
    0
    0
    0
    0
    0
    0
    0
    0
    0
    0
    0
    0
    0
    0
    0
    0
    0
    0
    0
    0
    0
    0
    0
    0
    0
    0
    0
    0
    0
    0
    0
    0
    0
    0
    0
    0
    0
    0
    0
    0
    0
    0
    0
    0
    0
    0
    0
    0
    0
    0
    0
    0
    0
    0
    0
    0
    0
    0
    0
    0
    0
    0
    0
    0
    0
    0
    0
    0
    0
    0
    0
    0
    0
    0
    0
    0
    0
    0
    0
    0
    0
    0
    0
    0
    0
    0
    0
    0
    0
    0
    0
    0
    0
    0
    0
    0
    0
    0
    0
    0
    0
    0
    0
    0
    0
    0
    0
    0
    0
    0
    0
    0
    0
    0
    0
    0
    0
    0
    0
    0
    0
    0
    0
    0
    0
    0
    0
    0
    0
    0
    0
    0
    0
    0
    0
    0
    0
    0
    0
    0
    0
    0
    0
    0
    0
    0
    0
    0
    0
    0
    0
    0
    0
    0
    0
    0
    0
    0
    0
    0
    0
    0
    0
    0
    0
    0
    0
    0
    0
    0
    0
    0
    0
    0
    0
    0
    0
    0
    0
    0
    0
    0
    0
    0
    0
    0
    0
    0
    0
    0
    0
    0
    0
    0
    0
    0
    0
    0
    0
    0
    0
    0
    0
    0
    0
    0
    0
    0
    0
    0
    0
    0
    0
    0
    0
    0
    0
    0
    0
    0
    0
    0
    0
    0
    0
    0
    0
    0
    0
    0
    0
    0
    0
    0
    0
    0
    0
    0
    0
    0
    0
    0
    0
    0
    0
    0
    0
    0
    0
    0
    0
    0
    0
    0
    0
    0
    0
    0
    0
    0
    0
    0
    0
    0
    0
    0
    0
    0
    0
    0
    0
    0
    0
    0
    0
    0
    0
    0
    0
    0
    0
    0
    0
    0
    0
    0
    0
    0
    0
    0
    0
    0
    0
    0
    0
    0
    0
    0
    0
    0
    0
    0
    0
    0
    0
    0
    0
    0
    0
    0
    0
    0
    0
    0
    0
    0
    0
    0
    0
    0
    0
    0
    0
    0
    0
    0
    0
    0
    0
    0
    0
    0
    0
    0
    0
    0
    0
    0
    0
    0
    0
    0
    0
    0
    0
    0
    0
    0
    0
    0
    0
    0
    0
    0
    0
    0
    0
    0
    0
    0
    0
    0
    0
    0
    0
    0
    0
    0
    0
    0
    0
    0
    0
    0
    0
    0
    0
    0
    0
    0
    0
    0
    0
    0
    0
    0
    0
    0
    0
    0
    0
    0
    0
    0
    0
    0
    0
    0
    0
    0
    0
    0
    0
    0
    0
    0
    0
    0
    0
    0
    0
    0
    0
    0
    0
    0
    0
    0
    0
    0
    0
    0
    0
    0
    0
    0
    0
    0
    0
    0
    0
    0
    0
    0
    0
    0
    0
    0
    0
    0
    0
    0
    0
    0
    0
    0
    0
    0
    0
    0
    0
    0
    0
    0
    0
    0
    0
    0
    0
    0
    0
    0
    0
    0
    0
    0
    0
    0
    0
    0
    0
    0
    0
    0
    0
    0
    0
    0
    0
    0
    0
    0
    0
    0
    0
    0
    0
    0
    0
    0
    0
    0
    0
    0
    0
    0
    0
    0
    0
    0
    0
    0
    0
    0
    0
    0
    0
    0
    0
    0
    0
    0
    0
    0
    0
    0
    0
    0
    0
    0
    0
    0
    0
    0
    0
    0
    0
    0
    0
    0
    0
    0
    0
    0
    0
    0
    0
    0
    0
    0
    0
    0
    0
    0
    0
    0
    0
    0
    0
    0
    0
    0
    0
    0
    0
    0
    0
    0
    0
    0
    0
    0
    0
    0
    0
    0
    0
    0
    0
    0
    0
    0
    0
    0
    0
    0
    0
    0
    0
    0
    0
    0
    0
    0
    0
    0
    0
    0
    0
    0
    0
    0
    0
    0
    0
    0
    0
    0
    0
    0
    0
    0
    0
    0
    0
    0
    0
    0
    0
    0
    0
    0
    0
    0
    0
    0
    0
    0
    0
    0
    0
    0
    0
    0
    0
    0
    0
    0
    0
    0
    0
    0
    0
    0
    0
    0
    0
    0
    0
    0
    0
    0
    0
