Project Info:
    ACQ Time: 2019- 9-24  11:20:45: 515 .
    Project: ltj左侧足三里（足三里涂红药水30min）
    Name: 
    Part:  
    Operator:  
    Desc.:  
    Sample Data Acquired.

ACQ Parameters:
    Excited Peroid(ms): 50
    Excited Time(ms): 10
    Acq Delay Time(us): 10
    Gate Time(ms): 20
    Count Num per gate: 100
    Repeat Times: 50
    Acq Gate Times: 1
    Interval per Gate(us): 100
    Channel Number: 2

Data:
    371
    296
    261
    221
    213
    172
    148
    177
    128
    140
    124
    123
    114
    92
    112
    99
    86
    85
    77
    59
    57
    70
    70
    59
    50
    52
    51
    51
    42
    50
    45
    38
    49
    36
    41
    33
    26
    36
    35
    21
    26
    27
    26
    27
    19
    26
    27
    22
    30
    18
    19
    17
    24
    19
    17
    13
    20
    16
    15
    14
    13
    9
    11
    6
    12
    11
    7
    4
    8
    6
    7
    10
    12
    7
    14
    10
    7
    8
    5
    10
    7
    7
    6
    8
    10
    7
    8
    5
    3
    9
    4
    4
    3
    1
    6
    5
    8
    2
    5
    4
    346
    322
    255
    236
    181
    172
    171
    148
    141
    155
    150
    132
    110
    118
    107
    96
    84
    73
    77
    99
    65
    56
    59
    64
    59
    73
    44
    50
    54
    50
    40
    53
    44
    39
    30
    45
    28
    36
    23
    39
    29
    21
    14
    24
    23
    15
    31
    21
    27
    16
    19
    10
    18
    31
    17
    14
    21
    21
    15
    22
    17
    17
    10
    12
    17
    16
    15
    13
    18
    9
    12
    13
    10
    15
    10
    11
    8
    8
    16
    5
    8
    8
    12
    5
    11
    9
    7
    5
    5
    7
    5
    1
    5
    11
    5
    0
    3
    6
    3
    1
    380
    302
    285
    255
    192
    187
    167
    149
    148
    144
    114
    121
    116
    119
    97
    101
    89
    87
    83
    72
    73
    88
    53
    51
    76
    60
    54
    44
    57
    50
    47
    51
    39
    41
    36
    29
    37
    32
    20
    29
    22
    30
    32
    24
    29
    20
    21
    19
    20
    20
    29
    16
    21
    17
    24
    16
    21
    22
    18
    14
    16
    10
    11
    12
    14
    14
    6
    12
    16
    7
    7
    16
    13
    16
    9
    6
    7
    10
    7
    3
    9
    9
    7
    4
    4
    8
    5
    3
    3
    9
    12
    1
    3
    1
    8
    5
    4
    4
    5
    3
    338
    292
    272
    238
    218
    199
    202
    171
    122
    128
    143
    128
    127
    113
    106
    100
    77
    73
    93
    73
    60
    71
    55
    63
    74
    49
    41
    58
    30
    48
    53
    55
    50
    42
    42
    44
    44
    38
    27
    27
    35
    14
    20
    18
    27
    23
    18
    21
    23
    22
    22
    21
    17
    12
    13
    16
    15
    13
    10
    19
    16
    8
    11
    13
    13
    17
    11
    11
    10
    5
    9
    10
    9
    11
    4
    7
    4
    7
    6
    8
    7
    12
    5
    9
    3
    4
    6
    10
    7
    5
    7
    8
    4
    5
    3
    8
    2
    4
    5
    3
    357
    299
    274
    227
    223
    200
    178
    155
    145
    149
    143
    137
    111
    116
    112
    106
    78
    104
    75
    84
    73
    72
    73
    76
    55
    53
    66
    56
    47
    42
    52
    43
    29
    34
    38
    33
    36
    40
    30
    23
    27
    35
    26
    28
    27
    36
    13
    18
    27
    28
    20
    18
    15
    21
    19
    16
    13
    16
    17
    17
    17
    13
    15
    9
    8
    12
    15
    13
    10
    13
    8
    3
    9
    13
    13
    12
    9
    7
    7
    6
    10
    4
    8
    6
    13
    11
    6
    5
    7
    5
    5
    13
    3
    7
    2
    4
    5
    4
    3
    6
    357
    313
    242
    249
    212
    172
    169
    175
    159
    143
    129
    122
    97
    102
    103
    102
    99
    62
    80
    82
    68
    73
    77
    66
    61
    72
    62
    70
    58
    62
    45
    43
    47
    35
    38
    31
    34
    27
    29
    24
    33
    32
    34
    30
    23
    31
    30
    27
    22
    16
    15
    19
    17
    21
    17
    16
    20
    9
    10
    13
    9
    14
    10
    6
    10
    23
    16
    9
    13
    9
    14
    13
    8
    10
    9
    8
    12
    6
    9
    10
    8
    6
    16
    4
    6
    9
    12
    4
    2
    8
    8
    5
    6
    6
    8
    3
    7
    6
    4
    4
    366
    317
    259
    228
    195
    208
    171
    153
    159
    158
    130
    113
    120
    105
    114
    106
    87
    74
    94
    73
    64
    77
    77
    61
    80
    49
    55
    44
    48
    51
    51
    45
    39
    40
    34
    36
    47
    35
    34
    40
    33
    23
    28
    28
    26
    24
    18
    19
    16
    27
    19
    17
    19
    21
    20
    14
    16
    20
    20
    12
    16
    9
    12
    2
    8
    13
    12
    11
    15
    18
    15
    10
    9
    7
    10
    11
    9
    14
    10
    6
    7
    7
    2
    8
    12
    7
    7
    9
    7
    3
    2
    2
    5
    6
    7
    11
    2
    1
    3
    4
    358
    337
    265
    232
    205
    170
    182
    144
    150
    143
    144
    129
    99
    101
    94
    96
    102
    87
    80
    79
    83
    65
    81
    71
    63
    63
    55
    56
    56
    57
    49
    48
    41
    41
    37
    47
    39
    37
    23
    26
    22
    24
    29
    38
    28
    28
    19
    24
    20
    20
    29
    25
    18
    20
    22
    11
    28
    16
    27
    14
    15
    15
    10
    8
    14
    10
    6
    8
    15
    18
    9
    10
    14
    6
    6
    11
    7
    8
    11
    6
    7
    5
    5
    8
    3
    5
    10
    6
    5
    7
    2
    9
    5
    7
    6
    7
    6
    5
    6
    5
    306
    284
    242
    213
    220
    221
    150
    184
    130
    140
    141
    121
    93
    109
    118
    105
    95
    93
    90
    66
    77
    63
    75
    59
    75
    51
    55
    54
    34
    54
    42
    32
    37
    39
    56
    35
    34
    36
    34
    35
    30
    39
    35
    29
    31
    25
    22
    24
    16
    18
    18
    21
    22
    22
    25
    20
    16
    20
    18
    7
    20
    11
    5
    9
    12
    9
    5
    11
    18
    8
    8
    14
    11
    5
    6
    7
    7
    12
    12
    5
    1
    11
    8
    9
    9
    11
    6
    3
    5
    7
    5
    3
    5
    4
    10
    4
    3
    4
    5
    3
    330
    289
    259
    227
    198
    212
    193
    158
    147
    153
    131
    114
    124
    92
    112
    86
    105
    88
    81
    83
    82
    67
    82
    66
    60
    70
    67
    50
    50
    41
    45
    48
    44
    35
    46
    48
    40
    22
    37
    32
    31
    31
    28
    23
    22
    22
    25
    22
    27
    30
    19
    21
    23
    24
    20
    19
    14
    12
    12
    12
    19
    18
    11
    12
    13
    16
    17
    13
    10
    16
    13
    10
    12
    1
    12
    7
    10
    14
    13
    4
    6
    5
    11
    9
    8
    6
    5
    7
    5
    4
    8
    5
    11
    3
    3
    9
    5
    7
    4
    3
    358
    328
    279
    238
    213
    195
    152
    139
    164
    141
    140
    121
    118
    105
    100
    104
    94
    88
    89
    80
    73
    72
    72
    67
    67
    63
    55
    52
    38
    64
    44
    52
    26
    48
    43
    41
    40
    42
    30
    31
    32
    32
    37
    33
    24
    23
    29
    27
    19
    26
    27
    26
    24
    17
    18
    20
    21
    14
    23
    12
    11
    10
    8
    19
    20
    16
    13
    11
    8
    13
    8
    13
    10
    8
    16
    8
    12
    10
    8
    7
    13
    5
    6
    10
    8
    6
    4
    8
    9
    5
    2
    3
    7
    3
    3
    8
    10
    4
    2
    1
    344
    322
    260
    221
    205
    200
    189
    173
    145
    133
    131
    108
    105
    121
    110
    106
    101
    79
    88
    84
    80
    77
    66
    65
    63
    52
    61
    53
    46
    43
    44
    43
    46
    51
    34
    37
    35
    31
    43
    33
    34
    35
    37
    25
    27
    20
    21
    15
    21
    22
    26
    18
    7
    14
    23
    25
    20
    14
    14
    12
    16
    10
    18
    10
    16
    14
    3
    16
    8
    14
    5
    12
    7
    10
    7
    4
    10
    9
    10
    4
    4
    8
    7
    8
    5
    8
    11
    2
    8
    9
    6
    7
    6
    3
    6
    3
    5
    3
    5
    5
    340
    294
    254
    224
    206
    196
    172
    160
    140
    144
    130
    112
    107
    119
    104
    104
    95
    70
    80
    81
    68
    72
    83
    64
    58
    51
    62
    62
    54
    49
    49
    48
    40
    38
    37
    39
    30
    35
    34
    30
    27
    29
    38
    30
    29
    39
    21
    23
    27
    17
    25
    25
    19
    14
    19
    16
    26
    15
    14
    15
    13
    11
    14
    9
    9
    17
    16
    11
    18
    13
    17
    18
    10
    8
    11
    6
    4
    9
    9
    8
    9
    13
    7
    11
    6
    6
    7
    8
    6
    6
    6
    5
    4
    4
    6
    6
    5
    7
    5
    9
    328
    302
    252
    251
    223
    213
    184
    190
    150
    153
    158
    132
    111
    121
    109
    103
    93
    91
    89
    68
    71
    65
    63
    54
    68
    58
    58
    57
    52
    47
    40
    48
    35
    39
    34
    33
    31
    35
    35
    16
    32
    32
    23
    22
    33
    31
    31
    22
    30
    20
    18
    26
    15
    25
    23
    16
    15
    19
    17
    19
    18
    10
    14
    21
    17
    21
    14
    14
    12
    13
    13
    18
    12
    15
    12
    12
    7
    7
    13
    9
    4
    9
    14
    6
    7
    6
    9
    8
    6
    4
    2
    7
    4
    4
    5
    4
    7
    5
    6
    4
    361
    322
    280
    236
    213
    199
    198
    180
    165
    149
    132
    149
    101
    114
    116
    107
    89
    91
    71
    90
    81
    60
    77
    59
    64
    46
    51
    51
    48
    46
    46
    43
    39
    34
    39
    40
    31
    31
    41
    33
    36
    33
    33
    32
    27
    26
    16
    28
    27
    16
    24
    14
    19
    22
    26
    16
    19
    12
    14
    15
    21
    11
    13
    11
    15
    13
    12
    9
    8
    8
    5
    9
    12
    10
    11
    5
    7
    6
    8
    7
    9
    11
    10
    3
    10
    10
    9
    6
    11
    3
    5
    5
    6
    8
    4
    6
    7
    6
    8
    3
    310
    286
    289
    248
    231
    200
    190
    142
    164
    140
    155
    118
    114
    126
    106
    80
    84
    75
    95
    81
    71
    78
    72
    78
    65
    66
    57
    58
    43
    48
    52
    43
    39
    42
    40
    41
    44
    45
    35
    42
    32
    26
    28
    28
    24
    24
    27
    25
    20
    30
    23
    23
    14
    18
    27
    26
    16
    19
    13
    15
    15
    9
    15
    13
    14
    11
    12
    17
    10
    13
    11
    14
    12
    9
    10
    13
    13
    12
    5
    8
    15
    10
    11
    10
    7
    5
    10
    7
    10
    7
    5
    4
    5
    5
    6
    5
    5
    7
    5
    2
    348
    314
    267
    218
    229
    206
    196
    165
    147
    148
    138
    123
    124
    122
    103
    91
    96
    82
    76
    76
    77
    62
    63
    66
    69
    49
    67
    64
    55
    55
    55
    45
    53
    33
    38
    38
    35
    32
    24
    31
    44
    35
    33
    30
    30
    34
    27
    27
    24
    29
    18
    26
    19
    18
    15
    19
    16
    13
    15
    15
    22
    8
    24
    15
    15
    16
    13
    7
    9
    11
    13
    9
    8
    15
    7
    7
    11
    10
    6
    9
    8
    8
    8
    5
    3
    8
    11
    6
    7
    5
    5
    7
    5
    6
    5
    3
    5
    2
    6
    2
    360
    336
    276
    236
    225
    194
    181
    156
    147
    140
    137
    136
    113
    114
    104
    102
    105
    83
    64
    78
    71
    82
    56
    70
    70
    63
    72
    59
    59
    64
    49
    54
    52
    56
    50
    32
    45
    39
    36
    35
    33
    29
    29
    22
    21
    20
    21
    32
    35
    16
    24
    23
    16
    18
    17
    16
    14
    14
    18
    18
    13
    21
    18
    16
    11
    16
    12
    8
    12
    15
    14
    15
    11
    12
    9
    8
    8
    12
    18
    10
    8
    5
    14
    9
    7
    13
    7
    10
    13
    5
    5
    5
    6
    9
    4
    8
    6
    3
    9
    7
    351
    348
    236
    204
    215
    175
    172
    178
    165
    153
    144
    104
    125
    116
    103
    109
    102
    94
    79
    93
    82
    89
    58
    57
    62
    59
    65
    71
    65
    52
    40
    49
    40
    52
    35
    40
    35
    48
    37
    38
    36
    22
    31
    33
    31
    40
    25
    30
    27
    27
    23
    23
    21
    21
    13
    21
    23
    15
    19
    20
    14
    12
    19
    10
    17
    6
    9
    17
    11
    10
    8
    11
    11
    15
    8
    11
    8
    6
    18
    4
    13
    3
    9
    11
    9
    8
    9
    10
    10
    3
    8
    6
    4
    3
    4
    6
    3
    5
    4
    4
    381
    278
    278
    209
    226
    184
    184
    162
    146
    145
    129
    124
    114
    116
    98
    111
    103
    82
    76
    83
    85
    77
    61
    76
    63
    54
    46
    68
    62
    63
    53
    53
    45
    39
    46
    40
    41
    38
    36
    41
    31
    32
    25
    31
    24
    22
    28
    24
    29
    32
    21
    18
    21
    24
    25
    20
    19
    13
    21
    11
    12
    7
    16
    16
    15
    11
    11
    12
    14
    9
    5
    11
    13
    9
    11
    4
    12
    15
    11
    14
    8
    9
    12
    11
    8
    10
    12
    6
    4
    2
    9
    14
    2
    3
    8
    8
    9
    7
    9
    6
    369
    305
    259
    263
    223
    221
    190
    190
    155
    137
    137
    120
    116
    143
    117
    96
    87
    110
    94
    95
    83
    74
    51
    64
    55
    61
    55
    51
    50
    46
    42
    53
    51
    46
    42
    42
    44
    38
    44
    33
    33
    37
    41
    28
    20
    25
    24
    25
    24
    25
    31
    19
    14
    26
    19
    17
    22
    18
    14
    21
    14
    14
    19
    14
    9
    19
    11
    9
    12
    17
    11
    7
    5
    4
    12
    10
    9
    8
    12
    7
    4
    9
    4
    9
    12
    6
    7
    5
    2
    2
    7
    9
    10
    8
    6
    5
    12
    8
    10
    12
    368
    315
    271
    225
    211
    187
    180
    145
    166
    150
    134
    137
    105
    117
    117
    112
    88
    78
    81
    72
    81
    78
    76
    67
    58
    68
    58
    52
    55
    54
    43
    38
    40
    43
    30
    39
    39
    39
    38
    25
    35
    37
    28
    30
    31
    26
    29
    36
    26
    20
    24
    21
    22
    12
    15
    18
    16
    16
    19
    11
    11
    19
    24
    13
    17
    13
    11
    11
    14
    14
    11
    12
    11
    12
    11
    13
    11
    10
    6
    4
    13
    9
    7
    5
    3
    9
    10
    6
    4
    5
    6
    6
    5
    8
    11
    3
    1
    8
    6
    4
    347
    299
    281
    228
    231
    184
    163
    154
    128
    143
    122
    133
    130
    114
    97
    82
    89
    85
    92
    69
    56
    57
    64
    62
    83
    69
    59
    58
    56
    62
    61
    42
    42
    38
    51
    41
    31
    33
    43
    36
    37
    38
    20
    32
    28
    21
    25
    31
    23
    25
    19
    13
    16
    16
    17
    17
    12
    20
    27
    12
    18
    14
    8
    14
    11
    11
    11
    13
    10
    8
    12
    16
    11
    12
    5
    10
    7
    8
    6
    9
    8
    10
    11
    9
    8
    6
    9
    5
    6
    8
    8
    6
    9
    5
    11
    5
    6
    3
    5
    5
    355
    307
    285
    239
    225
    196
    187
    177
    160
    129
    121
    125
    109
    114
    101
    121
    95
    92
    83
    72
    69
    79
    70
    84
    72
    65
    49
    46
    51
    64
    51
    43
    44
    53
    42
    38
    27
    34
    35
    32
    31
    30
    29
    30
    33
    37
    20
    27
    26
    23
    30
    23
    16
    18
    25
    18
    16
    24
    10
    17
    10
    19
    14
    12
    11
    7
    18
    11
    14
    7
    12
    4
    11
    8
    9
    9
    9
    10
    3
    13
    8
    7
    6
    10
    7
    6
    4
    7
    8
    7
    12
    6
    9
    3
    6
    2
    6
    4
    6
    1
    355
    326
    297
    249
    206
    190
    190
    180
    166
    146
    139
    134
    144
    93
    112
    86
    87
    100
    73
    89
    78
    74
    73
    71
    60
    60
    55
    59
    65
    46
    43
    33
    50
    53
    33
    45
    39
    37
    42
    34
    32
    35
    29
    27
    21
    27
    32
    19
    25
    21
    17
    23
    11
    14
    26
    17
    14
    18
    17
    17
    16
    16
    9
    14
    18
    15
    11
    14
    10
    14
    9
    10
    15
    7
    9
    9
    8
    7
    12
    10
    8
    13
    8
    13
    6
    5
    10
    8
    9
    8
    2
    8
    3
    10
    10
    5
    3
    11
    1
    3
    391
    309
    272
    230
    216
    174
    182
    145
    141
    141
    125
    129
    107
    103
    119
    97
    110
    104
    89
    74
    78
    102
    65
    86
    53
    69
    58
    50
    53
    59
    47
    49
    45
    50
    47
    40
    39
    34
    39
    29
    36
    31
    37
    30
    24
    23
    29
    29
    27
    27
    29
    21
    18
    24
    21
    16
    22
    17
    16
    18
    8
    12
    13
    14
    19
    19
    9
    14
    9
    13
    19
    10
    10
    9
    13
    8
    10
    9
    8
    7
    2
    8
    11
    8
    7
    12
    10
    12
    7
    4
    4
    3
    7
    7
    3
    8
    9
    10
    6
    4
    323
    330
    264
    239
    202
    186
    180
    155
    157
    160
    129
    125
    131
    106
    108
    102
    97
    92
    88
    87
    64
    70
    69
    73
    56
    61
    52
    59
    58
    51
    42
    44
    38
    63
    39
    45
    40
    43
    36
    31
    32
    45
    35
    31
    25
    17
    27
    25
    26
    23
    21
    20
    26
    24
    16
    14
    21
    21
    15
    19
    21
    14
    17
    13
    8
    8
    10
    8
    12
    14
    7
    9
    8
    16
    12
    13
    12
    9
    11
    5
    8
    12
    9
    7
    10
    5
    8
    7
    8
    4
    5
    9
    3
    5
    9
    8
    6
    4
    1
    6
    350
    299
    283
    270
    226
    207
    158
    162
    151
    125
    102
    139
    108
    109
    107
    118
    97
    83
    87
    92
    71
    60
    66
    85
    64
    50
    56
    49
    45
    42
    48
    45
    58
    49
    46
    43
    40
    30
    38
    37
    41
    39
    25
    23
    40
    24
    33
    20
    22
    30
    21
    19
    24
    18
    23
    26
    18
    17
    19
    17
    15
    19
    16
    23
    10
    17
    9
    14
    15
    9
    11
    10
    10
    8
    5
    13
    12
    7
    10
    16
    11
    6
    8
    4
    8
    6
    10
    5
    5
    2
    6
    4
    5
    7
    6
    6
    5
    4
    2
    4
    366
    300
    284
    258
    236
    207
    169
    183
    150
    160
    138
    125
    126
    111
    104
    82
    113
    84
    80
    83
    75
    78
    63
    57
    55
    68
    56
    61
    47
    53
    45
    42
    55
    49
    34
    53
    42
    41
    42
    30
    21
    34
    29
    38
    37
    24
    26
    21
    25
    25
    22
    22
    18
    26
    16
    17
    24
    18
    20
    14
    8
    20
    14
    15
    13
    11
    21
    17
    11
    11
    12
    10
    9
    9
    8
    6
    7
    4
    7
    10
    9
    6
    12
    11
    9
    7
    4
    9
    7
    3
    12
    7
    4
    5
    4
    5
    5
    5
    4
    3
    380
    307
    279
    261
    225
    197
    193
    159
    160
    158
    145
    132
    113
    127
    102
    88
    101
    89
    76
    72
    80
    70
    58
    65
    51
    57
    61
    53
    43
    56
    59
    38
    48
    40
    30
    55
    34
    31
    38
    33
    33
    38
    40
    24
    36
    22
    28
    26
    22
    18
    26
    20
    24
    23
    22
    18
    21
    17
    17
    16
    21
    15
    16
    14
    9
    16
    18
    12
    10
    9
    6
    18
    15
    11
    15
    8
    15
    8
    11
    7
    7
    9
    10
    9
    9
    7
    17
    10
    8
    11
    3
    5
    8
    5
    6
    2
    8
    4
    7
    5
    387
    340
    267
    230
    218
    221
    180
    188
    140
    152
    115
    104
    113
    108
    100
    90
    98
    107
    93
    86
    79
    81
    80
    79
    73
    54
    72
    60
    53
    53
    54
    32
    45
    43
    43
    35
    27
    42
    31
    37
    34
    36
    27
    38
    22
    25
    31
    26
    24
    20
    14
    20
    18
    18
    18
    14
    15
    19
    19
    16
    13
    18
    19
    16
    22
    19
    10
    8
    10
    8
    11
    17
    11
    8
    7
    10
    9
    10
    10
    8
    6
    7
    7
    7
    7
    7
    5
    11
    8
    3
    7
    6
    4
    5
    7
    5
    8
    5
    9
    3
    364
    335
    276
    253
    227
    199
    188
    163
    162
    178
    144
    147
    116
    115
    116
    104
    85
    98
    87
    81
    84
    78
    70
    74
    63
    66
    55
    63
    47
    54
    60
    48
    45
    52
    53
    46
    47
    42
    30
    36
    31
    29
    42
    31
    22
    36
    27
    18
    25
    23
    24
    18
    17
    23
    25
    19
    23
    30
    13
    16
    20
    12
    13
    9
    14
    10
    9
    9
    19
    14
    8
    6
    7
    12
    12
    9
    8
    13
    8
    14
    8
    10
    3
    10
    12
    8
    5
    7
    4
    8
    6
    6
    3
    5
    7
    5
    6
    12
    3
    6
    373
    328
    301
    204
    209
    212
    174
    179
    157
    177
    129
    126
    121
    120
    108
    100
    108
    89
    88
    78
    88
    78
    66
    60
    64
    70
    52
    48
    41
    52
    44
    66
    46
    41
    36
    41
    34
    41
    26
    36
    25
    44
    36
    38
    22
    33
    25
    31
    24
    31
    26
    23
    18
    22
    12
    17
    20
    20
    15
    26
    18
    12
    9
    10
    15
    17
    14
    16
    19
    15
    10
    14
    13
    7
    13
    8
    6
    8
    10
    10
    11
    6
    7
    8
    4
    8
    8
    7
    9
    5
    10
    5
    7
    7
    6
    8
    7
    8
    4
    1
    361
    296
    280
    245
    243
    202
    179
    184
    144
    134
    146
    121
    118
    120
    94
    99
    80
    90
    106
    80
    92
    83
    74
    64
    59
    66
    54
    54
    50
    42
    37
    42
    46
    47
    45
    53
    44
    45
    34
    37
    35
    42
    26
    30
    31
    30
    28
    20
    27
    19
    24
    19
    16
    22
    15
    25
    21
    19
    22
    24
    17
    16
    13
    14
    11
    16
    12
    7
    11
    14
    10
    12
    12
    9
    5
    10
    11
    9
    11
    9
    6
    8
    9
    6
    8
    7
    4
    9
    10
    9
    3
    6
    4
    9
    4
    9
    6
    5
    8
    6
    379
    325
    279
    280
    187
    186
    180
    191
    195
    160
    125
    134
    116
    117
    101
    87
    85
    90
    92
    73
    72
    61
    84
    60
    72
    65
    63
    54
    44
    59
    42
    46
    52
    29
    35
    50
    53
    35
    34
    40
    37
    27
    44
    36
    21
    30
    30
    23
    31
    24
    12
    17
    19
    21
    18
    20
    19
    13
    15
    22
    12
    13
    20
    22
    8
    19
    11
    12
    8
    15
    10
    17
    12
    13
    14
    13
    13
    6
    12
    13
    9
    11
    5
    8
    11
    8
    7
    6
    8
    9
    8
    5
    7
    6
    8
    4
    5
    7
    3
    4
    380
    278
    237
    229
    190
    211
    169
    158
    159
    161
    141
    149
    129
    118
    109
    100
    104
    81
    79
    67
    81
    77
    58
    59
    89
    64
    66
    43
    63
    54
    42
    43
    60
    41
    46
    37
    34
    33
    36
    34
    43
    24
    29
    35
    33
    24
    24
    25
    23
    25
    22
    22
    21
    21
    24
    24
    20
    21
    18
    9
    18
    19
    15
    11
    9
    11
    15
    12
    6
    7
    17
    11
    12
    7
    5
    8
    12
    8
    9
    12
    4
    16
    6
    10
    5
    8
    10
    7
    5
    4
    5
    6
    7
    5
    4
    9
    7
    6
    3
    8
    340
    312
    260
    250
    213
    167
    181
    174
    156
    177
    139
    109
    122
    114
    111
    96
    101
    101
    95
    86
    76
    70
    73
    66
    71
    60
    58
    68
    55
    65
    41
    36
    48
    47
    41
    46
    41
    35
    29
    30
    44
    22
    38
    37
    35
    18
    27
    25
    29
    26
    22
    19
    13
    24
    14
    19
    13
    23
    27
    19
    19
    17
    21
    22
    11
    11
    13
    10
    16
    9
    13
    9
    16
    4
    5
    10
    8
    9
    12
    11
    9
    6
    10
    11
    5
    2
    8
    7
    12
    9
    11
    6
    3
    8
    3
    10
    6
    5
    7
    7
    346
    311
    260
    227
    207
    209
    186
    160
    157
    148
    166
    141
    99
    103
    100
    71
    106
    92
    83
    77
    79
    85
    67
    60
    55
    58
    51
    62
    69
    51
    43
    45
    41
    40
    38
    38
    35
    36
    43
    40
    27
    39
    25
    37
    32
    43
    21
    28
    22
    22
    24
    31
    22
    19
    21
    20
    15
    10
    20
    19
    15
    26
    13
    13
    18
    10
    17
    14
    18
    8
    11
    7
    12
    10
    13
    11
    10
    13
    7
    5
    11
    13
    10
    10
    13
    15
    3
    8
    9
    6
    7
    9
    6
    6
    6
    6
    7
    1
    6
    6
    355
    323
    276
    239
    214
    173
    169
    160
    158
    180
    137
    134
    113
    110
    109
    102
    99
    95
    91
    79
    102
    78
    61
    67
    64
    65
    53
    57
    64
    43
    42
    38
    50
    43
    43
    46
    36
    31
    42
    42
    35
    25
    28
    36
    24
    22
    30
    28
    31
    20
    21
    22
    12
    28
    23
    17
    29
    15
    10
    22
    15
    13
    24
    19
    16
    18
    15
    11
    11
    12
    14
    9
    9
    12
    13
    10
    11
    10
    8
    8
    12
    12
    9
    9
    5
    7
    5
    9
    3
    3
    3
    9
    5
    8
    3
    5
    5
    4
    3
    4
    380
    298
    244
    231
    225
    208
    175
    181
    185
    154
    148
    122
    108
    130
    93
    98
    99
    95
    82
    100
    77
    82
    76
    64
    49
    60
    61
    62
    55
    49
    48
    53
    53
    28
    35
    56
    46
    27
    38
    35
    29
    38
    29
    28
    32
    37
    27
    19
    10
    27
    26
    18
    21
    18
    26
    16
    25
    22
    21
    17
    13
    12
    16
    14
    14
    18
    21
    9
    13
    10
    15
    9
    15
    16
    16
    8
    7
    10
    14
    14
    8
    8
    9
    5
    6
    11
    9
    10
    5
    3
    6
    10
    11
    3
    10
    4
    10
    6
    4
    6
    345
    305
    251
    218
    226
    216
    181
    192
    171
    127
    132
    131
    112
    126
    104
    92
    91
    88
    103
    76
    86
    68
    83
    78
    60
    68
    59
    63
    49
    50
    48
    40
    54
    44
    34
    34
    51
    45
    28
    28
    28
    36
    37
    41
    27
    26
    16
    25
    22
    20
    26
    29
    27
    26
    25
    20
    18
    14
    6
    15
    18
    17
    17
    10
    11
    13
    12
    16
    13
    11
    11
    14
    11
    11
    15
    10
    17
    9
    5
    17
    12
    10
    8
    8
    5
    12
    12
    9
    5
    11
    9
    7
    8
    7
    7
    4
    5
    3
    5
    12
    405
    293
    279
    254
    214
    197
    179
    161
    158
    147
    152
    137
    125
    103
    105
    86
    89
    98
    106
    94
    74
    61
    59
    67
    64
    53
    59
    49
    62
    40
    56
    49
    33
    36
    44
    51
    50
    34
    42
    40
    32
    43
    36
    23
    30
    38
    24
    25
    15
    24
    32
    17
    22
    26
    20
    18
    16
    11
    16
    15
    14
    13
    14
    9
    18
    15
    15
    14
    13
    14
    11
    15
    8
    8
    17
    10
    7
    5
    9
    7
    13
    6
    9
    8
    9
    7
    12
    6
    12
    6
    5
    5
    8
    4
    7
    4
    2
    5
    5
    5
    349
    304
    277
    218
    236
    208
    180
    140
    144
    152
    136
    163
    139
    113
    131
    93
    109
    98
    86
    75
    80
    87
    63
    75
    69
    56
    65
    66
    58
    59
    47
    66
    38
    50
    50
    43
    27
    43
    24
    35
    34
    29
    35
    27
    37
    28
    26
    22
    28
    26
    23
    28
    26
    23
    28
    21
    15
    16
    19
    21
    14
    18
    12
    13
    30
    16
    7
    8
    18
    12
    7
    15
    12
    11
    8
    11
    9
    17
    9
    7
    11
    10
    7
    5
    5
    6
    7
    8
    6
    6
    6
    12
    4
    8
    5
    10
    6
    5
    3
    3
    361
    326
    296
    242
    224
    200
    188
    158
    163
    148
    152
    131
    110
    126
    107
    101
    106
    106
    82
    82
    73
    79
    65
    67
    55
    71
    70
    57
    57
    55
    47
    48
    45
    47
    40
    44
    43
    35
    34
    29
    24
    41
    37
    30
    36
    33
    32
    22
    26
    30
    28
    21
    22
    14
    23
    17
    22
    16
    17
    17
    24
    11
    18
    22
    11
    9
    13
    9
    10
    11
    11
    9
    15
    9
    12
    11
    12
    9
    13
    5
    6
    9
    14
    10
    8
    10
    7
    7
    5
    9
    6
    12
    9
    2
    5
    6
    8
    2
    12
    4
    337
    290
    284
    261
    210
    190
    141
    148
    166
    136
    127
    145
    123
    115
    98
    100
    98
    85
    76
    79
    86
    74
    81
    68
    68
    81
    69
    52
    57
    56
    47
    53
    42
    45
    36
    34
    37
    35
    35
    41
    34
    20
    26
    29
    29
    31
    26
    42
    17
    30
    21
    19
    16
    19
    21
    22
    14
    13
    13
    21
    16
    16
    15
    12
    16
    11
    5
    11
    12
    10
    4
    7
    10
    16
    11
    20
    5
    14
    9
    8
    8
    14
    7
    15
    3
    7
    14
    7
    5
    4
    11
    8
    5
    2
    10
    7
    5
    5
    7
    2
    366
    280
    274
    253
    216
    200
    169
    176
    159
    144
    144
    129
    111
    143
    121
    103
    103
    80
    95
    67
    88
    67
    76
    75
    70
    63
    57
    63
    52
    44
    59
    45
    43
    35
    42
    31
    31
    39
    31
    36
    41
    26
    30
    25
    26
    20
    20
    24
    25
    20
    17
    21
    23
    27
    20
    16
    18
    21
    23
    14
    15
    10
    13
    19
    22
    15
    15
    14
    8
    12
    14
    11
    10
    11
    6
    6
    12
    14
    7
    6
    7
    7
    6
    8
    11
    9
    10
    6
    11
    5
    7
    5
    6
    5
    7
    9
    6
    9
    6
    8
    360
    278
    286
    222
    224
    202
    165
    150
    153
    139
    153
    146
    115
    110
    95
    106
    107
    95
    88
    83
    78
    76
    86
    73
    65
    66
    67
    67
    70
    60
    41
    45
    52
    46
    49
    39
    38
    32
    46
    46
    36
    40
    25
    26
    29
    26
    24
    31
    27
    20
    28
    20
    30
    25
    18
    21
    14
    16
    19
    19
    20
    19
    19
    13
    23
    14
    15
    9
    14
    13
    14
    12
    16
    11
    6
    13
    11
    7
    8
    11
    12
    12
    8
    6
    12
    7
    6
    3
    3
    6
    8
    4
    6
    10
    13
    7
    8
    5
    3
    3
    340
    308
    284
    241
    191
    207
    164
    181
    160
    137
    133
    121
    135
    129
    110
    104
    101
    91
    107
    89
    60
    88
    64
    68
    73
    59
    58
    53
    56
    57
    51
    37
    43
    56
    49
    37
    51
    41
    39
    39
    26
    34
    36
    34
    27
    34
    25
    22
    24
    24
    17
    26
    31
    23
    19
    23
    26
    18
    13
    22
    17
    17
    17
    19
    11
    15
    11
    14
    8
    24
    10
    9
    11
    12
    7
    13
    8
    13
    12
    9
    15
    10
    5
    4
    10
    13
    6
    11
    3
    6
    5
    13
    8
    10
    5
    7
    3
    4
    6
    8
    363
    298
    275
    225
    195
    201
    198
    182
    167
    153
    134
    137
    118
    94
    108
    97
    114
    94
    96
    108
    84
    73
    75
    74
    57
    66
    62
    50
    47
    62
    56
    53
    34
    44
    51
    28
    49
    55
    31
    37
    28
    34
    34
    38
    41
    26
    21
    31
    22
    19
    24
    23
    21
    14
    19
    27
    20
    13
    12
    15
    20
    20
    15
    17
    22
    18
    15
    11
    14
    10
    8
    12
    10
    10
    10
    10
    8
    19
    11
    12
    7
    6
    12
    7
    9
    10
    6
    8
    6
    5
    7
    7
    5
    4
    10
    5
    4
    5
    4
    2
    366
    288
    258
    242
    220
    199
    189
    166
    163
    133
    138
    124
    118
    112
    116
    106
    84
    108
    72
    95
    88
    79
    77
    72
    66
    70
    57
    46
    51
    46
    55
    54
    32
    43
    55
    35
    39
    35
    42
    40
    37
    31
    32
    20
    29
    34
    24
    25
    22
    22
    16
    18
    17
    18
    20
    24
    14
    15
    16
    16
    21
    15
    10
    22
    8
    17
    14
    19
    13
    11
    12
    16
    14
    9
    7
    9
    7
    3
    9
    15
    10
    14
    8
    14
    5
    8
    2
    9
    7
    10
    7
    3
    4
    7
    8
    7
    7
    7
    9
    9

Data:
    0
    0
    0
    0
    0
    0
    0
    0
    0
    0
    0
    0
    0
    0
    0
    0
    0
    0
    0
    0
    0
    0
    0
    0
    0
    0
    0
    0
    0
    0
    0
    0
    0
    0
    0
    0
    0
    0
    0
    0
    0
    0
    0
    0
    0
    0
    0
    0
    0
    0
    0
    0
    0
    0
    0
    0
    0
    0
    0
    0
    0
    0
    0
    0
    0
    0
    0
    0
    0
    0
    0
    0
    0
    0
    0
    0
    0
    0
    0
    0
    0
    0
    0
    0
    0
    0
    0
    0
    0
    0
    0
    0
    0
    0
    0
    0
    0
    0
    0
    0
    0
    0
    0
    0
    0
    0
    0
    0
    0
    0
    0
    0
    0
    0
    0
    0
    0
    0
    0
    0
    0
    0
    0
    0
    0
    0
    0
    0
    0
    0
    0
    0
    0
    0
    0
    0
    0
    0
    0
    0
    0
    0
    0
    0
    0
    0
    0
    0
    0
    0
    0
    0
    0
    0
    0
    0
    0
    0
    0
    0
    0
    0
    0
    0
    0
    0
    0
    0
    0
    0
    0
    0
    0
    0
    0
    0
    0
    0
    0
    0
    0
    0
    0
    0
    0
    0
    0
    0
    0
    0
    0
    0
    0
    0
    0
    0
    0
    0
    0
    0
    0
    0
    0
    0
    0
    0
    0
    0
    0
    0
    0
    0
    0
    0
    0
    0
    0
    0
    0
    0
    0
    0
    0
    0
    0
    0
    0
    0
    0
    0
    0
    0
    0
    0
    0
    0
    0
    0
    0
    0
    0
    0
    0
    0
    0
    0
    0
    0
    0
    0
    0
    0
    0
    0
    0
    0
    0
    0
    0
    0
    0
    0
    0
    0
    0
    0
    0
    0
    0
    0
    0
    0
    0
    0
    0
    0
    0
    0
    0
    0
    0
    0
    0
    0
    0
    0
    0
    0
    0
    0
    0
    0
    0
    0
    0
    0
    0
    0
    0
    0
    0
    0
    0
    0
    0
    0
    0
    0
    0
    0
    0
    0
    0
    0
    0
    0
    0
    0
    0
    0
    0
    0
    0
    0
    0
    0
    0
    0
    0
    0
    0
    0
    0
    0
    0
    0
    0
    0
    0
    0
    0
    0
    0
    0
    0
    0
    0
    0
    0
    0
    0
    0
    0
    0
    0
    0
    0
    0
    0
    0
    0
    0
    0
    0
    0
    0
    0
    0
    0
    0
    0
    0
    0
    0
    0
    0
    0
    0
    0
    0
    0
    0
    0
    0
    0
    0
    0
    0
    0
    0
    0
    0
    0
    0
    0
    0
    0
    0
    0
    0
    0
    0
    0
    0
    0
    0
    0
    0
    0
    0
    0
    0
    0
    0
    0
    0
    0
    0
    0
    0
    0
    0
    0
    0
    0
    0
    0
    0
    0
    0
    0
    0
    0
    0
    0
    0
    0
    0
    0
    0
    0
    0
    0
    0
    0
    0
    0
    0
    0
    0
    0
    0
    0
    0
    0
    0
    0
    0
    0
    0
    0
    0
    0
    0
    0
    0
    0
    0
    0
    0
    0
    0
    0
    0
    0
    0
    0
    0
    0
    0
    0
    0
    0
    0
    0
    0
    0
    0
    0
    0
    0
    0
    0
    0
    0
    0
    0
    0
    0
    0
    0
    0
    0
    0
    0
    0
    0
    0
    0
    0
    0
    0
    0
    0
    0
    0
    0
    0
    0
    0
    0
    0
    0
    0
    0
    0
    0
    0
    0
    0
    0
    0
    0
    0
    0
    0
    0
    0
    0
    0
    0
    0
    0
    0
    0
    0
    0
    0
    0
    0
    0
    0
    0
    0
    0
    0
    0
    0
    0
    0
    0
    0
    0
    0
    0
    0
    0
    0
    0
    0
    0
    0
    0
    0
    0
    0
    0
    0
    0
    0
    0
    0
    0
    0
    0
    0
    0
    0
    0
    0
    0
    0
    0
    0
    0
    0
    0
    0
    0
    0
    0
    0
    0
    0
    0
    0
    0
    0
    0
    0
    0
    0
    0
    0
    0
    0
    0
    0
    0
    0
    0
    0
    0
    0
    0
    0
    0
    0
    0
    0
    0
    0
    0
    0
    0
    0
    0
    0
    0
    0
    0
    0
    0
    0
    0
    0
    0
    0
    0
    0
    0
    0
    0
    0
    0
    0
    0
    0
    0
    0
    0
    0
    0
    0
    0
    0
    0
    0
    0
    0
    0
    0
    0
    0
    0
    0
    0
    0
    0
    0
    0
    0
    0
    0
    0
    0
    0
    0
    0
    0
    0
    0
    0
    0
    0
    0
    0
    0
    0
    0
    0
    0
    0
    0
    0
    0
    0
    0
    0
    0
    0
    0
    0
    0
    0
    0
    0
    0
    0
    0
    0
    0
    0
    0
    0
    0
    0
    0
    0
    0
    0
    0
    0
    0
    0
    0
    0
    0
    0
    0
    0
    0
    0
    0
    0
    0
    0
    0
    0
    0
    0
    0
    0
    0
    0
    0
    0
    0
    0
    0
    0
    0
    0
    0
    0
    0
    0
    0
    0
    0
    0
    0
    0
    0
    0
    0
    0
    0
    0
    0
    0
    0
    0
    0
    0
    0
    0
    0
    0
    0
    0
    0
    0
    0
    0
    0
    0
    0
    0
    0
    0
    0
    0
    0
    0
    0
    0
    0
    0
    0
    0
    0
    0
    0
    0
    0
    0
    0
    0
    0
    0
    0
    0
    0
    0
    0
    0
    0
    0
    0
    0
    0
    0
    0
    0
    0
    0
    0
    0
    0
    0
    0
    0
    0
    0
    0
    0
    0
    0
    0
    0
    0
    0
    0
    0
    0
    0
    0
    0
    0
    0
    0
    0
    0
    0
    0
    0
    0
    0
    0
    0
    0
    0
    0
    0
    0
    0
    0
    0
    0
    0
    0
    0
    0
    0
    0
    0
    0
    0
    0
    0
    0
    0
    0
    0
    0
    0
    0
    0
    0
    0
    0
    0
    0
    0
    0
    0
    0
    0
    0
    0
    0
    0
    0
    0
    0
    0
    0
    0
    0
    0
    0
    0
    0
    0
    0
    0
    0
    0
    0
    0
    0
    0
    0
    0
    0
    0
    0
    0
    0
    0
    0
    0
    0
    0
    0
    0
    0
    0
    0
    0
    0
    0
    0
    0
    0
    0
    0
    0
    0
    0
    0
    0
    0
    0
    0
    0
    0
    0
    0
    0
    0
    0
    0
    0
    0
    0
    0
    0
    0
    0
    0
    0
    0
    0
    0
    0
    0
    0
    0
    0
    0
    0
    0
    0
    0
    0
    0
    0
    0
    0
    0
    0
    0
    0
    0
    0
    0
    0
    0
    0
    0
    0
    0
    0
    0
    0
    0
    0
    0
    0
    0
    0
    0
    0
    0
    0
    0
    0
    0
    0
    0
    0
    0
    0
    0
    0
    0
    0
    0
    0
    0
    0
    0
    0
    0
    0
    0
    0
    0
    0
    0
    0
    0
    0
    0
    0
    0
    0
    0
    0
    0
    0
    0
    0
    0
    0
    0
    0
    0
    0
    0
    0
    0
    0
    0
    0
    0
    0
    0
    0
    0
    0
    0
    0
    0
    0
    0
    0
    0
    0
    0
    0
    0
    0
    0
    0
    0
    0
    0
    0
    0
    0
    0
    0
    0
    0
    0
    0
    0
    0
    0
    0
    0
    0
    0
    0
    0
    0
    0
    0
    0
    0
    0
    0
    0
    0
    0
    0
    0
    0
    0
    0
    0
    0
    0
    0
    0
    0
    0
    0
    0
    0
    0
    0
    0
    0
    0
    0
    0
    0
    0
    0
    0
    0
    0
    0
    0
    0
    0
    0
    0
    0
    0
    0
    0
    0
    0
    0
    0
    0
    0
    0
    0
    0
    0
    0
    0
    0
    0
    0
    0
    0
    0
    0
    0
    0
    0
    0
    0
    0
    0
    0
    0
    0
    0
    0
    0
    0
    0
    0
    0
    0
    0
    0
    0
    0
    0
    0
    0
    0
    0
    0
    0
    0
    0
    0
    0
    0
    0
    0
    0
    0
    0
    0
    0
    0
    0
    0
    0
    0
    0
    0
    0
    0
    0
    0
    0
    0
    0
    0
    0
    0
    0
    0
    0
    0
    0
    0
    0
    0
    0
    0
    0
    0
    0
    0
    0
    0
    0
    0
    0
    0
    0
    0
    0
    0
    0
    0
    0
    0
    0
    0
    0
    0
    0
    0
    0
    0
    0
    0
    0
    0
    0
    0
    0
    0
    0
    0
    0
    0
    0
    0
    0
    0
    0
    0
    0
    0
    0
    0
    0
    0
    0
    0
    0
    0
    0
    0
    0
    0
    0
    0
    0
    0
    0
    0
    0
    0
    0
    0
    0
    0
    0
    0
    0
    0
    0
    0
    0
    0
    0
    0
    0
    0
    0
    0
    0
    0
    0
    0
    0
    0
    0
    0
    0
    0
    0
    0
    0
    0
    0
    0
    0
    0
    0
    0
    0
    0
    0
    0
    0
    0
    0
    0
    0
    0
    0
    0
    0
    0
    0
    0
    0
    0
    0
    0
    0
    0
    0
    0
    0
    0
    0
    0
    0
    0
    0
    0
    0
    0
    0
    0
    0
    0
    0
    0
    0
    0
    0
    0
    0
    0
    0
    0
    0
    0
    0
    0
    0
    0
    0
    0
    0
    0
    0
    0
    0
    0
    0
    0
    0
    0
    0
    0
    0
    0
    0
    0
    0
    0
    0
    0
    0
    0
    0
    0
    0
    0
    0
    0
    0
    0
    0
    0
    0
    0
    0
    0
    0
    0
    0
    0
    0
    0
    0
    0
    0
    0
    0
    0
    0
    0
    0
    0
    0
    0
    0
    0
    0
    0
    0
    0
    0
    0
    0
    0
    0
    0
    0
    0
    0
    0
    0
    0
    0
    0
    0
    0
    0
    0
    0
    0
    0
    0
    0
    0
    0
    0
    0
    0
    0
    0
    0
    0
    0
    0
    0
    0
    0
    0
    0
    0
    0
    0
    0
    0
    0
    0
    0
    0
    0
    0
    0
    0
    0
    0
    0
    0
    0
    0
    0
    0
    0
    0
    0
    0
    0
    0
    0
    0
    0
    0
    0
    0
    0
    0
    0
    0
    0
    0
    0
    0
    0
    0
    0
    0
    0
    0
    0
    0
    0
    0
    0
    0
    0
    0
    0
    0
    0
    0
    0
    0
    0
    0
    0
    0
    0
    0
    0
    0
    0
    0
    0
    0
    0
    0
    0
    0
    0
    0
    0
    0
    0
    0
    0
    0
    0
    0
    0
    0
    0
    0
    0
    0
    0
    0
    0
    0
    0
    0
    0
    0
    0
    0
    0
    0
    0
    0
    0
    0
    0
    0
    0
    0
    0
    0
    0
    0
    0
    0
    0
    0
    0
    0
    0
    0
    0
    0
    0
    0
    0
    0
    0
    0
    0
    0
    0
    0
    0
    0
    0
    0
    0
    0
    0
    0
    0
    0
    0
    0
    0
    0
    0
    0
    0
    0
    0
    0
    0
    0
    0
    0
    0
    0
    0
    0
    0
    0
    0
    0
    0
    0
    0
    0
    0
    0
    0
    0
    0
    0
    0
    0
    0
    0
    0
    0
    0
    0
    0
    0
    0
    0
    0
    0
    0
    0
    0
    0
    0
    0
    0
    0
    0
    0
    0
    0
    0
    0
    0
    0
    0
    0
    0
    0
    0
    0
    0
    0
    0
    0
    0
    0
    0
    0
    0
    0
    0
    0
    0
    0
    0
    0
    0
    0
    0
    0
    0
    0
    0
    0
    0
    0
    0
    0
    0
    0
    0
    0
    0
    0
    0
    0
    0
    0
    0
    0
    0
    0
    0
    0
    0
    0
    0
    0
    0
    0
    0
    0
    0
    0
    0
    0
    0
    0
    0
    0
    0
    0
    0
    0
    0
    0
    0
    0
    0
    0
    0
    0
    0
    0
    0
    0
    0
    0
    0
    0
    0
    0
    0
    0
    0
    0
    0
    0
    0
    0
    0
    0
    0
    0
    0
    0
    0
    0
    0
    0
    0
    0
    0
    0
    0
    0
    0
    0
    0
    0
    0
    0
    0
    0
    0
    0
    0
    0
    0
    0
    0
    0
    0
    0
    0
    0
    0
    0
    0
    0
    0
    0
    0
    0
    0
    0
    0
    0
    0
    0
    0
    0
    0
    0
    0
    0
    0
    0
    0
    0
    0
    0
    0
    0
    0
    0
    0
    0
    0
    0
    0
    0
    0
    0
    0
    0
    0
    0
    0
    0
    0
    0
    0
    0
    0
    0
    0
    0
    0
    0
    0
    0
    0
    0
    0
    0
    0
    0
    0
    0
    0
    0
    0
    0
    0
    0
    0
    0
    0
    0
    0
    0
    0
    0
    0
    0
    0
    0
    0
    0
    0
    0
    0
    0
    0
    0
    0
    0
    0
    0
    0
    0
    0
    0
    0
    0
    0
    0
    0
    0
    0
    0
    0
    0
    0
    0
    0
    0
    0
    0
    0
    0
    0
    0
    0
    0
    0
    0
    0
    0
    0
    0
    0
    0
    0
    0
    0
    0
    0
    0
    0
    0
    0
    0
    0
    0
    0
    0
    0
    0
    0
    0
    0
    0
    0
    0
    0
    0
    0
    0
    0
    0
    0
    0
    0
    0
    0
    0
    0
    0
    0
    0
    0
    0
    0
    0
    0
    0
    0
    0
    0
    0
    0
    0
    0
    0
    0
    0
    0
    0
    0
    0
    0
    0
    0
    0
    0
    0
    0
    0
    0
    0
    0
    0
    0
    0
    0
    0
    0
    0
    0
    0
    0
    0
    0
    0
    0
    0
    0
    0
    0
    0
    0
    0
    0
    0
    0
    0
    0
    0
    0
    0
    0
    0
    0
    0
    0
    0
    0
    0
    0
    0
    0
    0
    0
    0
    0
    0
    0
    0
    0
    0
    0
    0
    0
    0
    0
    0
    0
    0
    0
    0
    0
    0
    0
    0
    0
    0
    0
    0
    0
    0
    0
    0
    0
    0
    0
    0
    0
    0
    0
    0
    0
    0
    0
    0
    0
    0
    0
    0
    0
    0
    0
    0
    0
    0
    0
    0
    0
    0
    0
    0
    0
    0
    0
    0
    0
    0
    0
    0
    0
    0
    0
    0
    0
    0
    0
    0
    0
    0
    0
    0
    0
    0
    0
    0
    0
    0
    0
    0
    0
    0
    0
    0
    0
    0
    0
    0
    0
    0
    0
    0
    0
    0
    0
    0
    0
    0
    0
    0
    0
    0
    0
    0
    0
    0
    0
    0
    0
    0
    0
    0
    0
    0
    0
    0
    0
    0
    0
    0
    0
    0
    0
    0
    0
    0
    0
    0
    0
    0
    0
    0
    0
    0
    0
    0
    0
    0
    0
    0
    0
    0
    0
    0
    0
    0
    0
    0
    0
    0
    0
    0
    0
    0
    0
    0
    0
    0
    0
    0
    0
    0
    0
    0
    0
    0
    0
    0
    0
    0
    0
    0
    0
    0
    0
    0
    0
    0
    0
    0
    0
    0
    0
    0
    0
    0
    0
    0
    0
    0
    0
    0
    0
    0
    0
    0
    0
    0
    0
    0
    0
    0
    0
    0
    0
    0
    0
    0
    0
    0
    0
    0
    0
    0
    0
    0
    0
    0
    0
    0
    0
    0
    0
    0
    0
    0
    0
    0
    0
    0
    0
    0
    0
    0
    0
    0
    0
    0
    0
    0
    0
    0
    0
    0
    0
    0
    0
    0
    0
    0
    0
    0
    0
    0
    0
    0
    0
    0
    0
    0
    0
    0
    0
    0
    0
    0
    0
    0
    0
    0
    0
    0
    0
    0
    0
    0
    0
    0
    0
    0
    0
    0
    0
    0
    0
    0
    0
    0
    0
    0
    0
    0
    0
    0
    0
    0
    0
    0
    0
    0
    0
    0
    0
    0
    0
    0
    0
    0
    0
    0
    0
    0
    0
    0
    0
    0
    0
    0
    0
    0
    0
    0
    0
    0
    0
    0
    0
    0
    0
    0
    0
    0
    0
    0
    0
    0
    0
    0
    0
    0
    0
    0
    0
    0
    0
    0
    0
    0
    0
    0
    0
    0
    0
    0
    0
    0
    0
    0
    0
    0
    0
    0
    0
    0
    0
    0
    0
    0
    0
    0
    0
    0
    0
    0
    0
    0
    0
    0
    0
    0
    0
    0
    0
    0
    0
    0
    0
    0
    0
    0
    0
    0
    0
    0
    0
    0
    0
    0
    0
    0
    0
    0
    0
    0
    0
    0
    0
    0
    0
    0
    0
    0
    0
    0
    0
    0
    0
    0
    0
    0
    0
    0
    0
    0
    0
    0
    0
    0
    0
    0
    0
    0
    0
    0
    0
    0
    0
    0
    0
    0
    0
    0
    0
    0
    0
    0
    0
    0
    0
    0
    0
    0
    0
    0
    0
    0
    0
    0
    0
    0
    0
    0
    0
    0
    0
    0
    0
    0
    0
    0
    0
    0
    0
    0
    0
    0
    0
    0
    0
    0
    0
    0
    0
    0
    0
    0
    0
    0
    0
    0
    0
    0
    0
    0
    0
    0
    0
    0
    0
    0
    0
    0
    0
    0
    0
    0
    0
    0
    0
    0
    0
    0
    0
    0
    0
    0
    0
    0
    0
    0
    0
    0
    0
    0
    0
    0
    0
    0
    0
    0
    0
    0
    0
    0
    0
    0
    0
    0
    0
    0
    0
    0
    0
    0
    0
    0
    0
    0
    0
    0
    0
    0
    0
    0
    0
    0
    0
    0
    0
    0
    0
    0
    0
    0
    0
    0
    0
    0
    0
    0
    0
    0
    0
    0
    0
    0
    0
    0
    0
    0
    0
    0
    0
    0
    0
    0
    0
    0
    0
    0
    0
    0
    0
    0
    0
    0
    0
    0
    0
    0
    0
    0
    0
    0
    0
    0
    0
    0
    0
    0
    0
    0
    0
    0
    0
    0
    0
    0
    0
    0
    0
    0
    0
    0
    0
    0
    0
    0
    0
    0
    0
    0
    0
    0
    0
    0
    0
    0
    0
    0
    0
    0
    0
    0
    0
    0
    0
    0
    0
    0
    0
    0
    0
    0
    0
    0
    0
    0
    0
    0
    0
    0
    0
    0
    0
    0
    0
    0
    0
    0
    0
    0
    0
    0
    0
    0
    0
    0
    0
    0
    0
    0
    0
    0
    0
    0
    0
    0
    0
    0
    0
    0
    0
    0
    0
    0
    0
    0
    0
    0
    0
    0
    0
    0
    0
    0
    0
    0
    0
    0
    0
    0
    0
    0
    0
    0
    0
    0
    0
    0
    0
    0
    0
    0
    0
    0
    0
    0
    0
    0
    0
    0
    0
    0
    0
    0
    0
    0
    0
    0
    0
    0
    0
    0
    0
    0
    0
    0
    0
    0
    0
    0
    0
    0
    0
    0
    0
    0
    0
    0
    0
    0
    0
    0
    0
    0
    0
    0
    0
    0
    0
    0
    0
    0
    0
    0
    0
    0
    0
    0
    0
    0
    0
    0
    0
    0
    0
    0
    0
    0
    0
    0
    0
    0
    0
    0
    0
    0
    0
    0
    0
    0
    0
    0
    0
    0
    0
    0
    0
    0
    0
    0
    0
    0
    0
    0
    0
    0
    0
    0
    0
    0
    0
    0
    0
    0
    0
    0
    0
    0
    0
    0
    0
    0
    0
    0
    0
    0
    0
    0
    0
    0
    0
    0
    0
    0
    0
    0
    0
    0
    0
    0
    0
    0
    0
    0
    0
    0
    0
    0
    0
    0
    0
    0
    0
    0
    0
    0
    0
    0
    0
    0
    0
    0
    0
    0
    0
    0
    0
    0
    0
    0
    0
    0
    0
    0
    0
    0
    0
    0
    0
    0
    0
    0
    0
    0
    0
    0
    0
    0
    0
    0
    0
    0
    0
    0
    0
    0
    0
    0
    0
    0
    0
    0
    0
    0
    0
    0
    0
    0
    0
    0
    0
    0
    0
    0
    0
    0
    0
    0
    0
    0
    0
    0
    0
    0
    0
    0
    0
    0
    0
    0
    0
    0
    0
    0
    0
    0
    0
    0
    0
    0
    0
    0
    0
    0
    0
    0
    0
    0
    0
    0
    0
    0
    0
    0
    0
    0
    0
    0
    0
    0
    0
    0
    0
    0
    0
    0
    0
    0
    0
    0
    0
    0
    0
    0
    0
    0
    0
    0
    0
    0
    0
    0
    0
    0
    0
    0
    0
    0
    0
    0
    0
    0
    0
    0
    0
    0
    0
    0
    0
    0
    0
    0
    0
    0
    0
    0
    0
    0
    0
    0
    0
    0
    0
    0
    0
    0
    0
    0
    0
    0
    0
    0
    0
    0
    0
    0
    0
    0
    0
    0
    0
    0
    0
    0
    0
    0
    0
    0
    0
    0
    0
    0
    0
    0
    0
    0
    0
    0
    0
    0
    0
    0
    0
    0
    0
    0
    0
    0
    0
    0
    0
    0
    0
    0
    0
    0
    0
    0
    0
    0
    0
    0
    0
    0
    0
    0
    0
    0
    0
    0
    0
    0
    0
    0
    0
    0
    0
    0
    0
    0
    0
    0
    0
    0
    0
    0
    0
    0
    0
    0
    0
    0
    0
    0
    0
    0
    0
    0
    0
    0
    0
    0
    0
    0
    0
    0
    0
    0
    0
    0
    0
    0
    0
    0
    0
    0
    0
    0
    0
    0
    0
    0
    0
    0
    0
    0
    0
    0
    0
    0
    0
    0
    0
    0
    0
    0
    0
    0
    0
    0
    0
    0
    0
    0
    0
    0
    0
    0
    0
    0
    0
    0
    0
    0
    0
    0
    0
    0
    0
    0
    0
    0
    0
    0
    0
    0
    0
    0
    0
    0
    0
    0
    0
    0
    0
    0
    0
    0
    0
    0
    0
    0
    0
    0
    0
    0
    0
    0
    0
    0
    0
    0
    0
    0
    0
    0
    0
    0
    0
    0
    0
    0
    0
    0
    0
    0
    0
    0
    0
    0
    0
    0
    0
    0
    0
    0
    0
    0
    0
    0
    0
    0
    0
    0
    0
    0
    0
    0
    0
    0
    0
    0
    0
    0
    0
    0
    0
    0
    0
    0
    0
    0
    0
    0
    0
    0
    0
    0
    0
    0
    0
    0
    0
    0
    0
    0
    0
    0
    0
    0
    0
    0
    0
    0
    0
    0
    0
    0
    0
    0
    0
    0
    0
    0
    0
    0
    0
    0
    0
    0
    0
    0
    0
    0
    0
    0
    0
    0
    0
    0
    0
    0
    0
    0
    0
    0
    0
    0
    0
    0
    0
    0
    0
    0
    0
    0
    0
    0
    0
    0
    0
    0
    0
    0
    0
    0
    0
    0
    0
    0
    0
    0
    0
    0
    0
    0
    0
    0
    0
    0
    0
    0
    0
    0
    0
    0
    0
    0
    0
    0
    0
    0
    0
    0
    0
    0
    0
    0
    0
    0
    0
    0
    0
    0
    0
    0
    0
    0
    0
    0
    0
    0
    0
    0
    0
    0
    0
    0
    0
    0
    0
    0
    0
    0
    0
    0
    0
    0
    0
    0
    0
    0
    0
    0
    0
    0
    0
    0
    0
    0
    0
    0
    0
    0
    0
    0
    0
    0
    0
    0
    0
    0
    0
    0
    0
    0
    0
    0
    0
    0
    0
    0
    0
    0
    0
    0
    0
    0
    0
    0
    0
    0
    0
    0
    0
    0
    0
    0
    0
    0
    0
    0
    0
    0
    0
    0
    0
    0
    0
    0
    0
    0
    0
    0
    0
    0
    0
    0
    0
    0
    0
    0
    0
    0
    0
    0
    0
    0
    0
    0
    0
    0
    0
    0
    0
    0
    0
    0
    0
    0
    0
    0
    0
    0
    0
    0
    0
    0
    0
    0
    0
    0
    0
    0
    0
    0
    0
    0
    0
    0
    0
    0
    0
    0
    0
    0
    0
    0
    0
    0
    0
    0
    0
    0
    0
    0
    0
    0
    0
    0
    0
    0
    0
    0
    0
    0
    0
    0
    0
    0
    0
    0
    0
    0
    0
    0
    0
    0
    0
    0
    0
    0
    0
    0
    0
    0
    0
    0
    0
    0
    0
    0
    0
    0
    0
    0
    0
    0
    0
    0
    0
    0
    0
    0
    0
    0
    0
    0
    0
    0
    0
    0
    0
    0
    0
    0
    0
    0
    0
    0
    0
    0
    0
    0
    0
    0
    0
    0
    0
    0
    0
    0
    0
    0
    0
    0
    0
    0
    0
    0
    0
    0
    0
    0
    0
    0
    0
    0
    0
    0
    0
    0
    0
    0
    0
    0
    0
    0
    0
    0
    0
    0
    0
    0
    0
    0
    0
    0
    0
    0
    0
    0
    0
    0
    0
    0
    0
    0
    0
    0
    0
    0
    0
    0
    0
    0
    0
    0
    0
    0
    0
    0
    0
    0
    0
    0
    0
    0
    0
    0
    0
    0
    0
    0
    0
    0
    0
    0
    0
    0
    0
    0
    0
    0
    0
    0
    0
    0
    0
    0
    0
    0
    0
    0
    0
    0
    0
    0
    0
    0
    0
    0
    0
    0
    0
    0
    0
    0
    0
    0
    0
    0
    0
    0
    0
    0
    0
    0
    0
    0
    0
    0
    0
    0
    0
    0
    0
    0
    0
    0
    0
    0
    0
    0
    0
    0
    0
    0
    0
    0
    0
    0
    0
    0
    0
    0
    0
    0
    0
    0
    0
    0
    0
    0
    0
    0
    0
    0
    0
    0
    0
    0
    0
    0
    0
    0
    0
    0
    0
    0
    0
    0
    0
    0
    0
    0
    0
    0
    0
    0
    0
    0
    0
    0
    0
    0
    0
    0
    0
    0
    0
    0
    0
    0
    0
    0
    0
    0
    0
    0
    0
    0
    0
    0
    0
    0
    0
    0
    0
    0
    0
    0
    0
    0
    0
    0
    0
    0
    0
    0
    0
    0
    0
    0
    0
    0
    0
    0
    0
    0
    0
    0
    0
    0
    0
    0
    0
    0
    0
    0
    0
    0
    0
    0
    0
    0
    0
    0
    0
    0
    0
    0
    0
    0
    0
    0
    0
    0
    0
    0
    0
    0
    0
    0
    0
    0
    0
    0
    0
    0
    0
    0
    0
    0
    0
    0
    0
    0
    0
    0
    0
    0
    0
    0
    0
    0
    0
    0
    0
    0
    0
    0
    0
    0
    0
    0
    0
    0
    0
    0
    0
    0
    0
    0
    0
    0
    0
    0
    0
    0
    0
    0
    0
    0
    0
    0
    0
    0
    0
    0
    0
    0
    0
    0
    0
    0
    0
    0
    0
    0
    0
    0
    0
    0
    0
    0
    0
    0
    0
    0
    0
    0
    0
    0
    0
    0
    0
    0
    0
    0
    0
    0
    0
    0
    0
    0
    0
    0
    0
    0
    0
    0
    0
    0
    0
    0
    0
    0
    0
    0
    0
    0
    0
    0
    0
    0
    0
    0
    0
    0
    0
    0
    0
    0
    0
    0
    0
    0
    0
    0
    0
    0
    0
    0
    0
    0
    0
    0
    0
    0
    0
    0
    0
    0
    0
    0
    0
    0
    0
    0
    0
    0
    0
    0
    0
    0
    0
    0
    0
    0
    0
    0
    0
    0
    0
    0
    0
    0
    0
    0
    0
    0
    0
    0
    0
    0
    0
    0
    0
    0
    0
    0
    0
    0
    0
    0
    0
    0
    0
    0
    0
    0
    0
    0
    0
    0
    0
    0
    0
    0
    0
    0
    0
    0
    0
    0
    0
    0
    0
    0
    0
    0
    0
    0
    0
    0
    0
    0
    0
    0
    0
    0
    0
    0
    0
    0
    0
    0
    0
    0
    0
    0
    0
    0
    0
    0
    0
    0
    0
    0
    0
    0
    0
    0
    0
    0
    0
    0
    0
    0
    0
    0
    0
    0
    0
    0
    0
    0
    0
    0
    0
    0
    0
    0
    0
    0
    0
    0
    0
    0
    0
    0
    0
    0
    0
    0
    0
    0
    0
    0
    0
    0
    0
    0
    0
    0
    0
    0
    0
    0
    0
    0
    0
    0
    0
    0
    0
    0
    0
    0
    0
    0
    0
    0
    0
    0
    0
    0
    0
    0
    0
    0
    0
    0
    0
    0
    0
    0
    0
    0
    0
    0
    0
    0
    0
    0
    0
    0
    0
    0
    0
    0
    0
    0
    0
    0
    0
    0
    0
    0
    0
    0
    0
    0
    0
    0
    0
    0
    0
    0
    0
    0
    0
    0
    0
    0
    0
    0
    0
    0
    0
    0
    0
    0
    0
    0
    0
    0
    0
    0
    0
    0
    0
    0
    0
    0
    0
    0
    0
    0
    0
    0
    0
    0
    0
    0
    0
    0
    0
    0
    0
    0
    0
    0
    0
    0
    0
    0
    0
    0
    0
    0
    0
    0
    0
    0
    0
    0
    0
    0
    0
    0
    0
    0
    0
    0
    0
    0
    0
    0
    0
    0
    0
    0
    0
    0
    0
    0
    0
    0
    0
    0
    0
    0
    0
    0
    0
    0
    0
    0
    0
    0
    0
    0
    0
    0
    0
    0
    0
    0
    0
    0
    0
    0
    0
    0
    0
    0
    0
    0
    0
    0
    0
    0
    0
    0
    0
    0
    0
    0
    0
    0
    0
    0
    0
    0
    0
    0
    0
    0
    0
    0
    0
    0
    0
    0
    0
    0
    0
    0
    0
    0
    0
    0
    0
    0
    0
    0
    0
    0
    0
    0
    0
    0
    0
    0
    0
    0
    0
    0
    0
    0
    0
    0
    0
    0
    0
    0
    0
    0
    0
    0
    0
    0
    0
    0
    0
    0
    0
    0
    0
    0
    0
    0
    0
    0
    0
    0
    0
    0
    0
    0
    0
    0
    0
    0
    0
    0
    0
    0
    0
    0
    0
    0
    0
    0
    0
    0
    0
    0
    0
    0
    0
    0
    0
    0
    0
    0
    0
    0
    0
    0
    0
    0
    0
    0
    0
    0
    0
    0
    0
    0
    0
    0
    0
    0
    0
    0
    0
    0
    0
    0
    0
    0
    0
    0
    0
    0
    0
    0
    0
    0
    0
    0
    0
    0
    0
    0
    0
    0
    0
    0
    0
    0
    0
    0
    0
    0
    0
    0
    0
    0
    0
    0
    0
    0
    0
    0
    0
    0
    0
    0
    0
    0
    0
    0
    0
    0
    0
    0
    0
    0
    0
    0
    0
    0
    0
    0
    0
    0
    0
    0
    0
    0
    0
    0
    0
    0
    0
    0
    0
    0
    0
    0
    0
    0
    0
    0
    0
    0
    0
    0
    0
    0
    0
    0
    0
    0
    0
    0
    0
    0
    0
    0
    0
    0
    0
    0
    0
    0
    0
    0
    0
    0
    0
    0
    0
    0
    0
    0
    0
    0
    0
    0
    0
    0
    0
    0
    0
    0
    0
    0
    0
    0
    0
    0
    0
    0
    0
    0
    0
    0
    0
    0
    0
    0
    0
    0
    0
    0
    0
    0
    0
    0
    0
    0
    0
    0
    0
    0
    0
    0
    0
    0
    0
    0
    0
    0
    0
    0
    0
    0
    0
    0
    0
    0
    0
    0
    0
    0
    0
    0
    0
    0
    0
    0
    0
    0
    0
    0
    0
    0
    0
    0
    0
    0
    0
    0
    0
    0
    0
    0
    0
    0
    0
    0
    0
    0
    0
    0
    0
    0
    0
    0
    0
    0
    0
    0
    0
    0
    0
    0
    0
    0
    0
    0
    0
    0
    0
    0
    0
    0
    0
    0
    0
    0
    0
    0
    0
    0
    0
    0
    0
    0
    0
    0
    0
    0
    0
    0
    0
    0
    0
    0
    0
    0
    0
    0
    0
    0
    0
    0
    0
    0
    0
    0
    0
    0
    0
    0
    0
    0
    0
    0
    0
    0
    0
    0
    0
    0
    0
    0
    0
    0
    0
    0
    0
    0
    0
    0
    0
    0
    0
    0
    0
    0
    0
    0
    0
    0
    0
    0
    0
    0
    0
    0
    0
    0
    0
    0
    0
    0
    0
    0
    0
    0
    0
    0
    0
    0
    0
    0
    0
    0
    0
    0
    0
    0
    0
    0
    0
    0
    0
    0
    0
    0
    0
    0
    0
    0
    0
    0
    0
    0
    0
    0
    0
    0
    0
    0
    0
    0
    0
    0
    0
    0
    0
    0
    0
    0
    0
    0
    0
    0
    0
    0
    0
    0
    0
    0
    0
    0
    0
    0
    0
    0
    0
    0
    0
    0
    0
    0
    0
    0
    0
    0
    0
    0
    0
    0
    0
    0
    0
    0
    0
    0
    0
    0
    0
    0
    0
    0
    0
    0
    0
    0
    0
    0
    0
    0
    0
    0
    0
    0
    0
    0
    0
    0
    0
    0
    0
    0
    0
    0
    0
    0
    0
    0
    0
    0
    0
    0
    0
    0
    0
    0
    0
    0
    0
    0
    0
    0
    0
    0
    0
    0
    0
    0
    0
    0
    0
    0
    0
    0
    0
    0
    0
    0
    0
    0
    0
