Project Info:
    ACQ Time: 2019- 9-24  11:21:56: 335 .
    Project: ltj左侧足三里右旁开（足三里涂红药水30min）
    Name: 
    Part:  
    Operator:  
    Desc.:  
    Sample Data Acquired.

ACQ Parameters:
    Excited Peroid(ms): 50
    Excited Time(ms): 10
    Acq Delay Time(us): 10
    Gate Time(ms): 20
    Count Num per gate: 100
    Repeat Times: 50
    Acq Gate Times: 1
    Interval per Gate(us): 100
    Channel Number: 2

Data:
    414
    379
    279
    263
    278
    240
    227
    193
    187
    164
    173
    155
    142
    133
    154
    116
    123
    89
    106
    103
    87
    97
    104
    63
    79
    69
    65
    57
    56
    56
    64
    51
    53
    50
    41
    45
    47
    51
    41
    40
    38
    29
    50
    29
    37
    25
    37
    34
    29
    24
    27
    24
    22
    24
    28
    25
    16
    23
    20
    23
    35
    17
    19
    13
    14
    14
    16
    15
    21
    7
    10
    10
    12
    9
    20
    19
    11
    9
    6
    10
    13
    15
    8
    8
    10
    8
    6
    15
    9
    7
    11
    12
    5
    11
    10
    10
    8
    10
    6
    5
    433
    370
    329
    273
    245
    256
    223
    191
    198
    170
    166
    154
    137
    126
    140
    126
    97
    112
    108
    109
    94
    94
    87
    75
    72
    72
    60
    70
    69
    59
    61
    66
    46
    53
    64
    38
    48
    37
    45
    41
    48
    39
    28
    30
    21
    37
    27
    28
    31
    35
    20
    33
    28
    12
    23
    19
    17
    27
    24
    19
    21
    19
    16
    27
    15
    27
    18
    20
    19
    11
    9
    15
    11
    20
    14
    11
    5
    12
    13
    9
    10
    8
    9
    7
    10
    10
    16
    9
    7
    4
    8
    9
    6
    9
    7
    5
    9
    10
    9
    7
    390
    328
    316
    283
    282
    232
    203
    202
    186
    165
    177
    168
    163
    137
    128
    134
    101
    119
    102
    82
    89
    89
    72
    76
    73
    87
    78
    87
    70
    51
    83
    66
    50
    53
    55
    39
    71
    51
    37
    46
    34
    28
    35
    43
    32
    30
    38
    26
    28
    26
    22
    23
    32
    21
    23
    28
    19
    23
    27
    22
    22
    22
    20
    14
    13
    11
    19
    13
    16
    18
    17
    16
    10
    13
    15
    11
    20
    9
    13
    7
    12
    12
    16
    11
    9
    9
    17
    10
    10
    9
    10
    6
    6
    8
    6
    6
    7
    6
    6
    5
    400
    341
    307
    286
    238
    257
    192
    195
    176
    169
    156
    164
    155
    146
    122
    131
    106
    121
    121
    100
    94
    104
    76
    87
    72
    78
    66
    62
    67
    64
    57
    58
    49
    52
    52
    53
    40
    46
    47
    46
    44
    36
    33
    35
    41
    33
    33
    30
    38
    24
    22
    22
    33
    29
    19
    28
    15
    25
    23
    24
    20
    19
    27
    21
    14
    14
    14
    15
    19
    18
    14
    16
    10
    15
    10
    10
    17
    11
    13
    12
    11
    12
    7
    10
    7
    13
    13
    10
    11
    14
    7
    3
    6
    7
    8
    6
    3
    10
    9
    8
    384
    372
    348
    290
    268
    249
    193
    209
    186
    179
    160
    166
    147
    115
    146
    132
    118
    113
    110
    104
    79
    93
    96
    80
    75
    84
    67
    80
    67
    75
    60
    32
    50
    50
    58
    50
    46
    39
    49
    44
    41
    38
    43
    40
    25
    37
    28
    27
    31
    24
    31
    23
    25
    22
    24
    29
    26
    29
    27
    23
    19
    18
    23
    12
    22
    16
    14
    17
    15
    19
    20
    16
    15
    10
    10
    11
    8
    12
    13
    5
    6
    10
    12
    8
    10
    10
    7
    18
    8
    6
    9
    9
    12
    6
    8
    7
    8
    6
    6
    8
    395
    391
    313
    290
    268
    255
    216
    201
    181
    204
    158
    172
    133
    147
    135
    120
    142
    117
    107
    111
    91
    97
    85
    88
    80
    70
    78
    50
    68
    70
    62
    50
    52
    48
    50
    51
    48
    52
    46
    42
    44
    30
    34
    33
    30
    41
    32
    33
    34
    31
    25
    33
    34
    26
    20
    28
    30
    19
    23
    26
    18
    21
    21
    22
    16
    24
    16
    15
    19
    16
    14
    13
    11
    12
    11
    9
    12
    11
    10
    4
    7
    11
    5
    9
    9
    11
    10
    11
    10
    6
    7
    9
    11
    5
    8
    7
    9
    5
    7
    6
    374
    382
    330
    264
    271
    226
    241
    192
    190
    188
    154
    158
    128
    138
    136
    113
    133
    107
    117
    99
    107
    95
    104
    80
    80
    73
    82
    71
    84
    68
    65
    60
    60
    68
    53
    53
    46
    51
    40
    39
    42
    39
    28
    51
    41
    39
    32
    24
    26
    30
    35
    27
    19
    26
    21
    15
    23
    18
    22
    14
    21
    23
    14
    26
    15
    15
    18
    10
    25
    19
    13
    10
    17
    12
    15
    17
    15
    11
    23
    7
    10
    9
    9
    12
    12
    17
    13
    14
    6
    9
    6
    6
    13
    5
    6
    10
    9
    6
    3
    3
    382
    354
    324
    272
    255
    242
    195
    206
    208
    178
    169
    168
    152
    138
    126
    136
    128
    102
    119
    116
    92
    98
    97
    87
    101
    71
    74
    80
    67
    70
    67
    61
    67
    59
    44
    44
    56
    54
    42
    42
    45
    44
    47
    27
    36
    34
    38
    32
    35
    30
    37
    30
    30
    30
    26
    29
    15
    12
    21
    25
    23
    19
    20
    22
    20
    13
    14
    15
    15
    17
    18
    10
    20
    13
    8
    13
    12
    5
    7
    15
    11
    9
    6
    10
    3
    19
    11
    10
    7
    8
    15
    6
    8
    8
    1
    8
    4
    8
    8
    11
    376
    389
    327
    284
    241
    261
    202
    196
    193
    194
    170
    158
    158
    144
    140
    151
    121
    120
    93
    102
    96
    104
    81
    102
    88
    78
    81
    75
    56
    75
    66
    49
    57
    57
    60
    47
    54
    50
    43
    49
    26
    34
    29
    43
    40
    32
    39
    36
    33
    24
    31
    23
    31
    20
    31
    29
    20
    18
    17
    25
    23
    15
    15
    19
    14
    12
    22
    13
    9
    15
    9
    17
    13
    14
    15
    11
    8
    19
    11
    7
    12
    8
    16
    11
    10
    17
    9
    10
    10
    7
    10
    9
    10
    5
    5
    7
    5
    7
    7
    1
    412
    374
    325
    269
    253
    247
    208
    194
    205
    179
    182
    145
    157
    139
    138
    119
    111
    95
    105
    116
    101
    74
    92
    83
    91
    77
    78
    71
    81
    64
    59
    60
    57
    58
    53
    45
    46
    35
    60
    38
    37
    40
    36
    40
    48
    24
    36
    23
    36
    29
    34
    26
    21
    20
    21
    36
    26
    17
    32
    24
    20
    20
    17
    16
    20
    24
    14
    20
    24
    8
    15
    11
    7
    17
    21
    11
    17
    10
    5
    9
    9
    10
    13
    6
    12
    15
    11
    7
    10
    15
    6
    6
    7
    12
    13
    9
    7
    4
    4
    4
    417
    365
    326
    271
    290
    273
    220
    202
    160
    205
    164
    148
    155
    146
    144
    137
    136
    92
    120
    117
    92
    102
    90
    71
    82
    79
    60
    67
    78
    71
    56
    40
    56
    56
    55
    49
    42
    44
    48
    41
    47
    48
    49
    42
    32
    37
    26
    39
    25
    36
    31
    33
    32
    30
    27
    25
    22
    20
    21
    24
    19
    20
    14
    20
    31
    21
    21
    26
    10
    12
    18
    5
    9
    11
    16
    15
    11
    8
    9
    9
    11
    15
    2
    17
    6
    4
    14
    14
    8
    4
    9
    10
    5
    11
    11
    13
    5
    10
    7
    14
    400
    378
    324
    300
    240
    261
    208
    202
    172
    178
    158
    145
    162
    137
    115
    136
    122
    119
    100
    103
    99
    98
    73
    81
    95
    89
    83
    69
    93
    60
    72
    59
    84
    64
    66
    51
    58
    40
    50
    34
    40
    34
    39
    56
    47
    35
    27
    31
    39
    26
    39
    33
    35
    20
    34
    27
    34
    22
    30
    21
    15
    24
    17
    13
    29
    21
    14
    13
    12
    12
    15
    11
    19
    15
    12
    17
    8
    9
    10
    9
    10
    10
    12
    14
    8
    13
    11
    11
    8
    7
    5
    10
    5
    8
    8
    8
    5
    4
    13
    7
    432
    360
    309
    285
    262
    222
    205
    207
    190
    171
    171
    157
    153
    139
    114
    120
    130
    120
    104
    101
    86
    78
    90
    80
    79
    87
    75
    87
    86
    72
    54
    52
    50
    47
    50
    54
    49
    47
    52
    46
    46
    37
    40
    48
    37
    33
    46
    34
    36
    33
    27
    20
    23
    25
    34
    21
    19
    20
    28
    17
    18
    19
    17
    26
    25
    17
    17
    17
    17
    18
    21
    10
    21
    17
    10
    12
    11
    13
    14
    16
    12
    18
    9
    13
    8
    12
    11
    10
    11
    11
    10
    9
    8
    7
    7
    5
    8
    9
    7
    3
    397
    335
    317
    263
    261
    253
    232
    215
    169
    163
    157
    169
    162
    141
    138
    126
    123
    109
    125
    104
    94
    91
    95
    86
    78
    87
    78
    68
    62
    70
    68
    59
    70
    55
    52
    52
    52
    44
    41
    45
    31
    46
    43
    29
    32
    37
    27
    28
    41
    23
    27
    24
    36
    28
    28
    17
    29
    24
    22
    27
    18
    21
    28
    19
    14
    14
    15
    16
    20
    17
    18
    8
    9
    18
    12
    17
    13
    13
    15
    12
    13
    8
    8
    19
    19
    11
    11
    13
    5
    10
    10
    7
    13
    7
    4
    8
    5
    9
    6
    5
    437
    356
    321
    296
    247
    244
    241
    196
    190
    185
    157
    142
    157
    130
    142
    118
    115
    115
    93
    107
    100
    108
    96
    94
    71
    99
    75
    56
    71
    73
    65
    67
    61
    55
    48
    61
    51
    51
    50
    37
    61
    47
    29
    43
    45
    33
    36
    42
    24
    27
    24
    37
    31
    32
    27
    32
    17
    21
    27
    18
    12
    20
    16
    20
    18
    17
    18
    26
    11
    16
    19
    15
    12
    15
    7
    14
    12
    9
    12
    15
    15
    11
    21
    15
    11
    5
    10
    4
    9
    9
    9
    6
    10
    9
    11
    4
    12
    6
    11
    9
    405
    346
    314
    259
    252
    219
    209
    223
    192
    209
    154
    153
    127
    148
    126
    124
    128
    113
    112
    104
    107
    94
    99
    93
    92
    83
    69
    75
    72
    67
    59
    52
    67
    60
    52
    48
    47
    61
    48
    49
    56
    32
    38
    43
    40
    37
    31
    25
    35
    30
    35
    33
    32
    23
    27
    18
    20
    29
    21
    19
    18
    24
    19
    19
    16
    13
    22
    18
    20
    13
    9
    19
    13
    9
    12
    15
    12
    12
    16
    11
    10
    12
    4
    13
    9
    10
    10
    10
    14
    12
    11
    7
    5
    8
    9
    8
    12
    6
    4
    7
    404
    342
    327
    296
    309
    243
    246
    201
    169
    180
    159
    162
    155
    153
    145
    114
    119
    117
    117
    106
    126
    90
    90
    85
    86
    86
    77
    79
    71
    66
    66
    50
    59
    54
    53
    42
    59
    41
    30
    38
    36
    49
    40
    46
    35
    37
    31
    30
    30
    37
    23
    16
    30
    37
    25
    27
    27
    29
    24
    12
    20
    23
    21
    12
    25
    20
    20
    20
    20
    17
    17
    11
    22
    16
    15
    9
    16
    13
    16
    14
    19
    8
    13
    10
    16
    10
    7
    11
    11
    8
    5
    5
    12
    9
    8
    1
    6
    16
    7
    16
    405
    361
    307
    302
    256
    247
    232
    206
    196
    179
    151
    209
    129
    159
    121
    117
    106
    83
    106
    97
    106
    103
    92
    80
    97
    81
    93
    60
    90
    55
    75
    56
    51
    57
    51
    58
    46
    47
    63
    45
    41
    41
    40
    34
    33
    33
    32
    39
    30
    33
    23
    35
    30
    28
    27
    27
    24
    19
    22
    18
    20
    19
    17
    18
    25
    15
    14
    11
    14
    12
    18
    13
    11
    12
    14
    23
    12
    8
    11
    10
    20
    13
    6
    7
    5
    13
    6
    8
    6
    5
    7
    7
    12
    6
    6
    9
    6
    11
    9
    9
    394
    349
    327
    294
    280
    256
    217
    191
    181
    193
    183
    143
    146
    133
    152
    119
    130
    134
    101
    104
    85
    90
    84
    85
    91
    63
    73
    69
    72
    83
    67
    62
    61
    54
    64
    44
    54
    53
    47
    49
    44
    48
    50
    41
    36
    41
    29
    25
    36
    32
    22
    24
    25
    23
    30
    28
    26
    19
    29
    27
    18
    17
    22
    21
    14
    14
    16
    12
    23
    16
    8
    14
    22
    22
    13
    11
    18
    17
    13
    10
    12
    7
    12
    12
    18
    10
    6
    9
    8
    10
    8
    6
    10
    14
    8
    10
    12
    5
    5
    4
    413
    374
    318
    270
    244
    256
    227
    205
    222
    155
    147
    155
    157
    152
    157
    118
    105
    109
    119
    115
    102
    92
    86
    58
    69
    82
    76
    76
    70
    63
    53
    62
    66
    57
    51
    52
    56
    45
    44
    37
    46
    36
    38
    37
    46
    29
    38
    27
    28
    38
    27
    27
    29
    24
    31
    28
    27
    25
    18
    29
    26
    21
    18
    24
    23
    18
    14
    15
    9
    12
    11
    9
    7
    19
    12
    14
    10
    15
    11
    12
    11
    8
    10
    15
    19
    12
    16
    10
    12
    11
    12
    5
    9
    10
    12
    7
    10
    5
    6
    5
    416
    389
    310
    290
    250
    250
    251
    213
    200
    212
    190
    154
    141
    137
    137
    124
    122
    112
    116
    85
    113
    93
    107
    108
    72
    80
    76
    67
    60
    63
    70
    67
    65
    43
    49
    61
    40
    46
    41
    48
    34
    42
    36
    36
    40
    37
    34
    24
    24
    38
    32
    35
    28
    25
    35
    26
    24
    19
    26
    24
    29
    23
    23
    17
    21
    28
    8
    19
    11
    12
    18
    7
    18
    15
    17
    13
    11
    14
    6
    16
    14
    8
    10
    16
    8
    7
    11
    14
    8
    5
    9
    9
    8
    6
    9
    8
    8
    4
    7
    9
    422
    358
    332
    283
    274
    215
    232
    191
    184
    170
    188
    164
    148
    138
    128
    122
    133
    103
    121
    103
    110
    88
    90
    99
    83
    86
    79
    83
    75
    47
    44
    57
    61
    57
    38
    44
    52
    52
    42
    36
    39
    39
    46
    44
    31
    29
    26
    35
    30
    28
    27
    34
    17
    30
    40
    25
    30
    21
    24
    23
    26
    14
    17
    18
    19
    22
    15
    17
    15
    16
    17
    18
    19
    16
    25
    16
    19
    12
    14
    13
    9
    9
    17
    11
    13
    7
    8
    11
    8
    8
    6
    9
    11
    9
    6
    5
    11
    5
    11
    10
    383
    349
    329
    296
    283
    257
    217
    207
    192
    188
    179
    143
    170
    150
    161
    119
    102
    114
    115
    105
    101
    79
    98
    82
    83
    87
    91
    76
    67
    62
    56
    75
    58
    59
    57
    48
    51
    47
    38
    44
    46
    39
    38
    35
    34
    34
    34
    37
    31
    28
    30
    27
    30
    22
    24
    28
    26
    19
    19
    26
    19
    20
    18
    13
    19
    18
    12
    25
    26
    14
    11
    10
    14
    13
    15
    14
    14
    14
    13
    11
    9
    17
    15
    12
    8
    10
    5
    8
    9
    10
    10
    11
    6
    9
    7
    8
    9
    11
    7
    3
    417
    344
    329
    275
    272
    254
    230
    217
    199
    179
    164
    150
    164
    153
    143
    146
    116
    117
    110
    116
    100
    97
    104
    79
    83
    78
    85
    71
    79
    65
    78
    68
    75
    64
    58
    59
    38
    53
    47
    45
    38
    36
    47
    33
    27
    33
    45
    36
    31
    29
    30
    29
    30
    27
    24
    23
    27
    23
    25
    24
    29
    19
    21
    18
    17
    18
    14
    16
    18
    17
    13
    15
    14
    12
    16
    9
    17
    18
    11
    13
    13
    14
    9
    13
    9
    10
    10
    7
    14
    8
    15
    14
    8
    7
    12
    6
    7
    9
    10
    7
    380
    349
    322
    248
    266
    237
    230
    234
    203
    179
    187
    177
    167
    144
    130
    143
    141
    124
    127
    109
    106
    93
    93
    81
    74
    84
    82
    78
    69
    57
    62
    56
    47
    49
    52
    55
    51
    51
    38
    46
    49
    49
    30
    45
    37
    43
    34
    33
    30
    29
    24
    28
    25
    29
    30
    29
    22
    24
    16
    26
    19
    15
    16
    16
    12
    19
    3
    16
    16
    19
    14
    10
    16
    8
    18
    7
    10
    15
    10
    13
    14
    13
    15
    16
    14
    9
    11
    1
    10
    12
    11
    8
    10
    11
    5
    4
    6
    6
    7
    13
    406
    403
    325
    293
    271
    230
    270
    229
    164
    192
    166
    175
    161
    151
    140
    126
    126
    123
    116
    106
    101
    85
    93
    77
    101
    88
    69
    95
    80
    75
    75
    63
    65
    59
    56
    48
    55
    51
    43
    53
    40
    40
    48
    42
    33
    36
    37
    36
    32
    31
    27
    30
    26
    34
    31
    30
    23
    26
    23
    15
    23
    28
    26
    21
    18
    17
    22
    15
    11
    23
    12
    14
    18
    18
    15
    16
    16
    19
    8
    16
    12
    8
    7
    12
    8
    14
    11
    11
    7
    13
    9
    5
    13
    6
    11
    9
    11
    12
    7
    9
    400
    399
    334
    283
    234
    256
    253
    206
    173
    198
    166
    164
    179
    145
    154
    156
    105
    141
    113
    96
    106
    79
    99
    80
    77
    79
    79
    66
    71
    79
    71
    58
    55
    56
    60
    51
    59
    57
    53
    52
    29
    41
    32
    36
    40
    52
    32
    37
    36
    23
    28
    27
    22
    27
    24
    33
    29
    26
    16
    24
    20
    27
    15
    23
    17
    25
    21
    15
    14
    14
    13
    11
    18
    11
    21
    12
    14
    18
    12
    10
    14
    13
    7
    13
    7
    19
    8
    10
    8
    4
    15
    4
    10
    6
    6
    14
    6
    10
    10
    4
    413
    357
    321
    305
    260
    232
    207
    204
    188
    207
    170
    171
    174
    163
    136
    127
    98
    108
    111
    98
    95
    115
    96
    74
    84
    74
    61
    78
    65
    66
    72
    60
    57
    57
    45
    53
    53
    40
    50
    49
    52
    52
    51
    33
    30
    28
    43
    34
    32
    29
    23
    19
    48
    36
    37
    25
    24
    24
    24
    24
    11
    16
    17
    14
    22
    17
    16
    16
    16
    11
    10
    17
    17
    11
    22
    12
    15
    10
    14
    9
    10
    13
    7
    13
    8
    17
    7
    4
    8
    15
    12
    11
    11
    11
    9
    5
    8
    4
    8
    3
    393
    346
    307
    295
    253
    295
    227
    231
    207
    191
    192
    158
    150
    148
    146
    119
    127
    110
    104
    116
    111
    96
    74
    92
    83
    87
    65
    73
    67
    53
    65
    71
    56
    50
    60
    46
    43
    56
    43
    43
    58
    48
    30
    39
    38
    33
    27
    41
    35
    32
    41
    23
    22
    37
    28
    14
    17
    28
    27
    12
    18
    27
    20
    23
    25
    13
    14
    18
    11
    12
    17
    21
    15
    20
    19
    8
    10
    12
    13
    8
    12
    10
    8
    10
    14
    6
    9
    13
    12
    8
    18
    11
    12
    2
    12
    3
    7
    14
    10
    1
    383
    367
    323
    295
    270
    231
    210
    204
    202
    184
    175
    173
    160
    146
    129
    104
    113
    139
    106
    123
    116
    99
    99
    96
    87
    85
    82
    82
    72
    64
    60
    57
    42
    74
    59
    42
    55
    59
    39
    49
    28
    37
    34
    40
    38
    32
    44
    37
    37
    34
    28
    23
    32
    28
    30
    30
    29
    25
    30
    29
    24
    23
    20
    20
    18
    19
    17
    20
    16
    17
    10
    15
    12
    13
    15
    12
    14
    16
    15
    15
    14
    12
    9
    13
    10
    15
    7
    7
    5
    9
    10
    8
    9
    4
    12
    13
    6
    6
    3
    6
    401
    365
    328
    230
    243
    247
    231
    227
    195
    203
    171
    182
    158
    145
    148
    163
    136
    118
    132
    103
    91
    98
    74
    90
    87
    94
    96
    72
    81
    64
    75
    82
    59
    62
    53
    54
    52
    40
    43
    52
    41
    35
    51
    41
    51
    29
    34
    38
    29
    27
    33
    28
    28
    34
    24
    27
    21
    16
    26
    19
    31
    18
    21
    15
    25
    16
    14
    21
    19
    14
    12
    17
    14
    17
    12
    13
    12
    17
    20
    16
    11
    19
    20
    12
    8
    12
    15
    9
    4
    15
    11
    8
    10
    11
    10
    11
    6
    12
    14
    4
    413
    363
    329
    283
    257
    236
    231
    199
    200
    193
    197
    189
    179
    149
    127
    118
    117
    95
    118
    112
    122
    98
    98
    103
    81
    66
    76
    77
    87
    74
    64
    60
    65
    46
    51
    40
    45
    31
    45
    36
    40
    42
    51
    46
    46
    40
    28
    36
    33
    29
    21
    24
    30
    30
    34
    33
    17
    27
    29
    27
    26
    14
    30
    17
    20
    21
    20
    31
    15
    14
    16
    12
    6
    15
    11
    13
    18
    22
    14
    20
    19
    18
    16
    10
    13
    16
    8
    9
    10
    10
    9
    11
    12
    9
    12
    9
    12
    6
    11
    10
    397
    400
    307
    278
    273
    246
    236
    225
    216
    175
    179
    167
    156
    125
    143
    124
    111
    116
    117
    106
    107
    101
    86
    96
    59
    89
    76
    72
    81
    62
    52
    81
    81
    51
    68
    55
    53
    52
    50
    56
    39
    40
    26
    44
    43
    36
    30
    31
    38
    44
    38
    35
    29
    27
    32
    27
    22
    24
    29
    25
    18
    19
    18
    15
    23
    26
    13
    13
    9
    15
    17
    10
    19
    16
    8
    12
    14
    11
    16
    9
    19
    16
    13
    12
    10
    7
    12
    6
    14
    15
    10
    3
    8
    6
    10
    6
    10
    17
    8
    7
    383
    357
    308
    301
    241
    284
    213
    218
    213
    175
    170
    170
    163
    144
    139
    141
    109
    139
    102
    115
    112
    87
    112
    88
    71
    65
    78
    77
    63
    79
    65
    69
    61
    50
    51
    45
    46
    41
    43
    39
    50
    33
    47
    35
    37
    31
    29
    25
    37
    29
    27
    34
    45
    30
    20
    24
    22
    22
    23
    25
    22
    22
    18
    14
    11
    12
    25
    31
    17
    17
    15
    10
    22
    20
    10
    9
    11
    14
    8
    14
    13
    15
    8
    8
    11
    6
    13
    5
    5
    14
    12
    11
    9
    10
    7
    8
    7
    5
    5
    7
    363
    376
    324
    264
    263
    253
    212
    170
    195
    187
    168
    170
    157
    133
    138
    113
    119
    121
    109
    105
    123
    106
    75
    96
    87
    78
    75
    67
    80
    81
    55
    59
    50
    63
    56
    54
    53
    39
    51
    47
    27
    38
    42
    35
    29
    35
    36
    40
    45
    27
    22
    40
    19
    15
    25
    17
    20
    28
    20
    21
    16
    35
    25
    13
    17
    20
    16
    10
    15
    12
    12
    12
    20
    19
    12
    18
    9
    17
    19
    10
    13
    9
    14
    15
    10
    12
    9
    11
    12
    10
    6
    15
    7
    9
    12
    4
    6
    5
    8
    7
    416
    376
    332
    284
    285
    256
    215
    210
    210
    204
    169
    158
    156
    158
    151
    131
    112
    93
    119
    98
    88
    94
    92
    75
    91
    77
    83
    94
    61
    65
    64
    69
    58
    76
    51
    59
    63
    47
    49
    44
    35
    38
    40
    34
    46
    30
    27
    35
    29
    31
    28
    34
    34
    19
    22
    19
    27
    21
    19
    26
    17
    32
    24
    19
    26
    17
    21
    21
    22
    13
    22
    10
    11
    15
    9
    13
    10
    14
    10
    12
    12
    10
    16
    11
    15
    7
    10
    8
    6
    9
    8
    7
    8
    6
    13
    12
    8
    13
    5
    11
    410
    412
    335
    288
    292
    233
    220
    207
    186
    191
    192
    146
    158
    156
    126
    126
    119
    117
    127
    91
    110
    97
    73
    97
    87
    74
    83
    80
    57
    65
    64
    59
    48
    67
    49
    53
    58
    56
    52
    48
    43
    43
    45
    32
    35
    31
    32
    27
    31
    39
    31
    35
    22
    38
    28
    28
    20
    21
    28
    10
    23
    30
    17
    23
    23
    27
    20
    14
    16
    18
    16
    12
    19
    10
    13
    13
    11
    12
    9
    9
    11
    11
    10
    6
    11
    10
    9
    11
    9
    10
    15
    6
    6
    7
    9
    6
    6
    6
    8
    7
    401
    345
    310
    279
    244
    247
    223
    213
    219
    199
    153
    163
    147
    143
    120
    138
    116
    131
    107
    116
    85
    81
    114
    75
    92
    82
    92
    95
    59
    79
    68
    58
    64
    48
    75
    53
    57
    54
    56
    50
    40
    55
    46
    54
    39
    40
    30
    23
    36
    32
    31
    30
    35
    24
    32
    20
    32
    30
    21
    32
    25
    30
    15
    24
    25
    18
    14
    17
    14
    11
    13
    16
    18
    14
    16
    19
    13
    18
    10
    13
    6
    10
    9
    15
    10
    10
    8
    9
    8
    9
    14
    18
    9
    9
    12
    16
    7
    6
    9
    5
    437
    341
    319
    292
    294
    218
    215
    183
    226
    205
    184
    169
    136
    123
    144
    135
    124
    102
    97
    104
    102
    110
    83
    87
    67
    89
    79
    73
    69
    78
    71
    63
    72
    68
    50
    59
    55
    61
    57
    47
    40
    48
    43
    46
    41
    36
    32
    31
    41
    31
    31
    26
    29
    22
    29
    34
    24
    25
    24
    19
    15
    25
    10
    20
    12
    13
    13
    24
    8
    19
    22
    19
    18
    12
    15
    18
    14
    11
    19
    15
    9
    11
    18
    18
    9
    9
    14
    4
    4
    7
    7
    12
    13
    6
    6
    2
    6
    8
    3
    6
    403
    393
    315
    283
    288
    247
    235
    180
    179
    205
    162
    164
    178
    159
    144
    108
    133
    94
    112
    110
    86
    110
    99
    86
    88
    70
    90
    68
    66
    81
    61
    51
    49
    65
    50
    46
    60
    51
    51
    38
    51
    40
    34
    41
    39
    38
    38
    53
    35
    21
    30
    29
    25
    35
    26
    28
    36
    32
    26
    25
    25
    25
    28
    18
    24
    23
    21
    11
    14
    17
    12
    14
    18
    8
    21
    9
    14
    13
    12
    11
    10
    14
    14
    15
    17
    14
    10
    11
    10
    13
    19
    12
    10
    6
    10
    9
    8
    2
    9
    2
    430
    401
    289
    289
    274
    245
    230
    209
    193
    170
    159
    195
    167
    146
    140
    129
    124
    111
    120
    95
    109
    95
    99
    104
    89
    76
    79
    85
    90
    72
    70
    62
    50
    39
    55
    56
    43
    49
    50
    40
    45
    45
    34
    49
    39
    36
    31
    34
    26
    35
    22
    27
    31
    27
    28
    23
    30
    27
    20
    16
    26
    26
    16
    23
    22
    14
    17
    16
    16
    23
    15
    12
    12
    9
    14
    11
    11
    17
    11
    12
    13
    13
    15
    15
    12
    9
    11
    14
    17
    9
    8
    8
    7
    4
    10
    5
    5
    7
    7
    9
    421
    391
    310
    282
    250
    233
    226
    210
    212
    154
    182
    180
    151
    160
    124
    134
    125
    122
    113
    137
    113
    86
    105
    91
    94
    91
    81
    66
    77
    74
    61
    51
    65
    49
    59
    58
    50
    47
    43
    38
    34
    37
    44
    47
    29
    25
    32
    39
    25
    33
    27
    33
    28
    24
    31
    18
    23
    25
    17
    24
    21
    23
    21
    20
    20
    23
    21
    20
    12
    16
    20
    16
    15
    10
    14
    15
    15
    11
    10
    10
    15
    11
    10
    18
    11
    10
    14
    12
    9
    10
    9
    8
    6
    10
    14
    9
    12
    9
    6
    7
    415
    354
    304
    270
    232
    221
    282
    192
    170
    195
    158
    175
    153
    141
    121
    128
    120
    122
    114
    93
    102
    109
    110
    98
    67
    98
    94
    65
    75
    77
    70
    45
    68
    59
    51
    55
    41
    42
    52
    44
    47
    46
    46
    36
    31
    35
    38
    33
    32
    24
    28
    36
    25
    25
    21
    29
    21
    15
    26
    30
    17
    26
    22
    20
    16
    21
    19
    23
    14
    10
    12
    7
    19
    15
    13
    17
    12
    8
    14
    13
    11
    14
    10
    14
    7
    8
    8
    12
    7
    8
    7
    8
    17
    9
    7
    2
    7
    9
    6
    7
    403
    358
    326
    294
    307
    227
    198
    215
    199
    206
    172
    161
    152
    144
    135
    118
    143
    133
    115
    95
    104
    85
    117
    105
    86
    88
    80
    77
    69
    47
    61
    71
    59
    39
    50
    49
    51
    57
    42
    43
    49
    46
    46
    46
    35
    33
    38
    46
    24
    20
    38
    18
    23
    27
    26
    22
    13
    25
    23
    21
    20
    17
    21
    19
    14
    19
    14
    10
    16
    25
    13
    12
    17
    18
    12
    10
    8
    14
    7
    17
    14
    14
    7
    12
    14
    11
    9
    13
    12
    10
    3
    10
    9
    9
    5
    5
    2
    5
    6
    4
    423
    361
    312
    303
    275
    249
    225
    199
    216
    171
    191
    166
    131
    173
    142
    150
    138
    115
    111
    108
    88
    98
    80
    92
    102
    98
    78
    87
    84
    68
    70
    72
    52
    53
    65
    67
    44
    41
    50
    52
    41
    31
    37
    38
    42
    36
    38
    27
    28
    47
    38
    32
    22
    26
    24
    23
    26
    29
    33
    24
    22
    26
    28
    18
    16
    15
    17
    15
    12
    10
    15
    19
    15
    17
    12
    10
    13
    10
    19
    18
    9
    15
    11
    15
    13
    10
    14
    5
    19
    6
    10
    10
    8
    7
    10
    4
    13
    5
    6
    10
    433
    339
    304
    313
    284
    275
    217
    196
    182
    199
    169
    182
    169
    139
    128
    135
    117
    110
    98
    106
    113
    86
    90
    93
    83
    86
    87
    74
    69
    73
    72
    67
    62
    51
    46
    46
    46
    63
    47
    50
    44
    54
    34
    46
    39
    31
    28
    29
    31
    42
    27
    32
    20
    31
    28
    26
    27
    28
    22
    26
    17
    16
    24
    24
    11
    16
    18
    16
    18
    17
    10
    16
    14
    12
    14
    19
    19
    13
    10
    11
    17
    10
    11
    14
    16
    16
    12
    14
    11
    13
    10
    11
    7
    10
    6
    9
    8
    5
    6
    6
    384
    347
    290
    270
    249
    247
    241
    213
    188
    181
    172
    163
    143
    133
    156
    135
    123
    110
    130
    113
    104
    90
    105
    74
    80
    79
    82
    82
    68
    75
    62
    57
    57
    59
    71
    67
    44
    44
    45
    41
    37
    38
    36
    45
    39
    34
    39
    22
    31
    32
    28
    27
    33
    28
    17
    22
    33
    30
    30
    28
    33
    28
    24
    15
    16
    18
    18
    23
    26
    24
    9
    15
    14
    17
    8
    18
    14
    10
    8
    10
    12
    12
    8
    15
    17
    11
    12
    12
    8
    7
    13
    14
    7
    4
    11
    9
    7
    9
    8
    8
    398
    352
    312
    296
    250
    251
    234
    194
    195
    187
    155
    177
    162
    144
    146
    142
    138
    112
    118
    108
    128
    92
    101
    88
    92
    78
    85
    69
    79
    64
    65
    64
    50
    55
    52
    34
    51
    50
    45
    45
    41
    49
    42
    58
    33
    31
    30
    36
    40
    36
    31
    34
    31
    35
    32
    28
    19
    27
    27
    26
    27
    25
    24
    14
    21
    21
    21
    17
    13
    15
    22
    21
    11
    4
    17
    11
    11
    10
    13
    9
    12
    11
    14
    10
    13
    4
    11
    7
    8
    6
    9
    11
    6
    8
    9
    8
    8
    11
    7
    9
    413
    397
    347
    280
    257
    235
    211
    222
    172
    209
    160
    165
    148
    135
    133
    147
    113
    110
    118
    104
    89
    88
    70
    90
    80
    85
    62
    88
    72
    59
    75
    50
    52
    59
    62
    46
    40
    42
    43
    62
    41
    33
    39
    33
    35
    36
    41
    33
    26
    27
    37
    31
    24
    32
    23
    20
    17
    27
    29
    18
    22
    27
    22
    15
    19
    15
    20
    12
    22
    18
    20
    16
    15
    14
    11
    8
    18
    15
    12
    6
    9
    7
    15
    11
    19
    10
    9
    18
    13
    13
    10
    12
    3
    8
    4
    13
    10
    8
    6
    10
    418
    370
    332
    297
    240
    229
    205
    192
    202
    178
    176
    163
    157
    135
    151
    147
    146
    122
    107
    113
    108
    104
    105
    97
    88
    75
    81
    77
    72
    70
    65
    66
    62
    58
    51
    65
    49
    46
    45
    44
    38
    35
    46
    48
    37
    31
    38
    28
    39
    34
    30
    30
    21
    30
    25
    34
    28
    31
    31
    20
    21
    29
    26
    14
    9
    17
    21
    14
    16
    22
    11
    18
    11
    13
    13
    11
    10
    9
    15
    13
    13
    12
    14
    7
    8
    10
    13
    10
    10
    8
    3
    7
    6
    10
    12
    8
    6
    5
    4
    7

Data:
    0
    0
    0
    0
    0
    0
    0
    0
    0
    0
    0
    0
    0
    0
    0
    0
    0
    0
    0
    0
    0
    0
    0
    0
    0
    0
    0
    0
    0
    0
    0
    0
    0
    0
    0
    0
    0
    0
    0
    0
    0
    0
    0
    0
    0
    0
    0
    0
    0
    0
    0
    0
    0
    0
    0
    0
    0
    0
    0
    0
    0
    0
    0
    0
    0
    0
    0
    0
    0
    0
    0
    0
    0
    0
    0
    0
    0
    0
    0
    0
    0
    0
    0
    0
    0
    0
    0
    0
    0
    0
    0
    0
    0
    0
    0
    0
    0
    0
    0
    0
    0
    0
    0
    0
    0
    0
    0
    0
    0
    0
    0
    0
    0
    0
    0
    0
    0
    0
    0
    0
    0
    0
    0
    0
    0
    0
    0
    0
    0
    0
    0
    0
    0
    0
    0
    0
    0
    0
    0
    0
    0
    0
    0
    0
    0
    0
    0
    0
    0
    0
    0
    0
    0
    0
    0
    0
    0
    0
    0
    0
    0
    0
    0
    0
    0
    0
    0
    0
    0
    0
    0
    0
    0
    0
    0
    0
    0
    0
    0
    0
    0
    0
    0
    0
    0
    0
    0
    0
    0
    0
    0
    0
    0
    0
    0
    0
    0
    0
    0
    0
    0
    0
    0
    0
    0
    0
    0
    0
    0
    0
    0
    0
    0
    0
    0
    0
    0
    0
    0
    0
    0
    0
    0
    0
    0
    0
    0
    0
    0
    0
    0
    0
    0
    0
    0
    0
    0
    0
    0
    0
    0
    0
    0
    0
    0
    0
    0
    0
    0
    0
    0
    0
    0
    0
    0
    0
    0
    0
    0
    0
    0
    0
    0
    0
    0
    0
    0
    0
    0
    0
    0
    0
    0
    0
    0
    0
    0
    0
    0
    0
    0
    0
    0
    0
    0
    0
    0
    0
    0
    0
    0
    0
    0
    0
    0
    0
    0
    0
    0
    0
    0
    0
    0
    0
    0
    0
    0
    0
    0
    0
    0
    0
    0
    0
    0
    0
    0
    0
    0
    0
    0
    0
    0
    0
    0
    0
    0
    0
    0
    0
    0
    0
    0
    0
    0
    0
    0
    0
    0
    0
    0
    0
    0
    0
    0
    0
    0
    0
    0
    0
    0
    0
    0
    0
    0
    0
    0
    0
    0
    0
    0
    0
    0
    0
    0
    0
    0
    0
    0
    0
    0
    0
    0
    0
    0
    0
    0
    0
    0
    0
    0
    0
    0
    0
    0
    0
    0
    0
    0
    0
    0
    0
    0
    0
    0
    0
    0
    0
    0
    0
    0
    0
    0
    0
    0
    0
    0
    0
    0
    0
    0
    0
    0
    0
    0
    0
    0
    0
    0
    0
    0
    0
    0
    0
    0
    0
    0
    0
    0
    0
    0
    0
    0
    0
    0
    0
    0
    0
    0
    0
    0
    0
    0
    0
    0
    0
    0
    0
    0
    0
    0
    0
    0
    0
    0
    0
    0
    0
    0
    0
    0
    0
    0
    0
    0
    0
    0
    0
    0
    0
    0
    0
    0
    0
    0
    0
    0
    0
    0
    0
    0
    0
    0
    0
    0
    0
    0
    0
    0
    0
    0
    0
    0
    0
    0
    0
    0
    0
    0
    0
    0
    0
    0
    0
    0
    0
    0
    0
    0
    0
    0
    0
    0
    0
    0
    0
    0
    0
    0
    0
    0
    0
    0
    0
    0
    0
    0
    0
    0
    0
    0
    0
    0
    0
    0
    0
    0
    0
    0
    0
    0
    0
    0
    0
    0
    0
    0
    0
    0
    0
    0
    0
    0
    0
    0
    0
    0
    0
    0
    0
    0
    0
    0
    0
    0
    0
    0
    0
    0
    0
    0
    0
    0
    0
    0
    0
    0
    0
    0
    0
    0
    0
    0
    0
    0
    0
    0
    0
    0
    0
    0
    0
    0
    0
    0
    0
    0
    0
    0
    0
    0
    0
    0
    0
    0
    0
    0
    0
    0
    0
    0
    0
    0
    0
    0
    0
    0
    0
    0
    0
    0
    0
    0
    0
    0
    0
    0
    0
    0
    0
    0
    0
    0
    0
    0
    0
    0
    0
    0
    0
    0
    0
    0
    0
    0
    0
    0
    0
    0
    0
    0
    0
    0
    0
    0
    0
    0
    0
    0
    0
    0
    0
    0
    0
    0
    0
    0
    0
    0
    0
    0
    0
    0
    0
    0
    0
    0
    0
    0
    0
    0
    0
    0
    0
    0
    0
    0
    0
    0
    0
    0
    0
    0
    0
    0
    0
    0
    0
    0
    0
    0
    0
    0
    0
    0
    0
    0
    0
    0
    0
    0
    0
    0
    0
    0
    0
    0
    0
    0
    0
    0
    0
    0
    0
    0
    0
    0
    0
    0
    0
    0
    0
    0
    0
    0
    0
    0
    0
    0
    0
    0
    0
    0
    0
    0
    0
    0
    0
    0
    0
    0
    0
    0
    0
    0
    0
    0
    0
    0
    0
    0
    0
    0
    0
    0
    0
    0
    0
    0
    0
    0
    0
    0
    0
    0
    0
    0
    0
    0
    0
    0
    0
    0
    0
    0
    0
    0
    0
    0
    0
    0
    0
    0
    0
    0
    0
    0
    0
    0
    0
    0
    0
    0
    0
    0
    0
    0
    0
    0
    0
    0
    0
    0
    0
    0
    0
    0
    0
    0
    0
    0
    0
    0
    0
    0
    0
    0
    0
    0
    0
    0
    0
    0
    0
    0
    0
    0
    0
    0
    0
    0
    0
    0
    0
    0
    0
    0
    0
    0
    0
    0
    0
    0
    0
    0
    0
    0
    0
    0
    0
    0
    0
    0
    0
    0
    0
    0
    0
    0
    0
    0
    0
    0
    0
    0
    0
    0
    0
    0
    0
    0
    0
    0
    0
    0
    0
    0
    0
    0
    0
    0
    0
    0
    0
    0
    0
    0
    0
    0
    0
    0
    0
    0
    0
    0
    0
    0
    0
    0
    0
    0
    0
    0
    0
    0
    0
    0
    0
    0
    0
    0
    0
    0
    0
    0
    0
    0
    0
    0
    0
    0
    0
    0
    0
    0
    0
    0
    0
    0
    0
    0
    0
    0
    0
    0
    0
    0
    0
    0
    0
    0
    0
    0
    0
    0
    0
    0
    0
    0
    0
    0
    0
    0
    0
    0
    0
    0
    0
    0
    0
    0
    0
    0
    0
    0
    0
    0
    0
    0
    0
    0
    0
    0
    0
    0
    0
    0
    0
    0
    0
    0
    0
    0
    0
    0
    0
    0
    0
    0
    0
    0
    0
    0
    0
    0
    0
    0
    0
    0
    0
    0
    0
    0
    0
    0
    0
    0
    0
    0
    0
    0
    0
    0
    0
    0
    0
    0
    0
    0
    0
    0
    0
    0
    0
    0
    0
    0
    0
    0
    0
    0
    0
    0
    0
    0
    0
    0
    0
    0
    0
    0
    0
    0
    0
    0
    0
    0
    0
    0
    0
    0
    0
    0
    0
    0
    0
    0
    0
    0
    0
    0
    0
    0
    0
    0
    0
    0
    0
    0
    0
    0
    0
    0
    0
    0
    0
    0
    0
    0
    0
    0
    0
    0
    0
    0
    0
    0
    0
    0
    0
    0
    0
    0
    0
    0
    0
    0
    0
    0
    0
    0
    0
    0
    0
    0
    0
    0
    0
    0
    0
    0
    0
    0
    0
    0
    0
    0
    0
    0
    0
    0
    0
    0
    0
    0
    0
    0
    0
    0
    0
    0
    0
    0
    0
    0
    0
    0
    0
    0
    0
    0
    0
    0
    0
    0
    0
    0
    0
    0
    0
    0
    0
    0
    0
    0
    0
    0
    0
    0
    0
    0
    0
    0
    0
    0
    0
    0
    0
    0
    0
    0
    0
    0
    0
    0
    0
    0
    0
    0
    0
    0
    0
    0
    0
    0
    0
    0
    0
    0
    0
    0
    0
    0
    0
    0
    0
    0
    0
    0
    0
    0
    0
    0
    0
    0
    0
    0
    0
    0
    0
    0
    0
    0
    0
    0
    0
    0
    0
    0
    0
    0
    0
    0
    0
    0
    0
    0
    0
    0
    0
    0
    0
    0
    0
    0
    0
    0
    0
    0
    0
    0
    0
    0
    0
    0
    0
    0
    0
    0
    0
    0
    0
    0
    0
    0
    0
    0
    0
    0
    0
    0
    0
    0
    0
    0
    0
    0
    0
    0
    0
    0
    0
    0
    0
    0
    0
    0
    0
    0
    0
    0
    0
    0
    0
    0
    0
    0
    0
    0
    0
    0
    0
    0
    0
    0
    0
    0
    0
    0
    0
    0
    0
    0
    0
    0
    0
    0
    0
    0
    0
    0
    0
    0
    0
    0
    0
    0
    0
    0
    0
    0
    0
    0
    0
    0
    0
    0
    0
    0
    0
    0
    0
    0
    0
    0
    0
    0
    0
    0
    0
    0
    0
    0
    0
    0
    0
    0
    0
    0
    0
    0
    0
    0
    0
    0
    0
    0
    0
    0
    0
    0
    0
    0
    0
    0
    0
    0
    0
    0
    0
    0
    0
    0
    0
    0
    0
    0
    0
    0
    0
    0
    0
    0
    0
    0
    0
    0
    0
    0
    0
    0
    0
    0
    0
    0
    0
    0
    0
    0
    0
    0
    0
    0
    0
    0
    0
    0
    0
    0
    0
    0
    0
    0
    0
    0
    0
    0
    0
    0
    0
    0
    0
    0
    0
    0
    0
    0
    0
    0
    0
    0
    0
    0
    0
    0
    0
    0
    0
    0
    0
    0
    0
    0
    0
    0
    0
    0
    0
    0
    0
    0
    0
    0
    0
    0
    0
    0
    0
    0
    0
    0
    0
    0
    0
    0
    0
    0
    0
    0
    0
    0
    0
    0
    0
    0
    0
    0
    0
    0
    0
    0
    0
    0
    0
    0
    0
    0
    0
    0
    0
    0
    0
    0
    0
    0
    0
    0
    0
    0
    0
    0
    0
    0
    0
    0
    0
    0
    0
    0
    0
    0
    0
    0
    0
    0
    0
    0
    0
    0
    0
    0
    0
    0
    0
    0
    0
    0
    0
    0
    0
    0
    0
    0
    0
    0
    0
    0
    0
    0
    0
    0
    0
    0
    0
    0
    0
    0
    0
    0
    0
    0
    0
    0
    0
    0
    0
    0
    0
    0
    0
    0
    0
    0
    0
    0
    0
    0
    0
    0
    0
    0
    0
    0
    0
    0
    0
    0
    0
    0
    0
    0
    0
    0
    0
    0
    0
    0
    0
    0
    0
    0
    0
    0
    0
    0
    0
    0
    0
    0
    0
    0
    0
    0
    0
    0
    0
    0
    0
    0
    0
    0
    0
    0
    0
    0
    0
    0
    0
    0
    0
    0
    0
    0
    0
    0
    0
    0
    0
    0
    0
    0
    0
    0
    0
    0
    0
    0
    0
    0
    0
    0
    0
    0
    0
    0
    0
    0
    0
    0
    0
    0
    0
    0
    0
    0
    0
    0
    0
    0
    0
    0
    0
    0
    0
    0
    0
    0
    0
    0
    0
    0
    0
    0
    0
    0
    0
    0
    0
    0
    0
    0
    0
    0
    0
    0
    0
    0
    0
    0
    0
    0
    0
    0
    0
    0
    0
    0
    0
    0
    0
    0
    0
    0
    0
    0
    0
    0
    0
    0
    0
    0
    0
    0
    0
    0
    0
    0
    0
    0
    0
    0
    0
    0
    0
    0
    0
    0
    0
    0
    0
    0
    0
    0
    0
    0
    0
    0
    0
    0
    0
    0
    0
    0
    0
    0
    0
    0
    0
    0
    0
    0
    0
    0
    0
    0
    0
    0
    0
    0
    0
    0
    0
    0
    0
    0
    0
    0
    0
    0
    0
    0
    0
    0
    0
    0
    0
    0
    0
    0
    0
    0
    0
    0
    0
    0
    0
    0
    0
    0
    0
    0
    0
    0
    0
    0
    0
    0
    0
    0
    0
    0
    0
    0
    0
    0
    0
    0
    0
    0
    0
    0
    0
    0
    0
    0
    0
    0
    0
    0
    0
    0
    0
    0
    0
    0
    0
    0
    0
    0
    0
    0
    0
    0
    0
    0
    0
    0
    0
    0
    0
    0
    0
    0
    0
    0
    0
    0
    0
    0
    0
    0
    0
    0
    0
    0
    0
    0
    0
    0
    0
    0
    0
    0
    0
    0
    0
    0
    0
    0
    0
    0
    0
    0
    0
    0
    0
    0
    0
    0
    0
    0
    0
    0
    0
    0
    0
    0
    0
    0
    0
    0
    0
    0
    0
    0
    0
    0
    0
    0
    0
    0
    0
    0
    0
    0
    0
    0
    0
    0
    0
    0
    0
    0
    0
    0
    0
    0
    0
    0
    0
    0
    0
    0
    0
    0
    0
    0
    0
    0
    0
    0
    0
    0
    0
    0
    0
    0
    0
    0
    0
    0
    0
    0
    0
    0
    0
    0
    0
    0
    0
    0
    0
    0
    0
    0
    0
    0
    0
    0
    0
    0
    0
    0
    0
    0
    0
    0
    0
    0
    0
    0
    0
    0
    0
    0
    0
    0
    0
    0
    0
    0
    0
    0
    0
    0
    0
    0
    0
    0
    0
    0
    0
    0
    0
    0
    0
    0
    0
    0
    0
    0
    0
    0
    0
    0
    0
    0
    0
    0
    0
    0
    0
    0
    0
    0
    0
    0
    0
    0
    0
    0
    0
    0
    0
    0
    0
    0
    0
    0
    0
    0
    0
    0
    0
    0
    0
    0
    0
    0
    0
    0
    0
    0
    0
    0
    0
    0
    0
    0
    0
    0
    0
    0
    0
    0
    0
    0
    0
    0
    0
    0
    0
    0
    0
    0
    0
    0
    0
    0
    0
    0
    0
    0
    0
    0
    0
    0
    0
    0
    0
    0
    0
    0
    0
    0
    0
    0
    0
    0
    0
    0
    0
    0
    0
    0
    0
    0
    0
    0
    0
    0
    0
    0
    0
    0
    0
    0
    0
    0
    0
    0
    0
    0
    0
    0
    0
    0
    0
    0
    0
    0
    0
    0
    0
    0
    0
    0
    0
    0
    0
    0
    0
    0
    0
    0
    0
    0
    0
    0
    0
    0
    0
    0
    0
    0
    0
    0
    0
    0
    0
    0
    0
    0
    0
    0
    0
    0
    0
    0
    0
    0
    0
    0
    0
    0
    0
    0
    0
    0
    0
    0
    0
    0
    0
    0
    0
    0
    0
    0
    0
    0
    0
    0
    0
    0
    0
    0
    0
    0
    0
    0
    0
    0
    0
    0
    0
    0
    0
    0
    0
    0
    0
    0
    0
    0
    0
    0
    0
    0
    0
    0
    0
    0
    0
    0
    0
    0
    0
    0
    0
    0
    0
    0
    0
    0
    0
    0
    0
    0
    0
    0
    0
    0
    0
    0
    0
    0
    0
    0
    0
    0
    0
    0
    0
    0
    0
    0
    0
    0
    0
    0
    0
    0
    0
    0
    0
    0
    0
    0
    0
    0
    0
    0
    0
    0
    0
    0
    0
    0
    0
    0
    0
    0
    0
    0
    0
    0
    0
    0
    0
    0
    0
    0
    0
    0
    0
    0
    0
    0
    0
    0
    0
    0
    0
    0
    0
    0
    0
    0
    0
    0
    0
    0
    0
    0
    0
    0
    0
    0
    0
    0
    0
    0
    0
    0
    0
    0
    0
    0
    0
    0
    0
    0
    0
    0
    0
    0
    0
    0
    0
    0
    0
    0
    0
    0
    0
    0
    0
    0
    0
    0
    0
    0
    0
    0
    0
    0
    0
    0
    0
    0
    0
    0
    0
    0
    0
    0
    0
    0
    0
    0
    0
    0
    0
    0
    0
    0
    0
    0
    0
    0
    0
    0
    0
    0
    0
    0
    0
    0
    0
    0
    0
    0
    0
    0
    0
    0
    0
    0
    0
    0
    0
    0
    0
    0
    0
    0
    0
    0
    0
    0
    0
    0
    0
    0
    0
    0
    0
    0
    0
    0
    0
    0
    0
    0
    0
    0
    0
    0
    0
    0
    0
    0
    0
    0
    0
    0
    0
    0
    0
    0
    0
    0
    0
    0
    0
    0
    0
    0
    0
    0
    0
    0
    0
    0
    0
    0
    0
    0
    0
    0
    0
    0
    0
    0
    0
    0
    0
    0
    0
    0
    0
    0
    0
    0
    0
    0
    0
    0
    0
    0
    0
    0
    0
    0
    0
    0
    0
    0
    0
    0
    0
    0
    0
    0
    0
    0
    0
    0
    0
    0
    0
    0
    0
    0
    0
    0
    0
    0
    0
    0
    0
    0
    0
    0
    0
    0
    0
    0
    0
    0
    0
    0
    0
    0
    0
    0
    0
    0
    0
    0
    0
    0
    0
    0
    0
    0
    0
    0
    0
    0
    0
    0
    0
    0
    0
    0
    0
    0
    0
    0
    0
    0
    0
    0
    0
    0
    0
    0
    0
    0
    0
    0
    0
    0
    0
    0
    0
    0
    0
    0
    0
    0
    0
    0
    0
    0
    0
    0
    0
    0
    0
    0
    0
    0
    0
    0
    0
    0
    0
    0
    0
    0
    0
    0
    0
    0
    0
    0
    0
    0
    0
    0
    0
    0
    0
    0
    0
    0
    0
    0
    0
    0
    0
    0
    0
    0
    0
    0
    0
    0
    0
    0
    0
    0
    0
    0
    0
    0
    0
    0
    0
    0
    0
    0
    0
    0
    0
    0
    0
    0
    0
    0
    0
    0
    0
    0
    0
    0
    0
    0
    0
    0
    0
    0
    0
    0
    0
    0
    0
    0
    0
    0
    0
    0
    0
    0
    0
    0
    0
    0
    0
    0
    0
    0
    0
    0
    0
    0
    0
    0
    0
    0
    0
    0
    0
    0
    0
    0
    0
    0
    0
    0
    0
    0
    0
    0
    0
    0
    0
    0
    0
    0
    0
    0
    0
    0
    0
    0
    0
    0
    0
    0
    0
    0
    0
    0
    0
    0
    0
    0
    0
    0
    0
    0
    0
    0
    0
    0
    0
    0
    0
    0
    0
    0
    0
    0
    0
    0
    0
    0
    0
    0
    0
    0
    0
    0
    0
    0
    0
    0
    0
    0
    0
    0
    0
    0
    0
    0
    0
    0
    0
    0
    0
    0
    0
    0
    0
    0
    0
    0
    0
    0
    0
    0
    0
    0
    0
    0
    0
    0
    0
    0
    0
    0
    0
    0
    0
    0
    0
    0
    0
    0
    0
    0
    0
    0
    0
    0
    0
    0
    0
    0
    0
    0
    0
    0
    0
    0
    0
    0
    0
    0
    0
    0
    0
    0
    0
    0
    0
    0
    0
    0
    0
    0
    0
    0
    0
    0
    0
    0
    0
    0
    0
    0
    0
    0
    0
    0
    0
    0
    0
    0
    0
    0
    0
    0
    0
    0
    0
    0
    0
    0
    0
    0
    0
    0
    0
    0
    0
    0
    0
    0
    0
    0
    0
    0
    0
    0
    0
    0
    0
    0
    0
    0
    0
    0
    0
    0
    0
    0
    0
    0
    0
    0
    0
    0
    0
    0
    0
    0
    0
    0
    0
    0
    0
    0
    0
    0
    0
    0
    0
    0
    0
    0
    0
    0
    0
    0
    0
    0
    0
    0
    0
    0
    0
    0
    0
    0
    0
    0
    0
    0
    0
    0
    0
    0
    0
    0
    0
    0
    0
    0
    0
    0
    0
    0
    0
    0
    0
    0
    0
    0
    0
    0
    0
    0
    0
    0
    0
    0
    0
    0
    0
    0
    0
    0
    0
    0
    0
    0
    0
    0
    0
    0
    0
    0
    0
    0
    0
    0
    0
    0
    0
    0
    0
    0
    0
    0
    0
    0
    0
    0
    0
    0
    0
    0
    0
    0
    0
    0
    0
    0
    0
    0
    0
    0
    0
    0
    0
    0
    0
    0
    0
    0
    0
    0
    0
    0
    0
    0
    0
    0
    0
    0
    0
    0
    0
    0
    0
    0
    0
    0
    0
    0
    0
    0
    0
    0
    0
    0
    0
    0
    0
    0
    0
    0
    0
    0
    0
    0
    0
    0
    0
    0
    0
    0
    0
    0
    0
    0
    0
    0
    0
    0
    0
    0
    0
    0
    0
    0
    0
    0
    0
    0
    0
    0
    0
    0
    0
    0
    0
    0
    0
    0
    0
    0
    0
    0
    0
    0
    0
    0
    0
    0
    0
    0
    0
    0
    0
    0
    0
    0
    0
    0
    0
    0
    0
    0
    0
    0
    0
    0
    0
    0
    0
    0
    0
    0
    0
    0
    0
    0
    0
    0
    0
    0
    0
    0
    0
    0
    0
    0
    0
    0
    0
    0
    0
    0
    0
    0
    0
    0
    0
    0
    0
    0
    0
    0
    0
    0
    0
    0
    0
    0
    0
    0
    0
    0
    0
    0
    0
    0
    0
    0
    0
    0
    0
    0
    0
    0
    0
    0
    0
    0
    0
    0
    0
    0
    0
    0
    0
    0
    0
    0
    0
    0
    0
    0
    0
    0
    0
    0
    0
    0
    0
    0
    0
    0
    0
    0
    0
    0
    0
    0
    0
    0
    0
    0
    0
    0
    0
    0
    0
    0
    0
    0
    0
    0
    0
    0
    0
    0
    0
    0
    0
    0
    0
    0
    0
    0
    0
    0
    0
    0
    0
    0
    0
    0
    0
    0
    0
    0
    0
    0
    0
    0
    0
    0
    0
    0
    0
    0
    0
    0
    0
    0
    0
    0
    0
    0
    0
    0
    0
    0
    0
    0
    0
    0
    0
    0
    0
    0
    0
    0
    0
    0
    0
    0
    0
    0
    0
    0
    0
    0
    0
    0
    0
    0
    0
    0
    0
    0
    0
    0
    0
    0
    0
    0
    0
    0
    0
    0
    0
    0
    0
    0
    0
    0
    0
    0
    0
    0
    0
    0
    0
    0
    0
    0
    0
    0
    0
    0
    0
    0
    0
    0
    0
    0
    0
    0
    0
    0
    0
    0
    0
    0
    0
    0
    0
    0
    0
    0
    0
    0
    0
    0
    0
    0
    0
    0
    0
    0
    0
    0
    0
    0
    0
    0
    0
    0
    0
    0
    0
    0
    0
    0
    0
    0
    0
    0
    0
    0
    0
    0
    0
    0
    0
    0
    0
    0
    0
    0
    0
    0
    0
    0
    0
    0
    0
    0
    0
    0
    0
    0
    0
    0
    0
    0
    0
    0
    0
    0
    0
    0
    0
    0
    0
    0
    0
    0
    0
    0
    0
    0
    0
    0
    0
    0
    0
    0
    0
    0
    0
    0
    0
    0
    0
    0
    0
    0
    0
    0
    0
    0
    0
    0
    0
    0
    0
    0
    0
    0
    0
    0
    0
    0
    0
    0
    0
    0
    0
    0
    0
    0
    0
    0
    0
    0
    0
    0
    0
    0
    0
    0
    0
    0
    0
    0
    0
    0
    0
    0
    0
    0
    0
    0
    0
    0
    0
    0
    0
    0
    0
    0
    0
    0
    0
    0
    0
    0
    0
    0
    0
    0
    0
    0
    0
    0
    0
    0
    0
    0
    0
    0
    0
    0
    0
    0
    0
    0
    0
    0
    0
    0
    0
    0
    0
    0
    0
    0
    0
    0
    0
    0
    0
    0
    0
    0
    0
    0
    0
    0
    0
    0
    0
    0
    0
    0
    0
    0
    0
    0
    0
    0
    0
    0
    0
    0
    0
    0
    0
    0
    0
    0
    0
    0
    0
    0
    0
    0
    0
    0
    0
    0
    0
    0
    0
    0
    0
    0
    0
    0
    0
    0
    0
    0
    0
    0
    0
    0
    0
    0
    0
    0
    0
    0
    0
    0
    0
    0
    0
    0
    0
    0
    0
    0
    0
    0
    0
    0
    0
    0
    0
    0
    0
    0
    0
    0
    0
    0
    0
    0
    0
    0
    0
    0
    0
    0
    0
    0
    0
    0
    0
    0
    0
    0
    0
    0
    0
    0
    0
    0
    0
    0
    0
    0
    0
    0
    0
    0
    0
    0
    0
    0
    0
    0
    0
    0
    0
    0
    0
    0
    0
    0
    0
    0
    0
    0
    0
    0
    0
    0
    0
    0
    0
    0
    0
    0
    0
    0
    0
    0
    0
    0
    0
    0
    0
    0
    0
    0
    0
    0
    0
    0
    0
    0
    0
    0
    0
    0
    0
    0
    0
    0
    0
    0
    0
    0
    0
    0
    0
    0
    0
    0
    0
    0
    0
    0
    0
    0
    0
    0
    0
    0
    0
    0
    0
    0
    0
    0
    0
    0
    0
    0
    0
    0
    0
    0
    0
    0
    0
    0
    0
    0
    0
    0
    0
    0
    0
    0
    0
    0
    0
    0
    0
    0
    0
    0
    0
    0
    0
    0
    0
    0
    0
    0
    0
    0
    0
    0
    0
    0
    0
    0
    0
    0
    0
    0
    0
    0
    0
    0
    0
    0
    0
    0
    0
    0
    0
    0
    0
    0
    0
    0
    0
    0
    0
    0
    0
    0
    0
    0
    0
    0
    0
    0
    0
    0
    0
    0
    0
    0
    0
    0
    0
    0
    0
    0
    0
    0
    0
    0
    0
    0
    0
    0
    0
    0
    0
    0
    0
    0
    0
    0
    0
    0
    0
    0
    0
    0
    0
    0
    0
    0
    0
    0
    0
    0
    0
    0
    0
    0
    0
    0
    0
    0
    0
    0
    0
    0
    0
    0
    0
    0
    0
    0
    0
    0
    0
    0
    0
    0
    0
    0
    0
    0
    0
    0
    0
    0
    0
    0
    0
    0
    0
    0
    0
    0
    0
    0
    0
    0
    0
    0
    0
    0
    0
    0
    0
    0
    0
    0
    0
    0
    0
    0
    0
    0
    0
    0
    0
    0
    0
    0
    0
    0
    0
    0
    0
    0
    0
    0
    0
    0
    0
    0
    0
    0
    0
    0
    0
    0
    0
    0
    0
    0
    0
    0
    0
    0
    0
    0
    0
    0
    0
    0
    0
    0
    0
    0
    0
    0
    0
    0
    0
    0
    0
    0
    0
    0
    0
    0
    0
    0
    0
    0
    0
    0
    0
    0
    0
    0
    0
    0
    0
    0
    0
    0
    0
    0
    0
    0
    0
    0
    0
    0
    0
    0
    0
    0
    0
    0
    0
    0
    0
    0
    0
    0
    0
    0
    0
    0
    0
    0
    0
    0
    0
    0
    0
    0
    0
    0
    0
    0
    0
    0
    0
    0
    0
    0
    0
    0
    0
    0
    0
    0
    0
    0
    0
    0
    0
    0
    0
    0
    0
    0
    0
    0
    0
    0
    0
    0
    0
    0
    0
    0
    0
    0
    0
    0
    0
    0
    0
    0
    0
    0
    0
    0
    0
    0
    0
    0
    0
    0
    0
    0
    0
    0
    0
    0
    0
    0
    0
    0
    0
    0
    0
    0
    0
    0
    0
    0
    0
    0
    0
    0
    0
    0
    0
    0
    0
    0
    0
    0
    0
    0
    0
    0
    0
    0
    0
    0
    0
    0
    0
    0
    0
    0
    0
    0
    0
    0
    0
    0
    0
    0
    0
    0
    0
    0
    0
    0
    0
    0
    0
    0
    0
    0
    0
    0
    0
    0
    0
    0
    0
    0
    0
    0
    0
    0
    0
    0
    0
    0
    0
    0
    0
    0
    0
    0
    0
    0
    0
    0
    0
    0
    0
    0
    0
    0
    0
    0
    0
    0
    0
    0
    0
    0
    0
    0
    0
    0
    0
    0
    0
    0
    0
    0
    0
    0
    0
    0
    0
    0
    0
    0
    0
    0
    0
    0
    0
    0
    0
    0
    0
    0
    0
    0
    0
    0
    0
    0
    0
    0
    0
    0
    0
    0
    0
    0
    0
    0
    0
    0
    0
    0
    0
    0
    0
    0
    0
    0
    0
    0
    0
    0
    0
    0
    0
    0
    0
    0
    0
    0
    0
    0
    0
    0
    0
    0
    0
    0
    0
    0
    0
    0
    0
    0
    0
    0
    0
    0
    0
    0
    0
    0
    0
    0
    0
    0
    0
    0
    0
    0
    0
    0
    0
    0
    0
    0
    0
    0
    0
    0
    0
    0
    0
    0
    0
    0
    0
    0
    0
    0
    0
    0
    0
    0
    0
    0
    0
    0
    0
    0
    0
    0
    0
    0
    0
    0
    0
    0
    0
    0
    0
    0
    0
    0
    0
    0
    0
    0
    0
    0
    0
    0
    0
    0
    0
    0
    0
    0
    0
    0
    0
    0
    0
    0
    0
    0
    0
    0
    0
    0
    0
    0
    0
    0
    0
    0
    0
    0
    0
    0
    0
    0
    0
    0
    0
    0
    0
    0
    0
    0
    0
    0
    0
    0
    0
    0
    0
    0
    0
    0
    0
    0
    0
    0
    0
    0
    0
    0
    0
    0
    0
    0
    0
    0
    0
    0
    0
    0
    0
    0
    0
    0
    0
    0
    0
    0
    0
    0
    0
    0
    0
    0
    0
    0
    0
    0
    0
    0
    0
    0
    0
    0
    0
    0
    0
    0
    0
    0
    0
    0
    0
    0
    0
    0
    0
    0
    0
    0
    0
    0
    0
    0
    0
    0
    0
    0
    0
    0
    0
    0
    0
    0
    0
    0
    0
    0
    0
    0
    0
    0
    0
    0
    0
    0
    0
    0
    0
    0
    0
    0
    0
    0
    0
    0
    0
    0
    0
    0
    0
    0
    0
    0
    0
    0
    0
    0
    0
    0
    0
    0
    0
    0
    0
    0
    0
    0
    0
    0
    0
    0
    0
    0
    0
    0
    0
    0
    0
    0
    0
    0
    0
    0
    0
    0
    0
    0
    0
    0
    0
    0
    0
    0
    0
    0
    0
    0
    0
    0
    0
    0
    0
    0
    0
    0
    0
    0
    0
    0
    0
    0
    0
    0
    0
    0
    0
    0
    0
    0
    0
    0
    0
    0
    0
    0
    0
    0
    0
    0
    0
    0
    0
    0
    0
    0
    0
    0
    0
    0
    0
    0
    0
    0
    0
    0
    0
    0
    0
    0
    0
    0
    0
    0
    0
    0
    0
    0
    0
    0
    0
    0
    0
    0
    0
    0
    0
    0
    0
    0
    0
    0
    0
    0
    0
    0
    0
    0
    0
    0
    0
    0
    0
    0
    0
    0
    0
    0
    0
    0
    0
    0
    0
    0
    0
    0
    0
    0
    0
    0
    0
    0
    0
    0
    0
    0
    0
    0
    0
    0
    0
    0
    0
    0
    0
    0
    0
    0
    0
    0
    0
    0
    0
    0
    0
    0
    0
    0
    0
    0
    0
    0
    0
    0
    0
    0
    0
    0
    0
    0
    0
    0
    0
    0
    0
    0
    0
    0
    0
    0
    0
    0
    0
    0
    0
    0
    0
    0
    0
    0
    0
    0
    0
    0
    0
    0
    0
    0
    0
    0
    0
    0
    0
    0
    0
    0
    0
    0
    0
    0
    0
    0
    0
    0
    0
    0
    0
    0
    0
    0
    0
    0
    0
    0
    0
    0
    0
    0
    0
    0
    0
    0
    0
    0
    0
    0
    0
    0
    0
    0
    0
    0
    0
    0
    0
    0
    0
    0
    0
    0
    0
    0
    0
    0
    0
    0
    0
    0
    0
    0
    0
    0
    0
    0
    0
    0
    0
    0
    0
    0
    0
    0
    0
    0
    0
    0
    0
    0
    0
    0
    0
    0
    0
    0
    0
    0
    0
    0
    0
    0
    0
    0
    0
    0
    0
    0
    0
    0
    0
    0
    0
    0
    0
    0
    0
    0
    0
    0
    0
    0
    0
    0
    0
    0
    0
    0
    0
    0
    0
    0
    0
    0
    0
    0
    0
    0
    0
    0
    0
    0
    0
    0
    0
    0
    0
    0
    0
    0
    0
    0
    0
    0
    0
    0
    0
    0
    0
    0
    0
    0
    0
    0
    0
    0
    0
    0
    0
    0
    0
    0
    0
    0
    0
    0
    0
    0
    0
    0
    0
    0
    0
    0
    0
    0
    0
    0
    0
    0
    0
    0
    0
    0
    0
    0
    0
    0
    0
    0
    0
    0
    0
    0
    0
    0
    0
    0
    0
    0
    0
    0
    0
    0
    0
    0
    0
    0
    0
    0
    0
    0
    0
    0
    0
    0
    0
    0
    0
    0
    0
    0
    0
    0
    0
    0
    0
    0
    0
    0
    0
    0
    0
    0
    0
    0
    0
    0
    0
    0
    0
    0
    0
    0
    0
    0
    0
    0
    0
    0
    0
    0
    0
    0
    0
    0
    0
    0
    0
    0
    0
    0
    0
    0
    0
    0
    0
    0
    0
    0
    0
    0
    0
    0
    0
    0
    0
    0
    0
    0
    0
    0
    0
    0
    0
    0
    0
    0
    0
    0
    0
    0
    0
    0
    0
    0
    0
    0
    0
    0
    0
    0
    0
    0
    0
    0
    0
    0
    0
    0
    0
    0
    0
    0
    0
    0
    0
    0
    0
    0
    0
    0
    0
    0
    0
    0
    0
    0
    0
    0
    0
    0
    0
    0
    0
    0
    0
    0
    0
