Project Info:
    ACQ Time: 2019- 9-24  11:21:59: 945 .
    Project: ltj左侧足三里右旁开（足三里涂红药水30min）
    Name: 
    Part:  
    Operator:  
    Desc.:  
    Sample Data Acquired.

ACQ Parameters:
    Excited Peroid(ms): 50
    Excited Time(ms): 10
    Acq Delay Time(us): 10
    Gate Time(ms): 20
    Count Num per gate: 100
    Repeat Times: 50
    Acq Gate Times: 1
    Interval per Gate(us): 100
    Channel Number: 2

Data:
    402
    371
    314
    266
    264
    221
    233
    196
    180
    167
    171
    159
    135
    131
    130
    116
    129
    107
    97
    111
    93
    91
    74
    80
    84
    79
    92
    60
    57
    62
    59
    40
    49
    57
    40
    50
    43
    30
    29
    47
    42
    55
    31
    34
    38
    36
    32
    37
    30
    26
    25
    25
    37
    27
    25
    23
    21
    8
    18
    18
    20
    15
    24
    28
    21
    13
    17
    13
    14
    11
    9
    9
    15
    11
    9
    24
    10
    6
    5
    11
    9
    10
    11
    15
    7
    14
    4
    6
    9
    5
    10
    6
    10
    6
    6
    3
    6
    5
    6
    5
    388
    387
    299
    268
    280
    232
    236
    211
    212
    152
    164
    137
    141
    145
    132
    126
    100
    111
    97
    127
    98
    75
    67
    76
    83
    72
    79
    65
    60
    63
    55
    60
    57
    51
    50
    46
    55
    41
    31
    33
    27
    40
    43
    38
    38
    27
    24
    25
    28
    22
    34
    17
    21
    28
    27
    19
    22
    18
    18
    17
    16
    10
    19
    16
    7
    13
    11
    12
    11
    21
    14
    13
    16
    16
    13
    13
    15
    11
    8
    10
    11
    11
    10
    7
    9
    12
    9
    7
    6
    4
    14
    13
    3
    5
    6
    6
    5
    6
    4
    9
    399
    379
    323
    267
    259
    227
    187
    203
    194
    174
    172
    179
    140
    137
    130
    112
    129
    114
    118
    93
    72
    99
    82
    82
    77
    73
    62
    60
    75
    48
    66
    61
    49
    54
    42
    56
    41
    40
    37
    50
    24
    32
    33
    36
    34
    39
    36
    41
    28
    34
    23
    18
    19
    22
    27
    28
    20
    11
    21
    13
    19
    25
    15
    17
    19
    20
    20
    23
    13
    18
    10
    11
    9
    19
    16
    13
    19
    12
    9
    13
    10
    6
    9
    11
    10
    7
    12
    10
    5
    11
    10
    5
    11
    7
    6
    6
    5
    6
    2
    9
    386
    378
    294
    256
    240
    243
    213
    187
    206
    178
    157
    141
    174
    126
    120
    127
    122
    119
    88
    104
    95
    80
    100
    83
    78
    68
    72
    72
    60
    61
    59
    56
    51
    61
    56
    48
    47
    44
    41
    39
    35
    33
    36
    36
    34
    38
    49
    29
    25
    19
    31
    24
    24
    19
    28
    30
    16
    29
    18
    19
    9
    19
    26
    16
    20
    12
    18
    15
    18
    9
    20
    13
    21
    16
    15
    13
    6
    13
    9
    14
    9
    12
    4
    9
    9
    9
    8
    7
    14
    3
    8
    3
    7
    7
    11
    5
    5
    5
    11
    6
    389
    374
    320
    307
    260
    234
    220
    203
    163
    183
    164
    174
    150
    159
    124
    105
    140
    129
    103
    118
    111
    82
    89
    84
    81
    84
    65
    72
    71
    73
    74
    54
    58
    53
    52
    59
    47
    41
    48
    47
    39
    54
    35
    27
    24
    25
    37
    28
    38
    25
    25
    38
    20
    28
    34
    16
    32
    30
    20
    23
    22
    19
    19
    15
    24
    18
    12
    16
    15
    19
    14
    18
    11
    13
    18
    19
    15
    10
    9
    9
    12
    11
    11
    9
    8
    9
    5
    12
    9
    13
    13
    11
    7
    6
    6
    4
    6
    11
    5
    7
    414
    341
    293
    262
    238
    230
    215
    201
    177
    163
    174
    146
    162
    137
    127
    128
    117
    110
    108
    95
    92
    104
    87
    79
    88
    66
    70
    77
    71
    64
    65
    60
    45
    50
    59
    52
    54
    48
    39
    35
    41
    39
    41
    32
    28
    35
    47
    39
    29
    24
    25
    27
    21
    28
    29
    26
    21
    24
    16
    23
    15
    14
    16
    23
    19
    12
    13
    14
    15
    11
    17
    10
    14
    14
    12
    21
    12
    17
    14
    9
    7
    8
    10
    9
    15
    7
    9
    7
    6
    8
    5
    8
    11
    9
    5
    11
    2
    10
    10
    5
    392
    355
    315
    278
    253
    256
    211
    231
    190
    179
    179
    151
    140
    150
    132
    127
    128
    95
    122
    88
    106
    96
    94
    102
    77
    63
    69
    79
    82
    58
    61
    60
    56
    54
    53
    34
    49
    55
    50
    37
    41
    40
    49
    33
    28
    24
    33
    37
    31
    31
    18
    30
    26
    24
    22
    21
    22
    19
    20
    16
    20
    17
    20
    24
    18
    17
    13
    20
    13
    14
    21
    19
    14
    8
    22
    4
    11
    11
    11
    12
    9
    11
    10
    8
    13
    6
    12
    7
    11
    9
    7
    5
    5
    8
    10
    7
    7
    6
    7
    7
    409
    364
    309
    275
    278
    232
    216
    196
    176
    206
    158
    151
    138
    137
    144
    125
    101
    109
    108
    95
    97
    90
    90
    87
    78
    72
    70
    80
    65
    52
    59
    41
    60
    57
    49
    49
    59
    42
    52
    38
    29
    53
    45
    40
    38
    26
    31
    28
    30
    36
    26
    17
    21
    28
    26
    16
    22
    16
    25
    25
    21
    21
    14
    21
    14
    18
    21
    23
    25
    14
    14
    17
    15
    21
    10
    15
    11
    12
    8
    9
    16
    16
    7
    12
    6
    9
    10
    8
    7
    4
    10
    7
    8
    10
    7
    7
    7
    6
    12
    11
    393
    357
    324
    253
    262
    224
    234
    185
    148
    161
    173
    167
    155
    140
    135
    142
    114
    103
    100
    94
    96
    95
    86
    90
    70
    70
    80
    67
    70
    60
    49
    63
    53
    56
    49
    58
    58
    48
    45
    37
    43
    38
    36
    22
    31
    37
    37
    41
    41
    26
    26
    25
    28
    23
    25
    29
    17
    22
    19
    20
    18
    20
    21
    16
    23
    22
    10
    16
    12
    15
    12
    14
    15
    12
    14
    15
    10
    11
    18
    9
    11
    16
    8
    8
    6
    11
    8
    13
    7
    10
    8
    9
    10
    8
    12
    3
    11
    4
    8
    4
    419
    353
    285
    278
    228
    245
    222
    218
    204
    175
    163
    154
    147
    141
    120
    105
    117
    101
    92
    109
    97
    94
    100
    92
    72
    87
    77
    76
    69
    74
    67
    61
    52
    51
    46
    50
    58
    62
    48
    51
    36
    35
    43
    31
    42
    31
    31
    34
    31
    22
    42
    26
    30
    25
    27
    25
    16
    27
    15
    17
    22
    21
    26
    21
    13
    22
    15
    12
    11
    18
    12
    15
    9
    15
    14
    9
    9
    11
    13
    12
    12
    10
    11
    10
    7
    9
    7
    7
    10
    13
    6
    8
    7
    7
    10
    11
    7
    12
    4
    4
    399
    353
    298
    267
    235
    212
    227
    212
    168
    169
    160
    160
    146
    154
    125
    137
    125
    117
    103
    113
    90
    98
    92
    78
    85
    60
    79
    63
    62
    50
    49
    60
    71
    51
    54
    45
    49
    59
    45
    36
    46
    26
    37
    25
    38
    34
    30
    33
    35
    20
    33
    19
    29
    25
    14
    31
    25
    27
    18
    23
    13
    23
    11
    15
    13
    18
    18
    21
    18
    16
    13
    14
    20
    20
    13
    20
    11
    9
    9
    11
    15
    12
    10
    10
    8
    9
    13
    12
    10
    9
    12
    3
    8
    9
    12
    9
    4
    7
    9
    6
    371
    350
    328
    270
    280
    251
    217
    216
    194
    193
    158
    168
    131
    149
    138
    121
    122
    104
    113
    94
    90
    96
    74
    66
    85
    79
    74
    81
    69
    69
    62
    57
    62
    52
    43
    42
    47
    30
    45
    43
    33
    27
    44
    37
    26
    39
    36
    31
    21
    37
    29
    29
    23
    34
    23
    31
    32
    28
    25
    26
    15
    19
    23
    13
    12
    24
    28
    19
    12
    17
    17
    10
    18
    8
    14
    16
    12
    10
    8
    8
    11
    10
    16
    12
    9
    9
    12
    7
    7
    7
    4
    13
    11
    6
    8
    9
    7
    11
    8
    9
    404
    367
    289
    282
    257
    248
    220
    214
    211
    177
    157
    169
    164
    123
    142
    129
    103
    106
    118
    122
    101
    96
    90
    86
    82
    89
    74
    68
    66
    79
    70
    60
    59
    73
    59
    55
    51
    51
    33
    49
    55
    25
    41
    36
    33
    32
    29
    33
    40
    28
    29
    25
    19
    24
    22
    29
    15
    24
    24
    28
    27
    15
    17
    25
    23
    17
    31
    22
    8
    17
    15
    15
    15
    12
    11
    15
    14
    15
    20
    12
    9
    12
    11
    9
    6
    7
    10
    13
    9
    9
    9
    15
    10
    11
    10
    8
    8
    7
    6
    10
    375
    310
    310
    275
    252
    240
    241
    230
    189
    170
    169
    156
    146
    130
    146
    134
    109
    119
    123
    98
    98
    106
    74
    88
    97
    74
    81
    57
    71
    69
    63
    77
    74
    59
    61
    53
    52
    49
    34
    39
    48
    48
    35
    30
    44
    23
    36
    35
    25
    22
    35
    25
    22
    28
    19
    27
    25
    22
    23
    22
    26
    20
    19
    15
    24
    17
    13
    17
    11
    13
    14
    16
    8
    7
    16
    17
    16
    14
    6
    9
    11
    11
    15
    13
    14
    11
    4
    16
    8
    7
    17
    6
    7
    9
    13
    14
    5
    7
    8
    12
    426
    371
    337
    315
    265
    226
    255
    188
    192
    191
    140
    159
    141
    152
    141
    113
    124
    103
    105
    91
    90
    94
    97
    85
    79
    85
    84
    75
    56
    67
    63
    65
    57
    57
    53
    59
    46
    47
    50
    38
    36
    34
    38
    46
    28
    31
    39
    34
    31
    34
    38
    21
    27
    20
    26
    26
    19
    24
    17
    20
    15
    25
    15
    13
    18
    12
    22
    7
    9
    18
    13
    11
    14
    15
    13
    11
    11
    10
    11
    10
    14
    7
    12
    6
    8
    6
    7
    10
    14
    8
    11
    4
    11
    13
    9
    9
    13
    9
    7
    8
    406
    356
    335
    274
    249
    219
    223
    191
    200
    186
    197
    146
    154
    125
    138
    155
    127
    121
    109
    131
    103
    83
    90
    83
    95
    69
    64
    76
    50
    60
    66
    59
    67
    63
    48
    55
    48
    52
    46
    48
    40
    40
    39
    34
    35
    37
    28
    32
    37
    28
    27
    29
    24
    23
    26
    21
    26
    22
    28
    20
    31
    20
    15
    20
    13
    24
    14
    22
    20
    16
    16
    12
    15
    18
    7
    12
    17
    13
    13
    20
    12
    15
    18
    11
    13
    7
    9
    4
    13
    5
    6
    12
    8
    13
    6
    5
    8
    5
    15
    6
    393
    368
    307
    295
    246
    249
    229
    203
    191
    188
    166
    157
    147
    141
    164
    142
    122
    124
    117
    119
    92
    97
    90
    97
    73
    71
    83
    73
    71
    72
    59
    59
    60
    56
    54
    47
    52
    53
    42
    41
    43
    39
    48
    39
    40
    43
    38
    31
    34
    27
    27
    21
    22
    29
    27
    21
    33
    19
    13
    25
    17
    17
    23
    24
    18
    15
    18
    15
    16
    18
    13
    15
    10
    16
    18
    13
    15
    16
    14
    13
    12
    9
    7
    13
    7
    11
    9
    8
    8
    8
    11
    11
    7
    5
    6
    9
    7
    8
    8
    10
    414
    341
    309
    295
    273
    217
    211
    222
    199
    154
    170
    169
    165
    150
    132
    139
    102
    104
    99
    106
    93
    103
    86
    79
    88
    72
    84
    81
    67
    69
    74
    64
    63
    68
    59
    50
    48
    35
    43
    40
    42
    39
    43
    45
    40
    35
    29
    34
    36
    35
    32
    28
    31
    22
    23
    23
    22
    18
    16
    17
    16
    15
    22
    16
    19
    22
    19
    16
    15
    14
    18
    18
    15
    14
    11
    12
    8
    19
    10
    16
    15
    12
    16
    7
    12
    11
    12
    12
    4
    8
    12
    4
    14
    8
    10
    11
    10
    6
    8
    12
    402
    346
    306
    278
    260
    189
    211
    209
    201
    193
    162
    148
    155
    134
    133
    121
    131
    114
    109
    104
    89
    86
    101
    91
    92
    76
    75
    73
    67
    67
    55
    64
    51
    41
    55
    58
    42
    52
    42
    40
    32
    37
    47
    44
    45
    42
    28
    27
    33
    23
    31
    26
    23
    29
    33
    23
    20
    21
    22
    19
    23
    19
    16
    24
    17
    22
    16
    12
    18
    22
    25
    16
    9
    20
    13
    12
    19
    15
    10
    5
    10
    12
    14
    21
    17
    10
    11
    12
    8
    13
    5
    7
    9
    13
    7
    5
    5
    5
    7
    6
    387
    347
    305
    301
    255
    249
    226
    216
    185
    178
    165
    156
    159
    148
    136
    125
    126
    122
    111
    106
    93
    73
    105
    95
    81
    77
    79
    63
    70
    73
    56
    72
    54
    58
    66
    41
    47
    43
    43
    39
    32
    40
    39
    30
    30
    25
    30
    37
    33
    27
    38
    23
    27
    22
    26
    29
    15
    28
    23
    22
    17
    21
    13
    19
    20
    17
    20
    14
    26
    17
    10
    20
    17
    14
    13
    7
    10
    16
    16
    11
    12
    13
    7
    7
    13
    12
    11
    8
    11
    8
    6
    8
    5
    4
    5
    9
    5
    4
    9
    5
    382
    329
    316
    272
    230
    237
    225
    198
    180
    180
    176
    168
    146
    136
    126
    137
    114
    100
    106
    103
    95
    101
    95
    83
    82
    65
    62
    66
    73
    54
    63
    55
    65
    55
    49
    55
    45
    39
    43
    49
    42
    41
    29
    45
    53
    32
    30
    32
    34
    18
    25
    18
    30
    35
    25
    22
    14
    25
    17
    27
    25
    21
    22
    21
    19
    16
    21
    16
    18
    14
    18
    22
    19
    20
    13
    17
    21
    5
    9
    8
    12
    14
    14
    13
    7
    8
    11
    9
    8
    11
    9
    6
    10
    10
    9
    10
    12
    10
    7
    2
    404
    367
    332
    286
    259
    241
    242
    184
    188
    187
    151
    152
    140
    135
    144
    118
    122
    99
    124
    104
    105
    97
    87
    89
    65
    80
    60
    70
    59
    63
    64
    60
    57
    55
    64
    59
    48
    55
    42
    43
    50
    48
    31
    34
    41
    31
    40
    32
    19
    35
    28
    34
    31
    26
    21
    22
    32
    18
    21
    18
    21
    15
    26
    15
    12
    21
    21
    6
    20
    19
    13
    21
    15
    20
    21
    17
    17
    14
    12
    10
    11
    9
    5
    15
    3
    10
    5
    6
    10
    9
    5
    13
    9
    7
    6
    7
    3
    13
    6
    7
    397
    324
    312
    251
    237
    221
    212
    209
    186
    159
    159
    152
    170
    155
    134
    118
    105
    132
    109
    95
    90
    92
    79
    98
    74
    78
    77
    73
    68
    58
    58
    67
    59
    65
    51
    44
    52
    46
    47
    54
    54
    46
    32
    37
    35
    34
    32
    25
    22
    26
    32
    37
    20
    13
    31
    26
    24
    26
    25
    27
    27
    25
    17
    20
    18
    17
    19
    18
    23
    15
    17
    13
    21
    14
    16
    11
    15
    9
    17
    16
    11
    16
    11
    11
    4
    10
    7
    12
    14
    8
    12
    13
    5
    5
    5
    8
    5
    4
    2
    8
    389
    315
    316
    269
    244
    243
    228
    206
    204
    152
    177
    155
    157
    149
    126
    114
    102
    111
    127
    97
    98
    98
    94
    82
    84
    76
    80
    76
    79
    71
    46
    76
    74
    50
    55
    42
    59
    50
    41
    59
    56
    35
    37
    37
    41
    27
    25
    27
    29
    34
    28
    25
    35
    27
    29
    18
    20
    20
    22
    19
    19
    27
    10
    22
    19
    22
    17
    21
    18
    12
    11
    22
    13
    17
    10
    13
    13
    12
    14
    11
    9
    11
    13
    16
    7
    8
    8
    8
    14
    4
    14
    8
    6
    3
    11
    6
    9
    5
    8
    5
    377
    360
    311
    281
    222
    238
    230
    213
    198
    174
    156
    159
    159
    152
    108
    105
    118
    115
    109
    102
    108
    99
    110
    87
    79
    83
    88
    81
    55
    89
    72
    52
    50
    65
    60
    50
    51
    50
    58
    42
    56
    45
    37
    37
    30
    35
    21
    36
    38
    24
    27
    27
    31
    29
    20
    34
    25
    27
    20
    22
    23
    28
    19
    15
    14
    18
    14
    14
    22
    14
    13
    16
    15
    10
    17
    14
    8
    15
    17
    7
    9
    18
    10
    15
    8
    7
    16
    12
    14
    9
    5
    10
    5
    7
    6
    5
    9
    8
    12
    7
    391
    341
    304
    307
    231
    240
    231
    195
    226
    174
    148
    167
    144
    147
    111
    119
    130
    110
    121
    86
    89
    100
    76
    95
    76
    82
    81
    62
    66
    66
    63
    59
    57
    60
    49
    49
    45
    49
    42
    42
    40
    42
    49
    41
    40
    38
    35
    26
    35
    22
    27
    25
    31
    34
    26
    26
    16
    26
    21
    19
    24
    26
    23
    19
    23
    17
    15
    12
    20
    23
    16
    13
    13
    10
    14
    9
    17
    12
    13
    10
    13
    6
    9
    7
    11
    7
    10
    15
    8
    13
    10
    7
    10
    15
    7
    4
    6
    12
    10
    5
    395
    371
    307
    298
    284
    256
    225
    198
    200
    167
    195
    187
    158
    133
    140
    146
    126
    117
    106
    107
    110
    96
    100
    76
    92
    73
    76
    71
    72
    61
    60
    61
    63
    58
    47
    54
    61
    44
    44
    48
    53
    36
    40
    31
    38
    24
    44
    36
    28
    34
    38
    30
    30
    29
    29
    28
    21
    28
    23
    21
    23
    19
    20
    17
    16
    17
    13
    18
    14
    16
    19
    17
    11
    19
    12
    16
    14
    17
    11
    8
    11
    10
    10
    5
    15
    7
    7
    10
    7
    14
    9
    6
    11
    9
    8
    5
    6
    5
    9
    5
    369
    351
    314
    305
    270
    263
    220
    199
    193
    156
    151
    159
    177
    128
    142
    127
    133
    109
    105
    91
    101
    108
    95
    96
    69
    82
    78
    67
    72
    71
    67
    58
    59
    56
    44
    49
    50
    57
    52
    42
    41
    40
    35
    33
    34
    27
    38
    37
    34
    31
    33
    39
    25
    28
    29
    18
    26
    23
    20
    21
    19
    18
    26
    22
    13
    19
    19
    28
    17
    20
    16
    14
    12
    9
    14
    16
    14
    10
    13
    10
    7
    12
    12
    5
    12
    8
    8
    17
    8
    4
    4
    10
    9
    10
    4
    10
    5
    7
    5
    9
    450
    372
    337
    280
    246
    232
    200
    176
    202
    165
    177
    166
    143
    134
    138
    120
    115
    109
    99
    104
    100
    79
    86
    99
    92
    75
    76
    58
    63
    69
    77
    66
    56
    55
    57
    39
    50
    45
    41
    39
    37
    38
    38
    42
    30
    41
    26
    45
    29
    35
    42
    33
    38
    20
    22
    17
    19
    29
    16
    31
    20
    18
    24
    20
    17
    10
    20
    17
    10
    17
    11
    20
    19
    22
    16
    15
    7
    17
    14
    11
    17
    10
    13
    9
    13
    15
    8
    15
    7
    6
    2
    10
    7
    6
    8
    12
    8
    9
    5
    6
    420
    361
    317
    267
    241
    232
    233
    203
    174
    166
    185
    147
    150
    138
    132
    120
    114
    125
    111
    118
    93
    92
    77
    87
    96
    81
    73
    68
    68
    58
    67
    66
    68
    64
    53
    55
    57
    56
    41
    52
    43
    30
    34
    40
    50
    31
    32
    36
    34
    27
    31
    32
    27
    38
    24
    10
    22
    23
    20
    11
    24
    15
    28
    15
    19
    16
    25
    17
    16
    16
    10
    15
    17
    13
    18
    9
    20
    22
    14
    9
    10
    10
    10
    10
    9
    14
    9
    13
    9
    7
    8
    9
    2
    9
    8
    10
    9
    2
    5
    7
    424
    345
    316
    282
    251
    226
    186
    203
    190
    160
    178
    183
    154
    145
    142
    127
    123
    110
    116
    118
    112
    95
    100
    86
    75
    84
    77
    64
    56
    66
    67
    74
    61
    49
    48
    47
    49
    56
    44
    55
    44
    41
    32
    33
    33
    32
    38
    34
    36
    27
    35
    39
    30
    33
    20
    31
    26
    27
    18
    19
    20
    21
    19
    19
    24
    12
    23
    22
    16
    25
    15
    9
    14
    18
    16
    8
    14
    9
    12
    13
    15
    8
    13
    12
    5
    8
    12
    10
    10
    5
    11
    12
    6
    8
    8
    12
    8
    5
    9
    9
    425
    351
    305
    268
    257
    258
    223
    195
    204
    190
    157
    153
    140
    142
    146
    142
    99
    108
    122
    105
    94
    105
    91
    87
    67
    79
    76
    79
    80
    64
    77
    55
    55
    51
    68
    44
    50
    64
    49
    38
    33
    42
    36
    42
    39
    18
    41
    33
    30
    37
    30
    32
    28
    28
    35
    24
    29
    29
    31
    26
    24
    16
    27
    18
    18
    24
    10
    15
    14
    18
    26
    18
    14
    19
    17
    20
    12
    13
    15
    9
    15
    11
    9
    16
    9
    7
    14
    14
    5
    4
    11
    13
    7
    7
    9
    10
    4
    4
    10
    4
    407
    354
    294
    303
    266
    269
    223
    196
    193
    176
    186
    163
    138
    144
    153
    113
    141
    103
    127
    99
    102
    93
    116
    90
    85
    76
    82
    70
    74
    73
    62
    56
    56
    52
    59
    45
    44
    47
    40
    45
    43
    45
    35
    38
    41
    28
    34
    38
    28
    31
    26
    38
    28
    27
    31
    29
    21
    22
    16
    22
    20
    12
    12
    13
    20
    16
    22
    16
    15
    19
    21
    19
    23
    13
    19
    13
    14
    12
    7
    9
    12
    14
    14
    10
    9
    16
    5
    6
    5
    10
    10
    10
    11
    6
    11
    13
    9
    4
    3
    6
    370
    394
    334
    331
    243
    254
    239
    201
    192
    197
    173
    162
    161
    174
    127
    121
    116
    107
    117
    93
    83
    108
    87
    73
    77
    81
    91
    80
    71
    67
    59
    48
    70
    49
    70
    43
    44
    42
    40
    52
    64
    44
    37
    55
    35
    34
    42
    31
    25
    26
    21
    31
    27
    24
    27
    24
    23
    16
    24
    21
    18
    21
    25
    33
    18
    20
    18
    14
    27
    15
    8
    10
    15
    13
    11
    16
    12
    18
    20
    10
    10
    10
    9
    13
    12
    8
    10
    11
    7
    19
    14
    9
    7
    10
    9
    11
    3
    13
    12
    6
    386
    364
    324
    282
    279
    239
    211
    204
    165
    205
    187
    164
    139
    157
    143
    125
    133
    109
    105
    119
    95
    89
    96
    97
    73
    94
    86
    75
    73
    72
    54
    44
    64
    68
    57
    49
    49
    47
    50
    40
    48
    43
    31
    26
    29
    26
    45
    29
    34
    39
    33
    31
    34
    35
    22
    15
    26
    20
    23
    15
    19
    18
    18
    13
    18
    25
    15
    15
    11
    12
    21
    19
    23
    16
    8
    13
    14
    12
    16
    14
    14
    7
    10
    8
    14
    13
    15
    13
    8
    13
    12
    8
    11
    17
    11
    2
    2
    6
    8
    3
    402
    321
    312
    314
    267
    248
    229
    206
    222
    199
    156
    161
    154
    138
    136
    138
    118
    138
    119
    106
    93
    102
    105
    94
    76
    90
    94
    65
    61
    44
    59
    51
    60
    56
    46
    45
    41
    53
    45
    38
    35
    38
    33
    31
    47
    39
    39
    46
    33
    29
    21
    33
    15
    22
    28
    28
    23
    25
    24
    26
    26
    19
    15
    25
    14
    19
    16
    22
    19
    16
    11
    10
    14
    13
    19
    14
    7
    13
    10
    12
    7
    9
    18
    13
    9
    16
    8
    13
    7
    6
    12
    11
    3
    10
    5
    5
    10
    9
    12
    2
    390
    357
    279
    299
    250
    213
    217
    217
    186
    158
    173
    170
    174
    134
    127
    135
    111
    116
    106
    105
    100
    93
    79
    80
    83
    84
    71
    85
    75
    61
    56
    55
    53
    64
    58
    60
    42
    44
    55
    51
    42
    41
    52
    39
    33
    44
    31
    41
    33
    25
    26
    30
    22
    34
    27
    19
    36
    25
    23
    20
    30
    23
    27
    28
    15
    13
    14
    16
    11
    12
    17
    20
    11
    13
    11
    10
    10
    17
    8
    10
    13
    18
    12
    10
    8
    10
    8
    3
    7
    7
    10
    9
    4
    13
    5
    9
    8
    9
    6
    10
    371
    375
    318
    270
    268
    257
    234
    199
    203
    188
    167
    148
    140
    135
    132
    107
    117
    128
    90
    119
    85
    93
    88
    88
    109
    89
    77
    79
    74
    55
    78
    68
    81
    56
    56
    55
    57
    47
    41
    45
    53
    38
    41
    41
    29
    30
    35
    34
    36
    31
    31
    30
    16
    29
    27
    26
    24
    26
    20
    31
    28
    23
    30
    27
    28
    25
    23
    18
    15
    16
    16
    9
    13
    13
    11
    28
    15
    13
    19
    10
    16
    11
    7
    19
    9
    11
    14
    12
    9
    10
    5
    10
    12
    8
    5
    11
    6
    9
    11
    7
    419
    333
    284
    273
    253
    219
    230
    222
    186
    189
    142
    168
    176
    147
    147
    122
    122
    99
    93
    93
    87
    97
    109
    87
    82
    75
    63
    74
    63
    73
    69
    60
    53
    53
    53
    52
    50
    64
    49
    34
    45
    44
    35
    38
    30
    31
    34
    38
    24
    22
    26
    27
    27
    31
    35
    27
    19
    32
    21
    15
    21
    20
    23
    28
    20
    12
    16
    13
    12
    28
    17
    17
    20
    16
    16
    10
    15
    9
    11
    16
    12
    9
    11
    13
    4
    17
    8
    8
    7
    7
    7
    5
    9
    8
    8
    13
    10
    4
    9
    10
    415
    378
    323
    306
    295
    233
    229
    194
    184
    171
    163
    162
    151
    139
    136
    133
    130
    99
    105
    106
    101
    90
    83
    99
    79
    87
    65
    68
    45
    64
    72
    61
    66
    47
    60
    50
    55
    54
    46
    47
    50
    49
    43
    34
    31
    40
    34
    24
    32
    26
    33
    32
    24
    23
    18
    31
    36
    22
    23
    19
    20
    14
    28
    18
    31
    23
    19
    12
    15
    19
    19
    15
    21
    14
    12
    14
    19
    13
    13
    11
    13
    7
    10
    11
    11
    10
    8
    13
    2
    4
    10
    7
    7
    7
    9
    6
    10
    5
    5
    8
    397
    375
    296
    289
    250
    241
    207
    217
    216
    172
    197
    164
    160
    172
    107
    125
    110
    123
    119
    111
    99
    96
    88
    84
    94
    83
    74
    84
    74
    67
    77
    66
    72
    61
    70
    56
    46
    54
    49
    47
    44
    45
    49
    32
    37
    27
    33
    31
    33
    22
    23
    35
    25
    33
    21
    21
    27
    25
    21
    28
    19
    17
    22
    22
    17
    22
    18
    14
    14
    15
    19
    24
    17
    10
    8
    15
    20
    10
    11
    16
    4
    11
    15
    15
    11
    17
    11
    14
    14
    10
    12
    11
    7
    7
    8
    15
    9
    11
    4
    4
    375
    358
    326
    260
    244
    232
    235
    179
    199
    197
    172
    147
    168
    156
    124
    104
    107
    110
    101
    107
    103
    96
    73
    98
    88
    78
    74
    78
    40
    60
    61
    60
    62
    41
    54
    45
    37
    36
    57
    53
    43
    33
    35
    35
    43
    35
    28
    40
    36
    32
    31
    34
    28
    31
    21
    24
    23
    25
    24
    19
    17
    19
    26
    16
    17
    28
    23
    13
    19
    16
    16
    18
    12
    12
    17
    11
    12
    15
    17
    6
    9
    19
    8
    9
    12
    6
    11
    7
    9
    7
    6
    9
    15
    8
    7
    6
    8
    6
    5
    6
    384
    361
    292
    294
    262
    257
    219
    209
    203
    184
    151
    171
    132
    144
    137
    154
    134
    115
    82
    112
    100
    81
    74
    83
    94
    93
    66
    78
    59
    58
    58
    57
    57
    60
    52
    52
    45
    44
    52
    49
    43
    46
    42
    34
    39
    38
    28
    31
    25
    28
    31
    23
    26
    29
    25
    15
    31
    26
    26
    25
    20
    17
    21
    17
    19
    16
    21
    22
    17
    14
    16
    14
    12
    13
    15
    11
    14
    16
    14
    13
    10
    12
    7
    8
    13
    16
    12
    8
    11
    8
    5
    8
    9
    11
    9
    7
    9
    11
    7
    7
    403
    405
    312
    265
    227
    243
    190
    200
    180
    174
    188
    150
    156
    146
    153
    121
    123
    147
    102
    94
    89
    90
    87
    93
    81
    86
    71
    77
    72
    71
    63
    66
    51
    62
    54
    48
    36
    45
    54
    47
    50
    33
    37
    38
    35
    39
    41
    37
    29
    23
    46
    28
    19
    40
    27
    21
    24
    29
    12
    22
    20
    15
    17
    22
    12
    15
    14
    22
    14
    17
    23
    16
    25
    11
    9
    11
    19
    13
    19
    10
    7
    10
    12
    11
    13
    8
    10
    10
    4
    12
    9
    9
    13
    9
    7
    7
    11
    5
    8
    8
    409
    365
    286
    252
    262
    268
    225
    215
    186
    172
    177
    140
    173
    126
    136
    152
    101
    113
    109
    106
    100
    104
    80
    94
    110
    78
    92
    81
    76
    68
    69
    58
    58
    50
    59
    69
    48
    48
    41
    54
    43
    40
    42
    46
    28
    39
    46
    31
    31
    32
    41
    31
    37
    30
    34
    18
    30
    30
    22
    17
    21
    18
    21
    25
    24
    17
    23
    13
    18
    16
    21
    12
    15
    16
    13
    18
    11
    17
    12
    13
    10
    10
    10
    10
    9
    14
    9
    3
    7
    10
    11
    2
    9
    9
    6
    12
    7
    10
    5
    8
    425
    382
    297
    297
    266
    243
    214
    214
    196
    204
    178
    167
    148
    145
    134
    125
    135
    128
    115
    87
    88
    115
    97
    99
    89
    79
    82
    67
    77
    68
    71
    71
    54
    45
    57
    51
    65
    51
    55
    44
    48
    38
    55
    37
    33
    51
    28
    30
    27
    24
    29
    30
    28
    26
    26
    35
    23
    20
    24
    22
    28
    14
    17
    20
    26
    18
    18
    15
    16
    19
    18
    17
    18
    20
    17
    16
    10
    18
    13
    15
    14
    10
    12
    11
    19
    12
    11
    8
    11
    8
    15
    18
    11
    8
    9
    7
    14
    6
    12
    7
    410
    357
    304
    293
    247
    230
    218
    194
    213
    176
    164
    163
    137
    148
    125
    134
    126
    133
    111
    104
    106
    97
    89
    71
    71
    86
    78
    74
    72
    70
    62
    63
    64
    45
    63
    36
    54
    35
    45
    42
    50
    40
    30
    43
    34
    49
    39
    29
    27
    34
    35
    26
    23
    22
    21
    19
    25
    27
    21
    24
    26
    24
    25
    15
    17
    12
    17
    16
    19
    7
    15
    14
    14
    13
    10
    19
    9
    9
    11
    18
    7
    10
    7
    12
    10
    8
    4
    14
    10
    6
    7
    11
    5
    9
    8
    12
    8
    10
    5
    7
    407
    346
    341
    296
    238
    200
    212
    195
    196
    199
    167
    172
    147
    152
    149
    130
    118
    130
    112
    109
    101
    89
    114
    82
    82
    89
    76
    77
    74
    67
    67
    53
    82
    51
    54
    64
    55
    39
    46
    52
    49
    37
    33
    36
    29
    38
    28
    35
    34
    30
    27
    24
    26
    28
    28
    22
    30
    23
    20
    22
    17
    25
    16
    18
    18
    17
    15
    18
    16
    15
    15
    17
    13
    13
    17
    10
    10
    9
    14
    11
    9
    13
    7
    12
    12
    13
    8
    7
    12
    5
    10
    13
    4
    11
    9
    5
    8
    8
    4
    5
    375
    346
    334
    279
    255
    231
    193
    199
    198
    166
    169
    173
    154
    141
    133
    123
    128
    119
    102
    103
    88
    83
    91
    91
    91
    72
    78
    80
    58
    63
    85
    67
    61
    77
    60
    46
    53
    45
    51
    53
    43
    32
    37
    42
    35
    29
    26
    37
    22
    32
    27
    28
    16
    28
    19
    26
    26
    17
    27
    25
    21
    21
    26
    21
    14
    13
    21
    14
    12
    14
    13
    11
    9
    7
    10
    13
    17
    15
    11
    13
    12
    10
    7
    9
    8
    10
    6
    5
    11
    5
    8
    15
    11
    9
    7
    6
    5
    12
    6
    7
    394
    344
    307
    296
    267
    266
    236
    207
    197
    193
    143
    184
    153
    139
    125
    135
    120
    124
    114
    94
    116
    100
    88
    78
    94
    76
    82
    60
    67
    74
    60
    69
    54
    51
    50
    49
    56
    45
    42
    47
    32
    33
    38
    39
    38
    23
    34
    30
    32
    29
    30
    37
    37
    29
    24
    26
    26
    28
    23
    22
    20
    11
    22
    20
    17
    22
    14
    13
    13
    17
    21
    14
    15
    16
    10
    20
    8
    14
    17
    9
    8
    7
    11
    14
    13
    9
    9
    11
    8
    8
    6
    11
    9
    10
    10
    12
    5
    7
    6
    7

Data:
    0
    0
    0
    0
    0
    0
    0
    0
    0
    0
    0
    0
    0
    0
    0
    0
    0
    0
    0
    0
    0
    0
    0
    0
    0
    0
    0
    0
    0
    0
    0
    0
    0
    0
    0
    0
    0
    0
    0
    0
    0
    0
    0
    0
    0
    0
    0
    0
    0
    0
    0
    0
    0
    0
    0
    0
    0
    0
    0
    0
    0
    0
    0
    0
    0
    0
    0
    0
    0
    0
    0
    0
    0
    0
    0
    0
    0
    0
    0
    0
    0
    0
    0
    0
    0
    0
    0
    0
    0
    0
    0
    0
    0
    0
    0
    0
    0
    0
    0
    0
    0
    0
    0
    0
    0
    0
    0
    0
    0
    0
    0
    0
    0
    0
    0
    0
    0
    0
    0
    0
    0
    0
    0
    0
    0
    0
    0
    0
    0
    0
    0
    0
    0
    0
    0
    0
    0
    0
    0
    0
    0
    0
    0
    0
    0
    0
    0
    0
    0
    0
    0
    0
    0
    0
    0
    0
    0
    0
    0
    0
    0
    0
    0
    0
    0
    0
    0
    0
    0
    0
    0
    0
    0
    0
    0
    0
    0
    0
    0
    0
    0
    0
    0
    0
    0
    0
    0
    0
    0
    0
    0
    0
    0
    0
    0
    0
    0
    0
    0
    0
    0
    0
    0
    0
    0
    0
    0
    0
    0
    0
    0
    0
    0
    0
    0
    0
    0
    0
    0
    0
    0
    0
    0
    0
    0
    0
    0
    0
    0
    0
    0
    0
    0
    0
    0
    0
    0
    0
    0
    0
    0
    0
    0
    0
    0
    0
    0
    0
    0
    0
    0
    0
    0
    0
    0
    0
    0
    0
    0
    0
    0
    0
    0
    0
    0
    0
    0
    0
    0
    0
    0
    0
    0
    0
    0
    0
    0
    0
    0
    0
    0
    0
    0
    0
    0
    0
    0
    0
    0
    0
    0
    0
    0
    0
    0
    0
    0
    0
    0
    0
    0
    0
    0
    0
    0
    0
    0
    0
    0
    0
    0
    0
    0
    0
    0
    0
    0
    0
    0
    0
    0
    0
    0
    0
    0
    0
    0
    0
    0
    0
    0
    0
    0
    0
    0
    0
    0
    0
    0
    0
    0
    0
    0
    0
    0
    0
    0
    0
    0
    0
    0
    0
    0
    0
    0
    0
    0
    0
    0
    0
    0
    0
    0
    0
    0
    0
    0
    0
    0
    0
    0
    0
    0
    0
    0
    0
    0
    0
    0
    0
    0
    0
    0
    0
    0
    0
    0
    0
    0
    0
    0
    0
    0
    0
    0
    0
    0
    0
    0
    0
    0
    0
    0
    0
    0
    0
    0
    0
    0
    0
    0
    0
    0
    0
    0
    0
    0
    0
    0
    0
    0
    0
    0
    0
    0
    0
    0
    0
    0
    0
    0
    0
    0
    0
    0
    0
    0
    0
    0
    0
    0
    0
    0
    0
    0
    0
    0
    0
    0
    0
    0
    0
    0
    0
    0
    0
    0
    0
    0
    0
    0
    0
    0
    0
    0
    0
    0
    0
    0
    0
    0
    0
    0
    0
    0
    0
    0
    0
    0
    0
    0
    0
    0
    0
    0
    0
    0
    0
    0
    0
    0
    0
    0
    0
    0
    0
    0
    0
    0
    0
    0
    0
    0
    0
    0
    0
    0
    0
    0
    0
    0
    0
    0
    0
    0
    0
    0
    0
    0
    0
    0
    0
    0
    0
    0
    0
    0
    0
    0
    0
    0
    0
    0
    0
    0
    0
    0
    0
    0
    0
    0
    0
    0
    0
    0
    0
    0
    0
    0
    0
    0
    0
    0
    0
    0
    0
    0
    0
    0
    0
    0
    0
    0
    0
    0
    0
    0
    0
    0
    0
    0
    0
    0
    0
    0
    0
    0
    0
    0
    0
    0
    0
    0
    0
    0
    0
    0
    0
    0
    0
    0
    0
    0
    0
    0
    0
    0
    0
    0
    0
    0
    0
    0
    0
    0
    0
    0
    0
    0
    0
    0
    0
    0
    0
    0
    0
    0
    0
    0
    0
    0
    0
    0
    0
    0
    0
    0
    0
    0
    0
    0
    0
    0
    0
    0
    0
    0
    0
    0
    0
    0
    0
    0
    0
    0
    0
    0
    0
    0
    0
    0
    0
    0
    0
    0
    0
    0
    0
    0
    0
    0
    0
    0
    0
    0
    0
    0
    0
    0
    0
    0
    0
    0
    0
    0
    0
    0
    0
    0
    0
    0
    0
    0
    0
    0
    0
    0
    0
    0
    0
    0
    0
    0
    0
    0
    0
    0
    0
    0
    0
    0
    0
    0
    0
    0
    0
    0
    0
    0
    0
    0
    0
    0
    0
    0
    0
    0
    0
    0
    0
    0
    0
    0
    0
    0
    0
    0
    0
    0
    0
    0
    0
    0
    0
    0
    0
    0
    0
    0
    0
    0
    0
    0
    0
    0
    0
    0
    0
    0
    0
    0
    0
    0
    0
    0
    0
    0
    0
    0
    0
    0
    0
    0
    0
    0
    0
    0
    0
    0
    0
    0
    0
    0
    0
    0
    0
    0
    0
    0
    0
    0
    0
    0
    0
    0
    0
    0
    0
    0
    0
    0
    0
    0
    0
    0
    0
    0
    0
    0
    0
    0
    0
    0
    0
    0
    0
    0
    0
    0
    0
    0
    0
    0
    0
    0
    0
    0
    0
    0
    0
    0
    0
    0
    0
    0
    0
    0
    0
    0
    0
    0
    0
    0
    0
    0
    0
    0
    0
    0
    0
    0
    0
    0
    0
    0
    0
    0
    0
    0
    0
    0
    0
    0
    0
    0
    0
    0
    0
    0
    0
    0
    0
    0
    0
    0
    0
    0
    0
    0
    0
    0
    0
    0
    0
    0
    0
    0
    0
    0
    0
    0
    0
    0
    0
    0
    0
    0
    0
    0
    0
    0
    0
    0
    0
    0
    0
    0
    0
    0
    0
    0
    0
    0
    0
    0
    0
    0
    0
    0
    0
    0
    0
    0
    0
    0
    0
    0
    0
    0
    0
    0
    0
    0
    0
    0
    0
    0
    0
    0
    0
    0
    0
    0
    0
    0
    0
    0
    0
    0
    0
    0
    0
    0
    0
    0
    0
    0
    0
    0
    0
    0
    0
    0
    0
    0
    0
    0
    0
    0
    0
    0
    0
    0
    0
    0
    0
    0
    0
    0
    0
    0
    0
    0
    0
    0
    0
    0
    0
    0
    0
    0
    0
    0
    0
    0
    0
    0
    0
    0
    0
    0
    0
    0
    0
    0
    0
    0
    0
    0
    0
    0
    0
    0
    0
    0
    0
    0
    0
    0
    0
    0
    0
    0
    0
    0
    0
    0
    0
    0
    0
    0
    0
    0
    0
    0
    0
    0
    0
    0
    0
    0
    0
    0
    0
    0
    0
    0
    0
    0
    0
    0
    0
    0
    0
    0
    0
    0
    0
    0
    0
    0
    0
    0
    0
    0
    0
    0
    0
    0
    0
    0
    0
    0
    0
    0
    0
    0
    0
    0
    0
    0
    0
    0
    0
    0
    0
    0
    0
    0
    0
    0
    0
    0
    0
    0
    0
    0
    0
    0
    0
    0
    0
    0
    0
    0
    0
    0
    0
    0
    0
    0
    0
    0
    0
    0
    0
    0
    0
    0
    0
    0
    0
    0
    0
    0
    0
    0
    0
    0
    0
    0
    0
    0
    0
    0
    0
    0
    0
    0
    0
    0
    0
    0
    0
    0
    0
    0
    0
    0
    0
    0
    0
    0
    0
    0
    0
    0
    0
    0
    0
    0
    0
    0
    0
    0
    0
    0
    0
    0
    0
    0
    0
    0
    0
    0
    0
    0
    0
    0
    0
    0
    0
    0
    0
    0
    0
    0
    0
    0
    0
    0
    0
    0
    0
    0
    0
    0
    0
    0
    0
    0
    0
    0
    0
    0
    0
    0
    0
    0
    0
    0
    0
    0
    0
    0
    0
    0
    0
    0
    0
    0
    0
    0
    0
    0
    0
    0
    0
    0
    0
    0
    0
    0
    0
    0
    0
    0
    0
    0
    0
    0
    0
    0
    0
    0
    0
    0
    0
    0
    0
    0
    0
    0
    0
    0
    0
    0
    0
    0
    0
    0
    0
    0
    0
    0
    0
    0
    0
    0
    0
    0
    0
    0
    0
    0
    0
    0
    0
    0
    0
    0
    0
    0
    0
    0
    0
    0
    0
    0
    0
    0
    0
    0
    0
    0
    0
    0
    0
    0
    0
    0
    0
    0
    0
    0
    0
    0
    0
    0
    0
    0
    0
    0
    0
    0
    0
    0
    0
    0
    0
    0
    0
    0
    0
    0
    0
    0
    0
    0
    0
    0
    0
    0
    0
    0
    0
    0
    0
    0
    0
    0
    0
    0
    0
    0
    0
    0
    0
    0
    0
    0
    0
    0
    0
    0
    0
    0
    0
    0
    0
    0
    0
    0
    0
    0
    0
    0
    0
    0
    0
    0
    0
    0
    0
    0
    0
    0
    0
    0
    0
    0
    0
    0
    0
    0
    0
    0
    0
    0
    0
    0
    0
    0
    0
    0
    0
    0
    0
    0
    0
    0
    0
    0
    0
    0
    0
    0
    0
    0
    0
    0
    0
    0
    0
    0
    0
    0
    0
    0
    0
    0
    0
    0
    0
    0
    0
    0
    0
    0
    0
    0
    0
    0
    0
    0
    0
    0
    0
    0
    0
    0
    0
    0
    0
    0
    0
    0
    0
    0
    0
    0
    0
    0
    0
    0
    0
    0
    0
    0
    0
    0
    0
    0
    0
    0
    0
    0
    0
    0
    0
    0
    0
    0
    0
    0
    0
    0
    0
    0
    0
    0
    0
    0
    0
    0
    0
    0
    0
    0
    0
    0
    0
    0
    0
    0
    0
    0
    0
    0
    0
    0
    0
    0
    0
    0
    0
    0
    0
    0
    0
    0
    0
    0
    0
    0
    0
    0
    0
    0
    0
    0
    0
    0
    0
    0
    0
    0
    0
    0
    0
    0
    0
    0
    0
    0
    0
    0
    0
    0
    0
    0
    0
    0
    0
    0
    0
    0
    0
    0
    0
    0
    0
    0
    0
    0
    0
    0
    0
    0
    0
    0
    0
    0
    0
    0
    0
    0
    0
    0
    0
    0
    0
    0
    0
    0
    0
    0
    0
    0
    0
    0
    0
    0
    0
    0
    0
    0
    0
    0
    0
    0
    0
    0
    0
    0
    0
    0
    0
    0
    0
    0
    0
    0
    0
    0
    0
    0
    0
    0
    0
    0
    0
    0
    0
    0
    0
    0
    0
    0
    0
    0
    0
    0
    0
    0
    0
    0
    0
    0
    0
    0
    0
    0
    0
    0
    0
    0
    0
    0
    0
    0
    0
    0
    0
    0
    0
    0
    0
    0
    0
    0
    0
    0
    0
    0
    0
    0
    0
    0
    0
    0
    0
    0
    0
    0
    0
    0
    0
    0
    0
    0
    0
    0
    0
    0
    0
    0
    0
    0
    0
    0
    0
    0
    0
    0
    0
    0
    0
    0
    0
    0
    0
    0
    0
    0
    0
    0
    0
    0
    0
    0
    0
    0
    0
    0
    0
    0
    0
    0
    0
    0
    0
    0
    0
    0
    0
    0
    0
    0
    0
    0
    0
    0
    0
    0
    0
    0
    0
    0
    0
    0
    0
    0
    0
    0
    0
    0
    0
    0
    0
    0
    0
    0
    0
    0
    0
    0
    0
    0
    0
    0
    0
    0
    0
    0
    0
    0
    0
    0
    0
    0
    0
    0
    0
    0
    0
    0
    0
    0
    0
    0
    0
    0
    0
    0
    0
    0
    0
    0
    0
    0
    0
    0
    0
    0
    0
    0
    0
    0
    0
    0
    0
    0
    0
    0
    0
    0
    0
    0
    0
    0
    0
    0
    0
    0
    0
    0
    0
    0
    0
    0
    0
    0
    0
    0
    0
    0
    0
    0
    0
    0
    0
    0
    0
    0
    0
    0
    0
    0
    0
    0
    0
    0
    0
    0
    0
    0
    0
    0
    0
    0
    0
    0
    0
    0
    0
    0
    0
    0
    0
    0
    0
    0
    0
    0
    0
    0
    0
    0
    0
    0
    0
    0
    0
    0
    0
    0
    0
    0
    0
    0
    0
    0
    0
    0
    0
    0
    0
    0
    0
    0
    0
    0
    0
    0
    0
    0
    0
    0
    0
    0
    0
    0
    0
    0
    0
    0
    0
    0
    0
    0
    0
    0
    0
    0
    0
    0
    0
    0
    0
    0
    0
    0
    0
    0
    0
    0
    0
    0
    0
    0
    0
    0
    0
    0
    0
    0
    0
    0
    0
    0
    0
    0
    0
    0
    0
    0
    0
    0
    0
    0
    0
    0
    0
    0
    0
    0
    0
    0
    0
    0
    0
    0
    0
    0
    0
    0
    0
    0
    0
    0
    0
    0
    0
    0
    0
    0
    0
    0
    0
    0
    0
    0
    0
    0
    0
    0
    0
    0
    0
    0
    0
    0
    0
    0
    0
    0
    0
    0
    0
    0
    0
    0
    0
    0
    0
    0
    0
    0
    0
    0
    0
    0
    0
    0
    0
    0
    0
    0
    0
    0
    0
    0
    0
    0
    0
    0
    0
    0
    0
    0
    0
    0
    0
    0
    0
    0
    0
    0
    0
    0
    0
    0
    0
    0
    0
    0
    0
    0
    0
    0
    0
    0
    0
    0
    0
    0
    0
    0
    0
    0
    0
    0
    0
    0
    0
    0
    0
    0
    0
    0
    0
    0
    0
    0
    0
    0
    0
    0
    0
    0
    0
    0
    0
    0
    0
    0
    0
    0
    0
    0
    0
    0
    0
    0
    0
    0
    0
    0
    0
    0
    0
    0
    0
    0
    0
    0
    0
    0
    0
    0
    0
    0
    0
    0
    0
    0
    0
    0
    0
    0
    0
    0
    0
    0
    0
    0
    0
    0
    0
    0
    0
    0
    0
    0
    0
    0
    0
    0
    0
    0
    0
    0
    0
    0
    0
    0
    0
    0
    0
    0
    0
    0
    0
    0
    0
    0
    0
    0
    0
    0
    0
    0
    0
    0
    0
    0
    0
    0
    0
    0
    0
    0
    0
    0
    0
    0
    0
    0
    0
    0
    0
    0
    0
    0
    0
    0
    0
    0
    0
    0
    0
    0
    0
    0
    0
    0
    0
    0
    0
    0
    0
    0
    0
    0
    0
    0
    0
    0
    0
    0
    0
    0
    0
    0
    0
    0
    0
    0
    0
    0
    0
    0
    0
    0
    0
    0
    0
    0
    0
    0
    0
    0
    0
    0
    0
    0
    0
    0
    0
    0
    0
    0
    0
    0
    0
    0
    0
    0
    0
    0
    0
    0
    0
    0
    0
    0
    0
    0
    0
    0
    0
    0
    0
    0
    0
    0
    0
    0
    0
    0
    0
    0
    0
    0
    0
    0
    0
    0
    0
    0
    0
    0
    0
    0
    0
    0
    0
    0
    0
    0
    0
    0
    0
    0
    0
    0
    0
    0
    0
    0
    0
    0
    0
    0
    0
    0
    0
    0
    0
    0
    0
    0
    0
    0
    0
    0
    0
    0
    0
    0
    0
    0
    0
    0
    0
    0
    0
    0
    0
    0
    0
    0
    0
    0
    0
    0
    0
    0
    0
    0
    0
    0
    0
    0
    0
    0
    0
    0
    0
    0
    0
    0
    0
    0
    0
    0
    0
    0
    0
    0
    0
    0
    0
    0
    0
    0
    0
    0
    0
    0
    0
    0
    0
    0
    0
    0
    0
    0
    0
    0
    0
    0
    0
    0
    0
    0
    0
    0
    0
    0
    0
    0
    0
    0
    0
    0
    0
    0
    0
    0
    0
    0
    0
    0
    0
    0
    0
    0
    0
    0
    0
    0
    0
    0
    0
    0
    0
    0
    0
    0
    0
    0
    0
    0
    0
    0
    0
    0
    0
    0
    0
    0
    0
    0
    0
    0
    0
    0
    0
    0
    0
    0
    0
    0
    0
    0
    0
    0
    0
    0
    0
    0
    0
    0
    0
    0
    0
    0
    0
    0
    0
    0
    0
    0
    0
    0
    0
    0
    0
    0
    0
    0
    0
    0
    0
    0
    0
    0
    0
    0
    0
    0
    0
    0
    0
    0
    0
    0
    0
    0
    0
    0
    0
    0
    0
    0
    0
    0
    0
    0
    0
    0
    0
    0
    0
    0
    0
    0
    0
    0
    0
    0
    0
    0
    0
    0
    0
    0
    0
    0
    0
    0
    0
    0
    0
    0
    0
    0
    0
    0
    0
    0
    0
    0
    0
    0
    0
    0
    0
    0
    0
    0
    0
    0
    0
    0
    0
    0
    0
    0
    0
    0
    0
    0
    0
    0
    0
    0
    0
    0
    0
    0
    0
    0
    0
    0
    0
    0
    0
    0
    0
    0
    0
    0
    0
    0
    0
    0
    0
    0
    0
    0
    0
    0
    0
    0
    0
    0
    0
    0
    0
    0
    0
    0
    0
    0
    0
    0
    0
    0
    0
    0
    0
    0
    0
    0
    0
    0
    0
    0
    0
    0
    0
    0
    0
    0
    0
    0
    0
    0
    0
    0
    0
    0
    0
    0
    0
    0
    0
    0
    0
    0
    0
    0
    0
    0
    0
    0
    0
    0
    0
    0
    0
    0
    0
    0
    0
    0
    0
    0
    0
    0
    0
    0
    0
    0
    0
    0
    0
    0
    0
    0
    0
    0
    0
    0
    0
    0
    0
    0
    0
    0
    0
    0
    0
    0
    0
    0
    0
    0
    0
    0
    0
    0
    0
    0
    0
    0
    0
    0
    0
    0
    0
    0
    0
    0
    0
    0
    0
    0
    0
    0
    0
    0
    0
    0
    0
    0
    0
    0
    0
    0
    0
    0
    0
    0
    0
    0
    0
    0
    0
    0
    0
    0
    0
    0
    0
    0
    0
    0
    0
    0
    0
    0
    0
    0
    0
    0
    0
    0
    0
    0
    0
    0
    0
    0
    0
    0
    0
    0
    0
    0
    0
    0
    0
    0
    0
    0
    0
    0
    0
    0
    0
    0
    0
    0
    0
    0
    0
    0
    0
    0
    0
    0
    0
    0
    0
    0
    0
    0
    0
    0
    0
    0
    0
    0
    0
    0
    0
    0
    0
    0
    0
    0
    0
    0
    0
    0
    0
    0
    0
    0
    0
    0
    0
    0
    0
    0
    0
    0
    0
    0
    0
    0
    0
    0
    0
    0
    0
    0
    0
    0
    0
    0
    0
    0
    0
    0
    0
    0
    0
    0
    0
    0
    0
    0
    0
    0
    0
    0
    0
    0
    0
    0
    0
    0
    0
    0
    0
    0
    0
    0
    0
    0
    0
    0
    0
    0
    0
    0
    0
    0
    0
    0
    0
    0
    0
    0
    0
    0
    0
    0
    0
    0
    0
    0
    0
    0
    0
    0
    0
    0
    0
    0
    0
    0
    0
    0
    0
    0
    0
    0
    0
    0
    0
    0
    0
    0
    0
    0
    0
    0
    0
    0
    0
    0
    0
    0
    0
    0
    0
    0
    0
    0
    0
    0
    0
    0
    0
    0
    0
    0
    0
    0
    0
    0
    0
    0
    0
    0
    0
    0
    0
    0
    0
    0
    0
    0
    0
    0
    0
    0
    0
    0
    0
    0
    0
    0
    0
    0
    0
    0
    0
    0
    0
    0
    0
    0
    0
    0
    0
    0
    0
    0
    0
    0
    0
    0
    0
    0
    0
    0
    0
    0
    0
    0
    0
    0
    0
    0
    0
    0
    0
    0
    0
    0
    0
    0
    0
    0
    0
    0
    0
    0
    0
    0
    0
    0
    0
    0
    0
    0
    0
    0
    0
    0
    0
    0
    0
    0
    0
    0
    0
    0
    0
    0
    0
    0
    0
    0
    0
    0
    0
    0
    0
    0
    0
    0
    0
    0
    0
    0
    0
    0
    0
    0
    0
    0
    0
    0
    0
    0
    0
    0
    0
    0
    0
    0
    0
    0
    0
    0
    0
    0
    0
    0
    0
    0
    0
    0
    0
    0
    0
    0
    0
    0
    0
    0
    0
    0
    0
    0
    0
    0
    0
    0
    0
    0
    0
    0
    0
    0
    0
    0
    0
    0
    0
    0
    0
    0
    0
    0
    0
    0
    0
    0
    0
    0
    0
    0
    0
    0
    0
    0
    0
    0
    0
    0
    0
    0
    0
    0
    0
    0
    0
    0
    0
    0
    0
    0
    0
    0
    0
    0
    0
    0
    0
    0
    0
    0
    0
    0
    0
    0
    0
    0
    0
    0
    0
    0
    0
    0
    0
    0
    0
    0
    0
    0
    0
    0
    0
    0
    0
    0
    0
    0
    0
    0
    0
    0
    0
    0
    0
    0
    0
    0
    0
    0
    0
    0
    0
    0
    0
    0
    0
    0
    0
    0
    0
    0
    0
    0
    0
    0
    0
    0
    0
    0
    0
    0
    0
    0
    0
    0
    0
    0
    0
    0
    0
    0
    0
    0
    0
    0
    0
    0
    0
    0
    0
    0
    0
    0
    0
    0
    0
    0
    0
    0
    0
    0
    0
    0
    0
    0
    0
    0
    0
    0
    0
    0
    0
    0
    0
    0
    0
    0
    0
    0
    0
    0
    0
    0
    0
    0
    0
    0
    0
    0
    0
    0
    0
    0
    0
    0
    0
    0
    0
    0
    0
    0
    0
    0
    0
    0
    0
    0
    0
    0
    0
    0
    0
    0
    0
    0
    0
    0
    0
    0
    0
    0
    0
    0
    0
    0
    0
    0
    0
    0
    0
    0
    0
    0
    0
    0
    0
    0
    0
    0
    0
    0
    0
    0
    0
    0
    0
    0
    0
    0
    0
    0
    0
    0
    0
    0
    0
    0
    0
    0
    0
    0
    0
    0
    0
    0
    0
    0
    0
    0
    0
    0
    0
    0
    0
    0
    0
    0
    0
    0
    0
    0
    0
    0
    0
    0
    0
    0
    0
    0
    0
    0
    0
    0
    0
    0
    0
    0
    0
    0
    0
    0
    0
    0
    0
    0
    0
    0
    0
    0
    0
    0
    0
    0
    0
    0
    0
    0
    0
    0
    0
    0
    0
    0
    0
    0
    0
    0
    0
    0
    0
    0
    0
    0
    0
    0
    0
    0
    0
    0
    0
    0
    0
    0
    0
    0
    0
    0
    0
    0
    0
    0
    0
    0
    0
    0
    0
    0
    0
    0
    0
    0
    0
    0
    0
    0
    0
    0
    0
    0
    0
    0
    0
    0
    0
    0
    0
    0
    0
    0
    0
    0
    0
    0
    0
    0
    0
    0
    0
    0
    0
    0
    0
    0
    0
    0
    0
    0
    0
    0
    0
    0
    0
    0
    0
    0
    0
    0
    0
    0
    0
    0
    0
    0
    0
    0
    0
    0
    0
    0
    0
    0
    0
    0
    0
    0
    0
    0
    0
    0
    0
    0
    0
    0
    0
    0
    0
    0
    0
    0
    0
    0
    0
    0
    0
    0
    0
    0
    0
    0
    0
    0
    0
    0
    0
    0
    0
    0
    0
    0
    0
    0
    0
    0
    0
    0
    0
    0
    0
    0
    0
    0
    0
    0
    0
    0
    0
    0
    0
    0
    0
    0
    0
    0
    0
    0
    0
    0
    0
    0
    0
    0
    0
    0
    0
    0
    0
    0
    0
    0
    0
    0
    0
    0
    0
    0
    0
    0
    0
    0
    0
    0
    0
    0
    0
    0
    0
    0
    0
    0
    0
    0
    0
    0
    0
    0
    0
    0
    0
    0
    0
    0
    0
    0
    0
    0
    0
    0
    0
    0
    0
    0
    0
    0
    0
    0
    0
    0
    0
    0
    0
    0
    0
    0
    0
    0
    0
    0
    0
    0
    0
    0
    0
    0
    0
    0
    0
    0
    0
    0
    0
    0
    0
    0
    0
    0
    0
    0
    0
    0
    0
    0
    0
    0
    0
    0
    0
    0
    0
    0
    0
    0
    0
    0
    0
    0
    0
    0
    0
    0
    0
    0
    0
    0
    0
    0
    0
    0
    0
    0
    0
    0
    0
    0
    0
    0
    0
    0
    0
    0
    0
    0
    0
    0
    0
    0
    0
    0
    0
    0
    0
    0
    0
    0
    0
    0
    0
    0
    0
    0
    0
    0
    0
    0
    0
    0
    0
    0
    0
    0
    0
    0
    0
    0
    0
    0
    0
    0
    0
    0
    0
    0
    0
    0
    0
    0
    0
    0
    0
    0
    0
    0
    0
    0
    0
    0
    0
    0
    0
    0
    0
    0
    0
    0
    0
    0
    0
    0
    0
    0
    0
    0
    0
    0
    0
    0
    0
    0
    0
    0
    0
    0
    0
    0
    0
    0
    0
    0
    0
    0
    0
    0
    0
    0
    0
    0
    0
    0
    0
    0
    0
    0
    0
    0
    0
    0
    0
    0
    0
    0
    0
    0
    0
    0
    0
    0
    0
    0
    0
    0
    0
    0
    0
    0
    0
    0
    0
    0
    0
    0
    0
    0
    0
    0
    0
    0
    0
    0
    0
    0
    0
    0
    0
    0
    0
    0
    0
    0
    0
    0
    0
    0
    0
    0
    0
    0
    0
    0
    0
    0
    0
    0
    0
    0
    0
    0
    0
    0
    0
    0
    0
    0
    0
    0
    0
    0
    0
    0
    0
    0
    0
    0
    0
    0
    0
    0
    0
    0
    0
    0
    0
    0
    0
    0
    0
    0
    0
    0
    0
    0
    0
    0
    0
    0
    0
    0
    0
    0
    0
    0
    0
    0
    0
    0
    0
    0
    0
    0
    0
    0
    0
    0
    0
    0
    0
    0
    0
    0
    0
    0
    0
    0
    0
    0
    0
    0
    0
    0
    0
    0
    0
    0
    0
    0
    0
    0
    0
    0
    0
    0
    0
    0
    0
    0
    0
    0
    0
    0
    0
    0
    0
    0
    0
    0
    0
    0
    0
    0
    0
    0
    0
    0
    0
    0
    0
    0
    0
    0
    0
    0
    0
    0
    0
    0
    0
    0
    0
    0
    0
    0
    0
    0
    0
    0
    0
    0
    0
    0
    0
    0
    0
    0
    0
    0
    0
    0
    0
    0
    0
    0
    0
    0
    0
    0
    0
    0
    0
    0
    0
    0
    0
    0
    0
    0
    0
    0
    0
    0
    0
    0
    0
    0
    0
    0
    0
    0
    0
    0
    0
    0
    0
    0
    0
    0
    0
    0
    0
    0
    0
    0
    0
    0
    0
    0
    0
    0
    0
    0
    0
    0
    0
    0
    0
    0
    0
    0
    0
    0
    0
    0
    0
    0
    0
    0
    0
    0
    0
    0
    0
    0
    0
    0
    0
    0
    0
    0
    0
    0
    0
    0
    0
    0
    0
    0
    0
    0
    0
    0
    0
    0
    0
    0
    0
    0
    0
    0
    0
    0
    0
    0
    0
    0
    0
    0
    0
    0
    0
    0
    0
    0
    0
    0
    0
    0
    0
    0
    0
    0
    0
    0
    0
    0
    0
    0
    0
    0
    0
    0
    0
    0
    0
    0
    0
    0
    0
    0
    0
    0
    0
    0
    0
    0
    0
    0
    0
    0
    0
    0
    0
    0
    0
    0
    0
    0
    0
    0
    0
    0
    0
    0
    0
    0
    0
    0
    0
    0
    0
    0
    0
    0
    0
    0
    0
    0
    0
    0
    0
    0
    0
    0
    0
    0
    0
    0
    0
    0
    0
    0
    0
    0
    0
    0
    0
    0
    0
    0
    0
    0
    0
    0
    0
    0
    0
    0
    0
    0
    0
    0
    0
    0
    0
    0
    0
    0
    0
    0
    0
    0
    0
    0
    0
    0
    0
    0
    0
    0
    0
    0
    0
    0
    0
    0
    0
    0
    0
    0
    0
    0
    0
    0
    0
    0
    0
    0
    0
    0
    0
    0
    0
    0
    0
    0
    0
    0
    0
    0
    0
    0
    0
    0
    0
    0
    0
    0
    0
    0
    0
    0
    0
    0
    0
    0
    0
    0
    0
    0
    0
    0
    0
    0
    0
    0
    0
    0
    0
    0
    0
    0
    0
    0
    0
    0
    0
    0
    0
    0
    0
    0
    0
    0
    0
    0
    0
    0
    0
    0
    0
    0
    0
    0
    0
    0
    0
    0
    0
    0
    0
    0
    0
    0
    0
    0
    0
    0
    0
    0
    0
    0
    0
    0
    0
    0
    0
    0
    0
    0
    0
    0
    0
    0
    0
    0
    0
    0
    0
    0
    0
    0
    0
    0
    0
    0
    0
    0
    0
    0
    0
    0
    0
    0
    0
    0
    0
    0
    0
    0
    0
    0
    0
    0
    0
    0
    0
    0
    0
    0
    0
    0
    0
    0
    0
    0
    0
    0
    0
    0
    0
    0
    0
    0
    0
    0
    0
    0
    0
    0
    0
    0
    0
    0
    0
    0
    0
    0
    0
    0
    0
    0
    0
    0
    0
    0
    0
    0
    0
    0
    0
    0
    0
    0
    0
    0
    0
    0
    0
    0
    0
    0
    0
    0
    0
    0
    0
    0
    0
    0
    0
    0
    0
    0
    0
    0
    0
    0
    0
    0
    0
    0
    0
    0
    0
    0
    0
    0
    0
    0
    0
    0
    0
    0
    0
    0
    0
    0
    0
    0
    0
    0
    0
    0
    0
    0
    0
    0
    0
    0
    0
    0
    0
    0
    0
    0
    0
    0
    0
    0
    0
    0
    0
    0
    0
    0
    0
    0
    0
    0
    0
    0
    0
    0
    0
    0
    0
    0
    0
    0
    0
    0
    0
    0
    0
    0
    0
    0
    0
    0
    0
    0
    0
    0
    0
    0
    0
    0
    0
    0
    0
    0
    0
    0
    0
    0
    0
    0
    0
    0
    0
    0
    0
    0
    0
    0
    0
    0
    0
    0
    0
    0
    0
    0
    0
    0
    0
    0
    0
    0
    0
    0
    0
    0
    0
    0
    0
    0
    0
    0
    0
    0
    0
    0
    0
    0
    0
    0
    0
    0
    0
    0
    0
    0
    0
    0
    0
    0
    0
    0
    0
    0
    0
    0
    0
    0
    0
    0
    0
    0
    0
    0
    0
    0
    0
    0
    0
    0
    0
    0
    0
    0
    0
    0
    0
    0
    0
    0
    0
    0
    0
    0
    0
    0
    0
    0
    0
    0
    0
    0
    0
    0
    0
    0
    0
    0
    0
    0
    0
    0
    0
    0
    0
    0
    0
    0
    0
    0
    0
    0
    0
    0
    0
    0
    0
    0
    0
    0
    0
    0
    0
    0
    0
    0
    0
    0
    0
    0
    0
    0
    0
    0
    0
    0
    0
    0
    0
    0
    0
    0
    0
    0
    0
    0
    0
    0
    0
    0
    0
    0
    0
    0
    0
    0
    0
    0
    0
    0
    0
    0
    0
    0
    0
    0
    0
    0
    0
    0
    0
    0
    0
    0
    0
    0
    0
    0
    0
    0
    0
    0
    0
    0
    0
    0
    0
    0
    0
    0
    0
    0
    0
    0
    0
    0
    0
    0
    0
    0
    0
    0
    0
    0
    0
    0
    0
    0
    0
    0
    0
    0
    0
    0
    0
    0
    0
    0
    0
    0
    0
    0
    0
    0
    0
    0
    0
    0
    0
    0
    0
    0
    0
    0
    0
    0
    0
    0
    0
    0
    0
    0
    0
    0
    0
    0
    0
    0
    0
    0
    0
    0
    0
    0
    0
    0
    0
    0
    0
    0
    0
    0
    0
    0
    0
    0
    0
    0
    0
    0
    0
    0
    0
    0
    0
    0
    0
    0
    0
    0
    0
    0
    0
    0
    0
    0
    0
    0
    0
    0
    0
    0
    0
    0
    0
    0
    0
    0
    0
    0
    0
    0
    0
    0
    0
    0
    0
    0
    0
    0
    0
    0
    0
    0
    0
    0
    0
    0
    0
    0
    0
    0
    0
    0
    0
    0
    0
    0
    0
    0
    0
    0
    0
    0
    0
    0
    0
    0
    0
    0
    0
    0
    0
    0
    0
    0
    0
    0
    0
    0
    0
    0
    0
    0
    0
    0
    0
    0
    0
    0
    0
    0
    0
    0
    0
    0
    0
    0
    0
    0
    0
    0
    0
    0
    0
    0
    0
    0
    0
    0
    0
    0
    0
    0
    0
    0
    0
    0
    0
    0
    0
    0
    0
    0
    0
    0
    0
    0
    0
    0
    0
    0
    0
    0
    0
    0
    0
    0
    0
    0
    0
    0
    0
    0
    0
    0
    0
    0
    0
    0
    0
    0
    0
    0
    0
    0
    0
    0
    0
    0
    0
    0
    0
    0
    0
    0
    0
    0
    0
    0
    0
    0
    0
    0
    0
    0
    0
    0
    0
    0
    0
    0
    0
    0
    0
    0
    0
    0
    0
    0
    0
    0
    0
    0
    0
    0
    0
    0
    0
    0
    0
    0
    0
    0
    0
    0
    0
    0
    0
    0
    0
    0
    0
    0
    0
    0
    0
    0
    0
    0
    0
    0
    0
    0
    0
    0
    0
