Project Info:
    ACQ Time: 2019- 9-24   9:34:35: 115 .
    Project: tq左侧足三里下循经非穴（昨天涂红药水）
    Name: 
    Part:  
    Operator:  
    Desc.:  
    Sample Data Acquired.

ACQ Parameters:
    Excited Peroid(ms): 50
    Excited Time(ms): 10
    Acq Delay Time(us): 10
    Gate Time(ms): 20
    Count Num per gate: 100
    Repeat Times: 50
    Acq Gate Times: 1
    Interval per Gate(us): 100
    Channel Number: 2

Data:
    632
    562
    467
    403
    353
    352
    305
    303
    291
    266
    245
    212
    205
    218
    211
    176
    181
    190
    178
    159
    149
    152
    140
    136
    126
    113
    105
    102
    115
    83
    75
    88
    94
    73
    85
    77
    70
    77
    66
    52
    52
    57
    61
    52
    48
    61
    50
    52
    46
    53
    42
    43
    53
    37
    50
    42
    49
    29
    38
    33
    27
    35
    22
    43
    24
    29
    18
    32
    29
    27
    18
    21
    15
    24
    11
    15
    12
    18
    16
    19
    17
    18
    18
    20
    21
    21
    17
    17
    14
    15
    21
    17
    15
    19
    14
    6
    8
    12
    10
    8
    575
    504
    440
    409
    380
    333
    345
    291
    279
    272
    241
    229
    253
    217
    205
    191
    195
    198
    170
    164
    138
    163
    143
    130
    138
    119
    105
    108
    124
    114
    95
    91
    91
    65
    82
    93
    85
    63
    64
    59
    83
    60
    53
    65
    43
    60
    40
    57
    48
    61
    48
    33
    50
    37
    43
    36
    31
    46
    45
    31
    39
    24
    36
    31
    28
    25
    22
    26
    23
    24
    22
    24
    30
    26
    21
    18
    24
    13
    17
    15
    16
    20
    13
    23
    14
    14
    15
    18
    14
    17
    17
    11
    10
    8
    6
    8
    12
    10
    14
    11
    571
    530
    451
    428
    381
    367
    328
    300
    268
    239
    252
    235
    222
    222
    211
    196
    155
    193
    161
    149
    151
    127
    143
    140
    135
    134
    92
    111
    92
    109
    88
    100
    66
    80
    92
    92
    84
    83
    65
    67
    45
    63
    67
    52
    65
    58
    55
    45
    46
    45
    43
    46
    51
    32
    55
    25
    32
    29
    29
    38
    34
    44
    29
    40
    29
    36
    29
    27
    35
    31
    25
    20
    18
    25
    20
    17
    20
    18
    20
    10
    20
    10
    17
    18
    24
    16
    20
    11
    18
    23
    15
    14
    12
    14
    12
    14
    13
    16
    14
    8
    579
    499
    459
    393
    368
    342
    350
    331
    264
    265
    248
    236
    221
    222
    209
    164
    172
    182
    165
    148
    166
    133
    119
    120
    128
    111
    112
    103
    100
    112
    98
    100
    79
    89
    83
    83
    69
    73
    87
    74
    64
    62
    51
    66
    63
    50
    51
    56
    51
    48
    56
    35
    38
    37
    32
    29
    30
    34
    34
    29
    29
    21
    36
    27
    30
    28
    35
    25
    29
    20
    30
    13
    16
    21
    25
    17
    25
    20
    18
    29
    14
    13
    17
    9
    18
    15
    11
    12
    15
    12
    18
    20
    16
    12
    8
    12
    9
    13
    9
    11
    583
    512
    463
    434
    371
    369
    317
    290
    261
    289
    249
    225
    250
    235
    214
    175
    175
    152
    164
    168
    163
    143
    131
    130
    134
    99
    138
    113
    97
    108
    109
    96
    79
    98
    81
    83
    75
    64
    84
    71
    75
    58
    50
    61
    62
    52
    56
    55
    46
    43
    50
    39
    31
    44
    39
    33
    43
    35
    38
    35
    41
    31
    32
    39
    27
    26
    38
    20
    31
    26
    28
    29
    21
    25
    27
    39
    26
    27
    25
    21
    15
    13
    20
    19
    17
    11
    11
    17
    8
    22
    14
    15
    11
    6
    9
    15
    15
    9
    8
    6
    596
    519
    464
    432
    374
    329
    348
    300
    265
    245
    250
    241
    218
    212
    189
    198
    200
    163
    176
    156
    154
    150
    143
    115
    122
    123
    114
    109
    107
    114
    87
    100
    87
    88
    82
    86
    96
    79
    72
    52
    76
    81
    60
    52
    53
    59
    38
    47
    47
    46
    44
    51
    49
    38
    45
    46
    39
    38
    36
    39
    30
    29
    28
    25
    31
    35
    19
    26
    24
    19
    25
    23
    30
    23
    17
    20
    15
    19
    30
    20
    16
    23
    29
    17
    12
    15
    13
    19
    15
    21
    12
    13
    11
    8
    12
    21
    6
    9
    14
    13
    562
    498
    438
    406
    392
    332
    331
    314
    302
    264
    233
    247
    241
    225
    222
    189
    189
    169
    169
    165
    132
    140
    135
    144
    113
    136
    136
    111
    121
    92
    94
    94
    86
    83
    79
    90
    71
    67
    80
    58
    61
    56
    52
    63
    45
    69
    41
    59
    42
    43
    39
    49
    50
    26
    31
    41
    22
    47
    40
    34
    22
    22
    27
    37
    27
    24
    24
    31
    36
    19
    19
    18
    21
    21
    32
    29
    20
    21
    18
    16
    16
    13
    20
    18
    20
    11
    13
    20
    20
    15
    10
    13
    12
    14
    9
    11
    14
    9
    10
    9
    567
    530
    516
    404
    380
    333
    311
    294
    290
    294
    232
    242
    238
    221
    218
    192
    181
    182
    174
    143
    156
    130
    112
    125
    125
    121
    126
    109
    109
    101
    81
    92
    82
    85
    85
    89
    96
    78
    78
    58
    68
    59
    53
    50
    57
    48
    62
    52
    58
    49
    61
    41
    38
    33
    40
    41
    45
    41
    37
    32
    29
    36
    35
    36
    19
    18
    29
    27
    21
    21
    27
    32
    36
    26
    24
    24
    7
    21
    18
    23
    18
    17
    20
    25
    16
    17
    13
    17
    16
    15
    22
    14
    17
    9
    16
    15
    9
    7
    2
    12
    568
    469
    466
    395
    370
    330
    344
    315
    298
    265
    221
    236
    246
    206
    232
    177
    186
    160
    183
    149
    157
    152
    132
    124
    139
    128
    101
    116
    107
    117
    102
    114
    99
    106
    84
    88
    87
    75
    62
    64
    57
    68
    59
    51
    55
    50
    50
    50
    49
    47
    54
    44
    51
    50
    41
    36
    43
    39
    43
    30
    30
    24
    44
    26
    24
    27
    29
    24
    22
    25
    34
    27
    23
    18
    25
    32
    28
    25
    13
    20
    16
    20
    20
    12
    20
    11
    19
    14
    10
    12
    10
    17
    12
    6
    13
    10
    17
    15
    17
    10
    562
    475
    473
    430
    404
    403
    322
    320
    269
    267
    238
    233
    242
    215
    191
    197
    180
    202
    181
    166
    158
    163
    122
    149
    125
    120
    123
    122
    107
    104
    95
    97
    98
    94
    104
    92
    74
    75
    74
    63
    85
    66
    57
    55
    49
    52
    56
    60
    49
    44
    47
    40
    47
    35
    42
    42
    35
    35
    40
    37
    39
    33
    37
    40
    26
    44
    23
    35
    25
    41
    21
    29
    31
    22
    17
    37
    22
    15
    16
    25
    23
    22
    15
    14
    16
    14
    17
    13
    10
    8
    15
    20
    19
    13
    9
    18
    9
    11
    14
    7
    558
    501
    458
    410
    378
    372
    311
    318
    320
    267
    260
    251
    245
    226
    201
    199
    183
    166
    175
    173
    151
    145
    149
    124
    118
    122
    110
    101
    97
    95
    100
    82
    91
    78
    96
    64
    74
    67
    66
    61
    66
    70
    64
    61
    56
    56
    62
    61
    46
    56
    43
    46
    50
    40
    38
    40
    40
    48
    38
    36
    22
    29
    27
    26
    23
    26
    37
    30
    24
    34
    25
    20
    27
    15
    21
    28
    19
    20
    23
    23
    21
    16
    14
    20
    13
    12
    17
    12
    10
    17
    18
    11
    15
    15
    11
    12
    22
    12
    8
    17
    572
    521
    471
    407
    380
    347
    352
    292
    303
    280
    269
    214
    272
    213
    194
    179
    205
    178
    178
    142
    155
    144
    114
    129
    123
    123
    107
    129
    99
    118
    100
    105
    94
    86
    71
    76
    59
    71
    84
    78
    72
    55
    56
    72
    53
    65
    53
    40
    48
    46
    44
    53
    39
    45
    41
    43
    32
    28
    33
    38
    29
    24
    36
    14
    24
    27
    24
    37
    31
    27
    28
    17
    22
    22
    26
    23
    19
    24
    24
    17
    23
    19
    20
    24
    14
    19
    18
    11
    22
    18
    14
    16
    15
    13
    13
    13
    13
    14
    16
    12
    577
    532
    433
    388
    414
    352
    330
    335
    293
    270
    256
    270
    230
    209
    216
    215
    184
    159
    189
    132
    152
    151
    151
    120
    140
    121
    126
    118
    108
    96
    111
    86
    94
    76
    92
    86
    74
    83
    67
    85
    63
    60
    64
    59
    52
    61
    56
    39
    55
    47
    48
    45
    42
    45
    29
    31
    28
    48
    33
    41
    37
    29
    36
    20
    36
    25
    20
    29
    35
    35
    33
    28
    31
    34
    22
    18
    16
    10
    13
    21
    19
    17
    12
    18
    18
    19
    13
    14
    16
    11
    13
    11
    13
    14
    7
    16
    12
    8
    12
    8
    562
    510
    482
    400
    398
    341
    336
    310
    272
    240
    282
    223
    234
    188
    230
    207
    211
    183
    175
    164
    137
    133
    136
    136
    131
    113
    113
    100
    126
    90
    94
    105
    101
    86
    76
    95
    75
    83
    55
    80
    73
    60
    69
    76
    60
    53
    54
    53
    59
    45
    57
    43
    56
    47
    40
    40
    41
    31
    36
    54
    40
    41
    39
    22
    37
    27
    27
    27
    30
    34
    31
    19
    36
    22
    28
    25
    19
    25
    26
    19
    19
    16
    21
    14
    14
    15
    17
    10
    8
    17
    10
    16
    15
    14
    14
    17
    16
    13
    10
    14
    565
    498
    482
    394
    368
    357
    293
    309
    281
    296
    259
    192
    256
    212
    207
    214
    194
    206
    171
    158
    154
    157
    159
    143
    125
    128
    123
    99
    124
    112
    109
    111
    93
    91
    87
    92
    74
    86
    83
    87
    63
    74
    56
    71
    53
    58
    71
    39
    46
    40
    33
    39
    54
    53
    44
    40
    34
    43
    46
    35
    38
    31
    26
    22
    30
    28
    23
    24
    18
    21
    31
    28
    13
    24
    26
    18
    20
    16
    29
    22
    16
    21
    23
    22
    15
    14
    9
    19
    17
    25
    14
    14
    10
    14
    15
    16
    13
    19
    13
    11
    564
    508
    459
    411
    379
    341
    344
    295
    287
    263
    244
    242
    214
    226
    201
    206
    200
    190
    178
    162
    179
    160
    153
    129
    105
    95
    123
    119
    123
    104
    103
    87
    82
    76
    81
    87
    89
    82
    93
    69
    74
    57
    69
    67
    69
    56
    43
    61
    59
    54
    72
    49
    48
    45
    47
    38
    37
    38
    35
    36
    32
    42
    36
    35
    37
    30
    34
    28
    17
    22
    31
    31
    24
    26
    28
    21
    19
    22
    25
    19
    15
    16
    17
    11
    13
    17
    17
    16
    17
    22
    17
    24
    10
    18
    12
    16
    13
    10
    9
    15
    552
    529
    426
    409
    349
    337
    302
    295
    285
    267
    258
    242
    210
    208
    221
    172
    194
    169
    157
    182
    124
    149
    148
    145
    125
    134
    120
    138
    124
    104
    96
    93
    107
    84
    78
    81
    91
    79
    88
    84
    83
    63
    54
    55
    53
    62
    65
    63
    57
    44
    50
    47
    43
    49
    31
    37
    45
    50
    33
    33
    32
    37
    32
    28
    33
    42
    27
    26
    24
    20
    22
    29
    19
    33
    24
    27
    27
    18
    21
    23
    18
    21
    12
    12
    21
    17
    10
    16
    27
    14
    21
    13
    13
    16
    12
    11
    14
    12
    17
    8
    597
    491
    454
    404
    381
    346
    325
    322
    296
    264
    261
    228
    204
    201
    229
    205
    169
    163
    149
    149
    163
    149
    143
    133
    131
    146
    139
    108
    109
    121
    102
    90
    99
    84
    84
    84
    76
    65
    71
    74
    76
    61
    52
    72
    61
    71
    51
    52
    55
    54
    48
    56
    37
    58
    48
    35
    46
    33
    33
    26
    32
    40
    34
    21
    32
    39
    34
    39
    37
    26
    21
    22
    29
    19
    23
    23
    32
    15
    21
    24
    21
    22
    18
    18
    20
    19
    16
    11
    23
    18
    11
    18
    11
    13
    14
    14
    9
    15
    11
    14
    553
    487
    443
    420
    397
    358
    357
    335
    314
    269
    264
    235
    231
    216
    187
    179
    192
    159
    162
    154
    156
    156
    147
    149
    127
    138
    125
    105
    100
    109
    104
    108
    84
    81
    95
    70
    63
    81
    84
    70
    65
    69
    58
    65
    65
    58
    47
    52
    49
    48
    48
    50
    36
    45
    43
    40
    31
    25
    30
    31
    34
    31
    29
    28
    26
    32
    28
    25
    33
    27
    24
    20
    23
    29
    24
    21
    24
    22
    21
    19
    15
    21
    16
    19
    22
    17
    13
    10
    15
    22
    15
    19
    13
    9
    12
    13
    15
    13
    11
    16
    620
    512
    463
    418
    397
    356
    328
    288
    284
    283
    253
    237
    224
    237
    223
    196
    216
    184
    171
    168
    174
    142
    132
    131
    133
    122
    109
    111
    120
    115
    105
    97
    118
    105
    83
    73
    82
    79
    60
    70
    82
    62
    60
    54
    42
    71
    50
    64
    66
    48
    42
    43
    45
    41
    40
    41
    37
    55
    35
    33
    40
    44
    34
    27
    24
    35
    29
    27
    25
    24
    35
    15
    23
    30
    20
    22
    23
    22
    22
    14
    15
    15
    19
    21
    12
    16
    15
    21
    16
    10
    17
    18
    15
    9
    15
    16
    14
    16
    17
    14
    591
    531
    517
    410
    414
    377
    355
    338
    281
    261
    267
    248
    219
    240
    212
    194
    192
    192
    171
    134
    152
    120
    133
    135
    130
    131
    135
    136
    97
    98
    95
    86
    95
    95
    81
    84
    71
    97
    83
    75
    64
    62
    68
    59
    57
    62
    47
    53
    65
    61
    45
    50
    35
    47
    42
    37
    43
    49
    34
    40
    26
    37
    39
    26
    23
    36
    30
    34
    32
    33
    34
    25
    29
    20
    19
    26
    17
    15
    17
    20
    14
    19
    18
    24
    18
    18
    15
    20
    24
    8
    16
    25
    18
    14
    19
    15
    13
    10
    10
    12
    560
    572
    460
    393
    348
    375
    302
    317
    276
    293
    245
    246
    247
    219
    208
    201
    187
    152
    178
    168
    145
    148
    132
    124
    132
    144
    126
    114
    118
    109
    91
    110
    94
    97
    95
    88
    69
    68
    66
    63
    59
    56
    68
    63
    67
    60
    59
    59
    47
    61
    62
    38
    44
    44
    40
    29
    45
    36
    47
    45
    37
    35
    34
    31
    36
    21
    21
    27
    26
    30
    28
    26
    26
    25
    20
    20
    21
    24
    20
    20
    20
    18
    29
    22
    18
    27
    23
    15
    23
    20
    16
    20
    18
    16
    12
    12
    12
    6
    16
    8
    603
    514
    475
    390
    364
    350
    322
    312
    302
    293
    234
    249
    222
    208
    197
    189
    214
    162
    170
    152
    158
    156
    133
    128
    113
    120
    107
    103
    118
    108
    99
    102
    93
    96
    73
    95
    82
    65
    78
    88
    75
    57
    67
    60
    74
    52
    58
    59
    38
    52
    50
    41
    40
    44
    31
    39
    35
    46
    34
    45
    38
    34
    29
    34
    33
    21
    32
    27
    30
    34
    28
    26
    26
    16
    25
    30
    14
    32
    18
    18
    19
    15
    20
    15
    18
    12
    20
    19
    15
    13
    14
    11
    15
    13
    12
    8
    15
    10
    10
    12
    594
    543
    510
    408
    377
    357
    324
    333
    272
    279
    241
    257
    225
    254
    204
    202
    196
    171
    194
    151
    145
    147
    147
    122
    113
    110
    111
    95
    122
    100
    92
    81
    83
    98
    77
    100
    87
    72
    82
    73
    68
    75
    58
    58
    64
    56
    54
    54
    68
    57
    40
    43
    56
    43
    46
    43
    42
    30
    38
    50
    36
    37
    35
    25
    40
    33
    21
    28
    26
    37
    27
    35
    20
    22
    22
    24
    18
    24
    36
    19
    20
    24
    23
    19
    17
    16
    20
    20
    16
    18
    14
    7
    18
    21
    15
    13
    12
    11
    7
    18
    606
    548
    485
    406
    380
    345
    338
    282
    297
    273
    284
    243
    245
    234
    208
    201
    177
    172
    157
    175
    176
    151
    145
    108
    141
    145
    118
    110
    108
    105
    111
    94
    94
    90
    86
    74
    68
    81
    86
    63
    74
    62
    43
    74
    61
    59
    39
    68
    46
    49
    50
    60
    46
    38
    42
    37
    42
    39
    45
    28
    33
    30
    35
    31
    28
    37
    36
    29
    26
    37
    23
    36
    25
    19
    27
    19
    20
    28
    22
    17
    17
    12
    19
    21
    17
    20
    11
    24
    19
    15
    14
    20
    12
    14
    13
    15
    14
    16
    15
    17
    587
    527
    511
    406
    376
    375
    328
    312
    314
    260
    260
    245
    237
    219
    218
    185
    208
    175
    171
    144
    153
    148
    148
    155
    154
    117
    135
    115
    113
    119
    95
    98
    96
    80
    87
    84
    85
    86
    87
    65
    68
    49
    70
    61
    72
    50
    51
    53
    53
    35
    54
    63
    41
    46
    45
    40
    27
    31
    43
    35
    45
    38
    45
    30
    30
    25
    28
    36
    29
    32
    24
    20
    22
    35
    22
    18
    22
    14
    12
    16
    21
    19
    24
    11
    12
    23
    13
    22
    14
    18
    14
    15
    9
    13
    15
    15
    19
    19
    13
    13
    562
    503
    465
    400
    371
    329
    326
    278
    294
    275
    262
    242
    233
    233
    173
    202
    171
    171
    141
    174
    145
    147
    153
    133
    133
    121
    120
    111
    130
    103
    107
    98
    110
    87
    94
    81
    90
    84
    78
    68
    74
    91
    61
    68
    44
    63
    53
    62
    49
    45
    55
    42
    51
    40
    52
    44
    29
    54
    36
    33
    25
    39
    39
    24
    31
    36
    27
    23
    35
    25
    18
    25
    25
    12
    24
    18
    26
    21
    17
    20
    16
    24
    23
    12
    13
    14
    14
    16
    13
    13
    17
    11
    10
    13
    14
    11
    16
    11
    13
    11
    540
    494
    464
    419
    389
    382
    341
    332
    326
    279
    256
    242
    212
    203
    210
    200
    185
    185
    188
    179
    131
    151
    149
    162
    116
    139
    129
    102
    108
    104
    93
    110
    89
    82
    84
    102
    73
    76
    77
    70
    63
    80
    69
    72
    65
    56
    51
    53
    49
    45
    46
    55
    51
    38
    44
    42
    40
    32
    38
    38
    35
    30
    31
    35
    32
    32
    26
    34
    28
    25
    39
    24
    20
    26
    15
    17
    33
    17
    19
    21
    19
    22
    26
    17
    18
    23
    19
    20
    15
    15
    20
    21
    18
    20
    20
    16
    16
    10
    8
    31
    591
    528
    471
    439
    393
    361
    326
    317
    317
    293
    273
    253
    238
    220
    213
    221
    183
    167
    174
    157
    156
    158
    148
    138
    131
    129
    110
    127
    98
    120
    92
    99
    95
    85
    84
    86
    78
    82
    70
    68
    60
    50
    66
    64
    51
    58
    59
    71
    56
    49
    52
    41
    48
    46
    55
    42
    31
    34
    40
    37
    44
    34
    39
    43
    28
    26
    32
    27
    30
    20
    25
    31
    19
    19
    15
    23
    22
    24
    21
    17
    14
    20
    17
    21
    11
    14
    20
    26
    12
    19
    16
    19
    16
    11
    10
    10
    17
    4
    20
    13
    573
    540
    489
    431
    430
    326
    347
    309
    323
    271
    271
    266
    228
    200
    205
    199
    183
    163
    174
    148
    164
    126
    155
    137
    136
    121
    127
    106
    120
    113
    99
    96
    89
    95
    92
    78
    95
    74
    77
    65
    78
    86
    57
    46
    74
    52
    62
    62
    53
    55
    52
    45
    50
    54
    37
    44
    31
    40
    50
    44
    32
    42
    38
    35
    31
    29
    32
    33
    28
    33
    32
    26
    25
    25
    20
    20
    17
    20
    18
    17
    24
    18
    22
    16
    9
    15
    18
    16
    17
    17
    12
    15
    13
    12
    16
    14
    12
    18
    18
    14
    580
    542
    463
    444
    393
    330
    329
    289
    286
    269
    263
    268
    191
    218
    211
    178
    212
    171
    162
    167
    146
    170
    161
    118
    135
    108
    125
    109
    124
    92
    100
    90
    98
    97
    74
    78
    86
    77
    90
    65
    78
    79
    56
    68
    52
    64
    66
    61
    42
    51
    57
    47
    39
    49
    39
    46
    49
    45
    49
    39
    37
    32
    31
    34
    29
    26
    24
    25
    19
    27
    27
    27
    27
    23
    22
    21
    26
    20
    25
    19
    19
    17
    22
    26
    22
    12
    14
    15
    15
    7
    12
    16
    19
    18
    12
    11
    7
    15
    13
    20
    601
    525
    457
    417
    366
    338
    316
    302
    289
    274
    258
    242
    242
    205
    217
    188
    188
    180
    147
    154
    199
    164
    149
    146
    132
    130
    132
    93
    118
    108
    102
    89
    80
    93
    63
    94
    82
    93
    72
    77
    62
    75
    63
    61
    59
    62
    45
    56
    56
    54
    44
    53
    39
    34
    42
    35
    48
    42
    36
    32
    46
    25
    46
    31
    48
    23
    29
    32
    40
    28
    27
    37
    31
    18
    30
    18
    25
    24
    19
    20
    16
    29
    25
    17
    14
    20
    15
    16
    14
    16
    19
    20
    20
    14
    21
    10
    9
    9
    10
    9
    600
    575
    448
    441
    367
    337
    349
    310
    302
    252
    223
    242
    225
    209
    218
    201
    204
    197
    169
    154
    156
    162
    151
    158
    133
    122
    130
    127
    101
    119
    101
    104
    95
    82
    103
    71
    93
    83
    87
    73
    58
    52
    73
    67
    52
    54
    57
    57
    56
    51
    63
    38
    32
    33
    42
    34
    45
    43
    32
    35
    34
    27
    25
    27
    31
    34
    35
    26
    32
    18
    21
    27
    26
    19
    20
    26
    19
    21
    21
    19
    22
    19
    21
    19
    13
    16
    16
    16
    17
    13
    15
    17
    17
    15
    13
    22
    18
    18
    13
    7
    587
    509
    481
    448
    406
    367
    306
    273
    258
    273
    272
    262
    255
    233
    195
    201
    186
    192
    171
    157
    164
    143
    121
    138
    128
    128
    115
    115
    97
    106
    115
    99
    99
    93
    103
    88
    63
    81
    78
    83
    78
    45
    64
    58
    66
    63
    56
    42
    51
    54
    46
    43
    34
    45
    44
    52
    35
    34
    33
    45
    43
    34
    25
    33
    27
    34
    41
    44
    17
    33
    30
    23
    31
    26
    26
    26
    21
    19
    19
    18
    15
    14
    14
    14
    26
    19
    17
    18
    21
    26
    15
    16
    19
    17
    19
    17
    15
    12
    15
    13
    551
    460
    490
    437
    384
    352
    360
    322
    300
    265
    255
    242
    232
    221
    185
    203
    172
    174
    157
    150
    164
    152
    147
    129
    147
    123
    113
    118
    111
    96
    97
    99
    91
    93
    85
    63
    68
    80
    79
    67
    75
    82
    67
    61
    70
    51
    68
    67
    42
    55
    55
    45
    51
    39
    34
    42
    37
    44
    35
    33
    33
    32
    37
    32
    35
    22
    37
    27
    32
    30
    26
    33
    27
    30
    24
    21
    15
    11
    22
    20
    25
    15
    18
    22
    22
    19
    22
    9
    11
    13
    22
    13
    10
    14
    18
    20
    10
    7
    9
    13
    575
    555
    436
    420
    400
    363
    357
    333
    299
    292
    288
    227
    220
    200
    204
    209
    180
    174
    156
    194
    149
    164
    149
    128
    126
    111
    118
    99
    109
    98
    85
    92
    80
    112
    79
    81
    88
    59
    68
    60
    78
    72
    54
    55
    71
    71
    65
    47
    54
    49
    57
    40
    47
    31
    48
    42
    26
    33
    38
    49
    34
    39
    37
    36
    32
    39
    31
    32
    37
    25
    34
    18
    12
    23
    22
    20
    24
    16
    17
    23
    21
    19
    13
    19
    23
    24
    15
    15
    21
    15
    8
    19
    14
    7
    13
    12
    13
    21
    11
    13
    570
    497
    481
    428
    415
    352
    326
    287
    297
    268
    281
    219
    255
    217
    217
    224
    191
    187
    167
    165
    157
    135
    139
    107
    136
    131
    132
    120
    106
    101
    103
    92
    86
    71
    86
    78
    90
    95
    70
    68
    69
    59
    69
    57
    59
    57
    74
    53
    46
    64
    58
    45
    43
    59
    43
    46
    46
    32
    32
    32
    32
    38
    46
    30
    31
    28
    35
    36
    26
    33
    31
    26
    26
    31
    27
    18
    19
    15
    23
    26
    23
    29
    15
    17
    19
    22
    23
    15
    21
    19
    12
    17
    12
    12
    9
    14
    11
    15
    7
    10
    560
    507
    466
    442
    382
    382
    333
    306
    281
    277
    265
    226
    217
    216
    217
    193
    209
    184
    155
    160
    150
    136
    142
    132
    143
    124
    123
    121
    131
    113
    119
    97
    107
    91
    80
    72
    88
    83
    77
    85
    64
    73
    62
    72
    76
    60
    43
    51
    43
    55
    44
    35
    38
    39
    43
    42
    38
    51
    32
    45
    44
    29
    34
    33
    44
    29
    21
    29
    30
    26
    31
    26
    26
    21
    28
    22
    19
    23
    28
    27
    23
    24
    30
    11
    13
    15
    21
    20
    16
    14
    15
    13
    11
    16
    9
    13
    11
    13
    9
    13
    595
    548
    465
    432
    345
    338
    346
    299
    291
    299
    282
    231
    232
    227
    212
    199
    215
    180
    191
    182
    166
    171
    123
    152
    124
    140
    121
    117
    115
    95
    96
    91
    108
    94
    105
    92
    75
    64
    81
    72
    62
    76
    70
    74
    66
    51
    54
    55
    63
    45
    41
    52
    46
    46
    42
    42
    35
    32
    42
    30
    39
    43
    30
    28
    34
    19
    35
    27
    39
    23
    35
    37
    17
    30
    28
    26
    21
    25
    10
    18
    15
    23
    21
    15
    15
    24
    17
    14
    19
    14
    21
    18
    14
    13
    11
    17
    9
    13
    16
    19
    571
    533
    413
    381
    346
    330
    342
    309
    283
    266
    249
    239
    253
    208
    239
    173
    206
    163
    166
    175
    149
    153
    150
    138
    131
    123
    112
    121
    123
    115
    95
    96
    92
    92
    92
    99
    98
    82
    76
    98
    77
    72
    58
    76
    53
    61
    58
    58
    51
    62
    53
    51
    58
    36
    37
    48
    47
    37
    42
    42
    32
    38
    35
    25
    31
    38
    24
    28
    29
    28
    36
    25
    29
    21
    25
    35
    25
    17
    23
    20
    23
    18
    17
    23
    18
    17
    17
    19
    17
    22
    17
    16
    14
    10
    18
    10
    13
    19
    15
    15
    585
    517
    477
    442
    406
    335
    317
    284
    259
    291
    282
    217
    237
    236
    234
    195
    190
    184
    175
    173
    166
    143
    143
    135
    128
    138
    124
    122
    114
    121
    91
    105
    100
    101
    80
    95
    79
    80
    65
    80
    79
    54
    63
    64
    69
    62
    59
    61
    60
    57
    40
    45
    52
    48
    52
    34
    40
    38
    29
    37
    37
    35
    32
    29
    25
    32
    28
    28
    31
    34
    32
    22
    25
    31
    19
    27
    21
    22
    19
    20
    18
    18
    25
    15
    17
    18
    20
    16
    26
    18
    9
    13
    23
    18
    15
    8
    14
    16
    13
    10
    590
    549
    471
    431
    383
    357
    329
    324
    290
    293
    260
    248
    281
    235
    208
    206
    171
    200
    164
    178
    157
    165
    130
    131
    128
    107
    123
    101
    114
    112
    94
    93
    102
    89
    103
    94
    100
    82
    91
    76
    79
    67
    58
    65
    60
    45
    64
    56
    52
    51
    53
    50
    45
    42
    41
    34
    39
    38
    32
    39
    35
    31
    35
    39
    38
    26
    36
    26
    26
    30
    25
    20
    24
    29
    19
    24
    19
    20
    18
    21
    23
    17
    19
    19
    22
    13
    24
    14
    16
    18
    9
    18
    16
    18
    24
    12
    11
    17
    15
    21
    595
    543
    470
    413
    398
    342
    328
    310
    285
    275
    256
    247
    231
    190
    225
    199
    185
    196
    164
    181
    151
    153
    153
    143
    124
    123
    117
    127
    110
    120
    118
    98
    73
    110
    89
    81
    74
    82
    92
    87
    67
    58
    71
    65
    57
    59
    57
    64
    47
    46
    50
    49
    53
    49
    42
    46
    42
    49
    41
    38
    30
    23
    27
    38
    35
    28
    35
    25
    26
    29
    18
    37
    28
    32
    21
    25
    13
    24
    24
    16
    17
    27
    20
    15
    26
    20
    18
    24
    11
    19
    16
    12
    12
    19
    12
    24
    9
    18
    11
    9
    548
    513
    481
    426
    386
    375
    334
    311
    308
    272
    245
    240
    217
    231
    204
    180
    177
    170
    180
    156
    144
    135
    137
    126
    118
    134
    125
    135
    93
    121
    106
    119
    89
    89
    98
    70
    93
    76
    76
    74
    60
    66
    79
    44
    65
    50
    66
    38
    55
    45
    61
    54
    50
    44
    46
    31
    42
    31
    42
    40
    55
    36
    32
    40
    41
    29
    32
    28
    30
    29
    27
    18
    24
    23
    23
    24
    17
    27
    24
    22
    17
    17
    20
    13
    22
    18
    12
    18
    20
    14
    18
    18
    17
    18
    17
    22
    9
    14
    11
    17
    584
    555
    483
    399
    359
    365
    317
    292
    290
    278
    259
    256
    232
    249
    219
    179
    189
    207
    147
    184
    143
    160
    131
    151
    146
    127
    128
    112
    125
    96
    101
    97
    97
    71
    95
    85
    87
    62
    75
    69
    85
    69
    74
    72
    63
    57
    55
    59
    72
    54
    49
    34
    39
    33
    42
    26
    43
    36
    35
    36
    33
    32
    36
    37
    34
    29
    30
    25
    27
    22
    22
    29
    19
    26
    32
    22
    27
    22
    30
    26
    28
    17
    19
    19
    13
    8
    12
    20
    18
    13
    15
    18
    12
    14
    13
    15
    16
    12
    12
    14
    598
    535
    472
    405
    372
    356
    337
    322
    277
    271
    286
    266
    239
    240
    210
    181
    171
    165
    156
    167
    146
    141
    140
    130
    121
    139
    124
    115
    133
    108
    116
    97
    87
    96
    101
    87
    77
    67
    68
    84
    81
    83
    57
    66
    71
    66
    61
    58
    51
    51
    41
    51
    51
    44
    45
    44
    52
    44
    40
    36
    41
    35
    36
    35
    30
    36
    30
    27
    37
    28
    24
    23
    31
    26
    24
    13
    19
    17
    27
    26
    23
    26
    23
    21
    11
    12
    10
    20
    17
    23
    19
    22
    13
    18
    13
    17
    16
    17
    21
    7
    555
    544
    461
    445
    392
    335
    342
    313
    306
    271
    252
    268
    232
    217
    185
    192
    186
    165
    175
    178
    140
    170
    143
    155
    127
    134
    105
    133
    109
    100
    114
    102
    102
    82
    84
    90
    80
    72
    69
    76
    67
    74
    73
    61
    56
    68
    61
    47
    41
    49
    38
    47
    54
    41
    49
    32
    45
    31
    29
    48
    37
    43
    34
    23
    33
    26
    39
    32
    31
    31
    33
    26
    17
    21
    26
    20
    24
    25
    20
    24
    17
    17
    24
    26
    14
    21
    18
    11
    16
    14
    18
    11
    8
    13
    9
    12
    13
    10
    16
    11
    589
    518
    430
    427
    389
    362
    364
    308
    311
    235
    235
    253
    241
    207
    190
    196
    186
    179
    166
    180
    176
    154
    125
    155
    153
    126
    114
    120
    106
    101
    110
    104
    92
    77
    71
    100
    78
    81
    77
    56
    69
    62
    76
    59
    54
    59
    48
    52
    50
    45
    47
    43
    44
    33
    40
    46
    36
    54
    40
    37
    33
    38
    27
    22
    29
    32
    19
    30
    23
    32
    27
    24
    26
    22
    19
    22
    20
    23
    22
    20
    16
    12
    23
    17
    19
    19
    14
    23
    20
    18
    12
    11
    13
    17
    16
    7
    14
    14
    18
    16
    549
    533
    471
    411
    384
    336
    324
    305
    270
    269
    275
    253
    242
    206
    222
    223
    197
    154
    167
    171
    161
    159
    148
    141
    129
    107
    106
    121
    104
    92
    96
    114
    92
    94
    95
    88
    91
    89
    73
    80
    67
    63
    76
    58
    77
    63
    49
    56
    50
    60
    47
    57
    56
    57
    36
    45
    40
    36
    35
    39
    39
    25
    52
    32
    20
    21
    32
    15
    41
    22
    23
    33
    24
    25
    21
    29
    27
    19
    21
    22
    21
    17
    18
    20
    17
    18
    17
    20
    17
    13
    19
    17
    15
    9
    19
    8
    15
    15
    15
    7
    561
    515
    459
    419
    366
    355
    339
    324
    325
    263
    250
    240
    265
    230
    225
    182
    178
    157
    200
    144
    166
    148
    155
    138
    123
    132
    114
    113
    112
    103
    106
    92
    105
    98
    68
    82
    78
    78
    85
    86
    63
    58
    65
    64
    55
    55
    40
    65
    60
    48
    47
    45
    52
    38
    38
    40
    49
    39
    42
    41
    34
    37
    39
    34
    33
    31
    24
    28
    33
    29
    22
    28
    22
    30
    28
    21
    22
    23
    31
    21
    19
    19
    14
    14
    23
    20
    19
    16
    14
    5
    19
    11
    15
    14
    13
    9
    11
    10
    10
    14

Data:
    0
    0
    0
    0
    0
    0
    0
    0
    0
    0
    0
    0
    0
    0
    0
    0
    0
    0
    0
    0
    0
    0
    0
    0
    0
    0
    0
    0
    0
    0
    0
    0
    0
    0
    0
    0
    0
    0
    0
    0
    0
    0
    0
    0
    0
    0
    0
    0
    0
    0
    0
    0
    0
    0
    0
    0
    0
    0
    0
    0
    0
    0
    0
    0
    0
    0
    0
    0
    0
    0
    0
    0
    0
    0
    0
    0
    0
    0
    0
    0
    0
    0
    0
    0
    0
    0
    0
    0
    0
    0
    0
    0
    0
    0
    0
    0
    0
    0
    0
    0
    0
    0
    0
    0
    0
    0
    0
    0
    0
    0
    0
    0
    0
    0
    0
    0
    0
    0
    0
    0
    0
    0
    0
    0
    0
    0
    0
    0
    0
    0
    0
    0
    0
    0
    0
    0
    0
    0
    0
    0
    0
    0
    0
    0
    0
    0
    0
    0
    0
    0
    0
    0
    0
    0
    0
    0
    0
    0
    0
    0
    0
    0
    0
    0
    0
    0
    0
    0
    0
    0
    0
    0
    0
    0
    0
    0
    0
    0
    0
    0
    0
    0
    0
    0
    0
    0
    0
    0
    0
    0
    0
    0
    0
    0
    0
    0
    0
    0
    0
    0
    0
    0
    0
    0
    0
    0
    0
    0
    0
    0
    0
    0
    0
    0
    0
    0
    0
    0
    0
    0
    0
    0
    0
    0
    0
    0
    0
    0
    0
    0
    0
    0
    0
    0
    0
    0
    0
    0
    0
    0
    0
    0
    0
    0
    0
    0
    0
    0
    0
    0
    0
    0
    0
    0
    0
    0
    0
    0
    0
    0
    0
    0
    0
    0
    0
    0
    0
    0
    0
    0
    0
    0
    0
    0
    0
    0
    0
    0
    0
    0
    0
    0
    0
    0
    0
    0
    0
    0
    0
    0
    0
    0
    0
    0
    0
    0
    0
    0
    0
    0
    0
    0
    0
    0
    0
    0
    0
    0
    0
    0
    0
    0
    0
    0
    0
    0
    0
    0
    0
    0
    0
    0
    0
    0
    0
    0
    0
    0
    0
    0
    0
    0
    0
    0
    0
    0
    0
    0
    0
    0
    0
    0
    0
    0
    0
    0
    0
    0
    0
    0
    0
    0
    0
    0
    0
    0
    0
    0
    0
    0
    0
    0
    0
    0
    0
    0
    0
    0
    0
    0
    0
    0
    0
    0
    0
    0
    0
    0
    0
    0
    0
    0
    0
    0
    0
    0
    0
    0
    0
    0
    0
    0
    0
    0
    0
    0
    0
    0
    0
    0
    0
    0
    0
    0
    0
    0
    0
    0
    0
    0
    0
    0
    0
    0
    0
    0
    0
    0
    0
    0
    0
    0
    0
    0
    0
    0
    0
    0
    0
    0
    0
    0
    0
    0
    0
    0
    0
    0
    0
    0
    0
    0
    0
    0
    0
    0
    0
    0
    0
    0
    0
    0
    0
    0
    0
    0
    0
    0
    0
    0
    0
    0
    0
    0
    0
    0
    0
    0
    0
    0
    0
    0
    0
    0
    0
    0
    0
    0
    0
    0
    0
    0
    0
    0
    0
    0
    0
    0
    0
    0
    0
    0
    0
    0
    0
    0
    0
    0
    0
    0
    0
    0
    0
    0
    0
    0
    0
    0
    0
    0
    0
    0
    0
    0
    0
    0
    0
    0
    0
    0
    0
    0
    0
    0
    0
    0
    0
    0
    0
    0
    0
    0
    0
    0
    0
    0
    0
    0
    0
    0
    0
    0
    0
    0
    0
    0
    0
    0
    0
    0
    0
    0
    0
    0
    0
    0
    0
    0
    0
    0
    0
    0
    0
    0
    0
    0
    0
    0
    0
    0
    0
    0
    0
    0
    0
    0
    0
    0
    0
    0
    0
    0
    0
    0
    0
    0
    0
    0
    0
    0
    0
    0
    0
    0
    0
    0
    0
    0
    0
    0
    0
    0
    0
    0
    0
    0
    0
    0
    0
    0
    0
    0
    0
    0
    0
    0
    0
    0
    0
    0
    0
    0
    0
    0
    0
    0
    0
    0
    0
    0
    0
    0
    0
    0
    0
    0
    0
    0
    0
    0
    0
    0
    0
    0
    0
    0
    0
    0
    0
    0
    0
    0
    0
    0
    0
    0
    0
    0
    0
    0
    0
    0
    0
    0
    0
    0
    0
    0
    0
    0
    0
    0
    0
    0
    0
    0
    0
    0
    0
    0
    0
    0
    0
    0
    0
    0
    0
    0
    0
    0
    0
    0
    0
    0
    0
    0
    0
    0
    0
    0
    0
    0
    0
    0
    0
    0
    0
    0
    0
    0
    0
    0
    0
    0
    0
    0
    0
    0
    0
    0
    0
    0
    0
    0
    0
    0
    0
    0
    0
    0
    0
    0
    0
    0
    0
    0
    0
    0
    0
    0
    0
    0
    0
    0
    0
    0
    0
    0
    0
    0
    0
    0
    0
    0
    0
    0
    0
    0
    0
    0
    0
    0
    0
    0
    0
    0
    0
    0
    0
    0
    0
    0
    0
    0
    0
    0
    0
    0
    0
    0
    0
    0
    0
    0
    0
    0
    0
    0
    0
    0
    0
    0
    0
    0
    0
    0
    0
    0
    0
    0
    0
    0
    0
    0
    0
    0
    0
    0
    0
    0
    0
    0
    0
    0
    0
    0
    0
    0
    0
    0
    0
    0
    0
    0
    0
    0
    0
    0
    0
    0
    0
    0
    0
    0
    0
    0
    0
    0
    0
    0
    0
    0
    0
    0
    0
    0
    0
    0
    0
    0
    0
    0
    0
    0
    0
    0
    0
    0
    0
    0
    0
    0
    0
    0
    0
    0
    0
    0
    0
    0
    0
    0
    0
    0
    0
    0
    0
    0
    0
    0
    0
    0
    0
    0
    0
    0
    0
    0
    0
    0
    0
    0
    0
    0
    0
    0
    0
    0
    0
    0
    0
    0
    0
    0
    0
    0
    0
    0
    0
    0
    0
    0
    0
    0
    0
    0
    0
    0
    0
    0
    0
    0
    0
    0
    0
    0
    0
    0
    0
    0
    0
    0
    0
    0
    0
    0
    0
    0
    0
    0
    0
    0
    0
    0
    0
    0
    0
    0
    0
    0
    0
    0
    0
    0
    0
    0
    0
    0
    0
    0
    0
    0
    0
    0
    0
    0
    0
    0
    0
    0
    0
    0
    0
    0
    0
    0
    0
    0
    0
    0
    0
    0
    0
    0
    0
    0
    0
    0
    0
    0
    0
    0
    0
    0
    0
    0
    0
    0
    0
    0
    0
    0
    0
    0
    0
    0
    0
    0
    0
    0
    0
    0
    0
    0
    0
    0
    0
    0
    0
    0
    0
    0
    0
    0
    0
    0
    0
    0
    0
    0
    0
    0
    0
    0
    0
    0
    0
    0
    0
    0
    0
    0
    0
    0
    0
    0
    0
    0
    0
    0
    0
    0
    0
    0
    0
    0
    0
    0
    0
    0
    0
    0
    0
    0
    0
    0
    0
    0
    0
    0
    0
    0
    0
    0
    0
    0
    0
    0
    0
    0
    0
    0
    0
    0
    0
    0
    0
    0
    0
    0
    0
    0
    0
    0
    0
    0
    0
    0
    0
    0
    0
    0
    0
    0
    0
    0
    0
    0
    0
    0
    0
    0
    0
    0
    0
    0
    0
    0
    0
    0
    0
    0
    0
    0
    0
    0
    0
    0
    0
    0
    0
    0
    0
    0
    0
    0
    0
    0
    0
    0
    0
    0
    0
    0
    0
    0
    0
    0
    0
    0
    0
    0
    0
    0
    0
    0
    0
    0
    0
    0
    0
    0
    0
    0
    0
    0
    0
    0
    0
    0
    0
    0
    0
    0
    0
    0
    0
    0
    0
    0
    0
    0
    0
    0
    0
    0
    0
    0
    0
    0
    0
    0
    0
    0
    0
    0
    0
    0
    0
    0
    0
    0
    0
    0
    0
    0
    0
    0
    0
    0
    0
    0
    0
    0
    0
    0
    0
    0
    0
    0
    0
    0
    0
    0
    0
    0
    0
    0
    0
    0
    0
    0
    0
    0
    0
    0
    0
    0
    0
    0
    0
    0
    0
    0
    0
    0
    0
    0
    0
    0
    0
    0
    0
    0
    0
    0
    0
    0
    0
    0
    0
    0
    0
    0
    0
    0
    0
    0
    0
    0
    0
    0
    0
    0
    0
    0
    0
    0
    0
    0
    0
    0
    0
    0
    0
    0
    0
    0
    0
    0
    0
    0
    0
    0
    0
    0
    0
    0
    0
    0
    0
    0
    0
    0
    0
    0
    0
    0
    0
    0
    0
    0
    0
    0
    0
    0
    0
    0
    0
    0
    0
    0
    0
    0
    0
    0
    0
    0
    0
    0
    0
    0
    0
    0
    0
    0
    0
    0
    0
    0
    0
    0
    0
    0
    0
    0
    0
    0
    0
    0
    0
    0
    0
    0
    0
    0
    0
    0
    0
    0
    0
    0
    0
    0
    0
    0
    0
    0
    0
    0
    0
    0
    0
    0
    0
    0
    0
    0
    0
    0
    0
    0
    0
    0
    0
    0
    0
    0
    0
    0
    0
    0
    0
    0
    0
    0
    0
    0
    0
    0
    0
    0
    0
    0
    0
    0
    0
    0
    0
    0
    0
    0
    0
    0
    0
    0
    0
    0
    0
    0
    0
    0
    0
    0
    0
    0
    0
    0
    0
    0
    0
    0
    0
    0
    0
    0
    0
    0
    0
    0
    0
    0
    0
    0
    0
    0
    0
    0
    0
    0
    0
    0
    0
    0
    0
    0
    0
    0
    0
    0
    0
    0
    0
    0
    0
    0
    0
    0
    0
    0
    0
    0
    0
    0
    0
    0
    0
    0
    0
    0
    0
    0
    0
    0
    0
    0
    0
    0
    0
    0
    0
    0
    0
    0
    0
    0
    0
    0
    0
    0
    0
    0
    0
    0
    0
    0
    0
    0
    0
    0
    0
    0
    0
    0
    0
    0
    0
    0
    0
    0
    0
    0
    0
    0
    0
    0
    0
    0
    0
    0
    0
    0
    0
    0
    0
    0
    0
    0
    0
    0
    0
    0
    0
    0
    0
    0
    0
    0
    0
    0
    0
    0
    0
    0
    0
    0
    0
    0
    0
    0
    0
    0
    0
    0
    0
    0
    0
    0
    0
    0
    0
    0
    0
    0
    0
    0
    0
    0
    0
    0
    0
    0
    0
    0
    0
    0
    0
    0
    0
    0
    0
    0
    0
    0
    0
    0
    0
    0
    0
    0
    0
    0
    0
    0
    0
    0
    0
    0
    0
    0
    0
    0
    0
    0
    0
    0
    0
    0
    0
    0
    0
    0
    0
    0
    0
    0
    0
    0
    0
    0
    0
    0
    0
    0
    0
    0
    0
    0
    0
    0
    0
    0
    0
    0
    0
    0
    0
    0
    0
    0
    0
    0
    0
    0
    0
    0
    0
    0
    0
    0
    0
    0
    0
    0
    0
    0
    0
    0
    0
    0
    0
    0
    0
    0
    0
    0
    0
    0
    0
    0
    0
    0
    0
    0
    0
    0
    0
    0
    0
    0
    0
    0
    0
    0
    0
    0
    0
    0
    0
    0
    0
    0
    0
    0
    0
    0
    0
    0
    0
    0
    0
    0
    0
    0
    0
    0
    0
    0
    0
    0
    0
    0
    0
    0
    0
    0
    0
    0
    0
    0
    0
    0
    0
    0
    0
    0
    0
    0
    0
    0
    0
    0
    0
    0
    0
    0
    0
    0
    0
    0
    0
    0
    0
    0
    0
    0
    0
    0
    0
    0
    0
    0
    0
    0
    0
    0
    0
    0
    0
    0
    0
    0
    0
    0
    0
    0
    0
    0
    0
    0
    0
    0
    0
    0
    0
    0
    0
    0
    0
    0
    0
    0
    0
    0
    0
    0
    0
    0
    0
    0
    0
    0
    0
    0
    0
    0
    0
    0
    0
    0
    0
    0
    0
    0
    0
    0
    0
    0
    0
    0
    0
    0
    0
    0
    0
    0
    0
    0
    0
    0
    0
    0
    0
    0
    0
    0
    0
    0
    0
    0
    0
    0
    0
    0
    0
    0
    0
    0
    0
    0
    0
    0
    0
    0
    0
    0
    0
    0
    0
    0
    0
    0
    0
    0
    0
    0
    0
    0
    0
    0
    0
    0
    0
    0
    0
    0
    0
    0
    0
    0
    0
    0
    0
    0
    0
    0
    0
    0
    0
    0
    0
    0
    0
    0
    0
    0
    0
    0
    0
    0
    0
    0
    0
    0
    0
    0
    0
    0
    0
    0
    0
    0
    0
    0
    0
    0
    0
    0
    0
    0
    0
    0
    0
    0
    0
    0
    0
    0
    0
    0
    0
    0
    0
    0
    0
    0
    0
    0
    0
    0
    0
    0
    0
    0
    0
    0
    0
    0
    0
    0
    0
    0
    0
    0
    0
    0
    0
    0
    0
    0
    0
    0
    0
    0
    0
    0
    0
    0
    0
    0
    0
    0
    0
    0
    0
    0
    0
    0
    0
    0
    0
    0
    0
    0
    0
    0
    0
    0
    0
    0
    0
    0
    0
    0
    0
    0
    0
    0
    0
    0
    0
    0
    0
    0
    0
    0
    0
    0
    0
    0
    0
    0
    0
    0
    0
    0
    0
    0
    0
    0
    0
    0
    0
    0
    0
    0
    0
    0
    0
    0
    0
    0
    0
    0
    0
    0
    0
    0
    0
    0
    0
    0
    0
    0
    0
    0
    0
    0
    0
    0
    0
    0
    0
    0
    0
    0
    0
    0
    0
    0
    0
    0
    0
    0
    0
    0
    0
    0
    0
    0
    0
    0
    0
    0
    0
    0
    0
    0
    0
    0
    0
    0
    0
    0
    0
    0
    0
    0
    0
    0
    0
    0
    0
    0
    0
    0
    0
    0
    0
    0
    0
    0
    0
    0
    0
    0
    0
    0
    0
    0
    0
    0
    0
    0
    0
    0
    0
    0
    0
    0
    0
    0
    0
    0
    0
    0
    0
    0
    0
    0
    0
    0
    0
    0
    0
    0
    0
    0
    0
    0
    0
    0
    0
    0
    0
    0
    0
    0
    0
    0
    0
    0
    0
    0
    0
    0
    0
    0
    0
    0
    0
    0
    0
    0
    0
    0
    0
    0
    0
    0
    0
    0
    0
    0
    0
    0
    0
    0
    0
    0
    0
    0
    0
    0
    0
    0
    0
    0
    0
    0
    0
    0
    0
    0
    0
    0
    0
    0
    0
    0
    0
    0
    0
    0
    0
    0
    0
    0
    0
    0
    0
    0
    0
    0
    0
    0
    0
    0
    0
    0
    0
    0
    0
    0
    0
    0
    0
    0
    0
    0
    0
    0
    0
    0
    0
    0
    0
    0
    0
    0
    0
    0
    0
    0
    0
    0
    0
    0
    0
    0
    0
    0
    0
    0
    0
    0
    0
    0
    0
    0
    0
    0
    0
    0
    0
    0
    0
    0
    0
    0
    0
    0
    0
    0
    0
    0
    0
    0
    0
    0
    0
    0
    0
    0
    0
    0
    0
    0
    0
    0
    0
    0
    0
    0
    0
    0
    0
    0
    0
    0
    0
    0
    0
    0
    0
    0
    0
    0
    0
    0
    0
    0
    0
    0
    0
    0
    0
    0
    0
    0
    0
    0
    0
    0
    0
    0
    0
    0
    0
    0
    0
    0
    0
    0
    0
    0
    0
    0
    0
    0
    0
    0
    0
    0
    0
    0
    0
    0
    0
    0
    0
    0
    0
    0
    0
    0
    0
    0
    0
    0
    0
    0
    0
    0
    0
    0
    0
    0
    0
    0
    0
    0
    0
    0
    0
    0
    0
    0
    0
    0
    0
    0
    0
    0
    0
    0
    0
    0
    0
    0
    0
    0
    0
    0
    0
    0
    0
    0
    0
    0
    0
    0
    0
    0
    0
    0
    0
    0
    0
    0
    0
    0
    0
    0
    0
    0
    0
    0
    0
    0
    0
    0
    0
    0
    0
    0
    0
    0
    0
    0
    0
    0
    0
    0
    0
    0
    0
    0
    0
    0
    0
    0
    0
    0
    0
    0
    0
    0
    0
    0
    0
    0
    0
    0
    0
    0
    0
    0
    0
    0
    0
    0
    0
    0
    0
    0
    0
    0
    0
    0
    0
    0
    0
    0
    0
    0
    0
    0
    0
    0
    0
    0
    0
    0
    0
    0
    0
    0
    0
    0
    0
    0
    0
    0
    0
    0
    0
    0
    0
    0
    0
    0
    0
    0
    0
    0
    0
    0
    0
    0
    0
    0
    0
    0
    0
    0
    0
    0
    0
    0
    0
    0
    0
    0
    0
    0
    0
    0
    0
    0
    0
    0
    0
    0
    0
    0
    0
    0
    0
    0
    0
    0
    0
    0
    0
    0
    0
    0
    0
    0
    0
    0
    0
    0
    0
    0
    0
    0
    0
    0
    0
    0
    0
    0
    0
    0
    0
    0
    0
    0
    0
    0
    0
    0
    0
    0
    0
    0
    0
    0
    0
    0
    0
    0
    0
    0
    0
    0
    0
    0
    0
    0
    0
    0
    0
    0
    0
    0
    0
    0
    0
    0
    0
    0
    0
    0
    0
    0
    0
    0
    0
    0
    0
    0
    0
    0
    0
    0
    0
    0
    0
    0
    0
    0
    0
    0
    0
    0
    0
    0
    0
    0
    0
    0
    0
    0
    0
    0
    0
    0
    0
    0
    0
    0
    0
    0
    0
    0
    0
    0
    0
    0
    0
    0
    0
    0
    0
    0
    0
    0
    0
    0
    0
    0
    0
    0
    0
    0
    0
    0
    0
    0
    0
    0
    0
    0
    0
    0
    0
    0
    0
    0
    0
    0
    0
    0
    0
    0
    0
    0
    0
    0
    0
    0
    0
    0
    0
    0
    0
    0
    0
    0
    0
    0
    0
    0
    0
    0
    0
    0
    0
    0
    0
    0
    0
    0
    0
    0
    0
    0
    0
    0
    0
    0
    0
    0
    0
    0
    0
    0
    0
    0
    0
    0
    0
    0
    0
    0
    0
    0
    0
    0
    0
    0
    0
    0
    0
    0
    0
    0
    0
    0
    0
    0
    0
    0
    0
    0
    0
    0
    0
    0
    0
    0
    0
    0
    0
    0
    0
    0
    0
    0
    0
    0
    0
    0
    0
    0
    0
    0
    0
    0
    0
    0
    0
    0
    0
    0
    0
    0
    0
    0
    0
    0
    0
    0
    0
    0
    0
    0
    0
    0
    0
    0
    0
    0
    0
    0
    0
    0
    0
    0
    0
    0
    0
    0
    0
    0
    0
    0
    0
    0
    0
    0
    0
    0
    0
    0
    0
    0
    0
    0
    0
    0
    0
    0
    0
    0
    0
    0
    0
    0
    0
    0
    0
    0
    0
    0
    0
    0
    0
    0
    0
    0
    0
    0
    0
    0
    0
    0
    0
    0
    0
    0
    0
    0
    0
    0
    0
    0
    0
    0
    0
    0
    0
    0
    0
    0
    0
    0
    0
    0
    0
    0
    0
    0
    0
    0
    0
    0
    0
    0
    0
    0
    0
    0
    0
    0
    0
    0
    0
    0
    0
    0
    0
    0
    0
    0
    0
    0
    0
    0
    0
    0
    0
    0
    0
    0
    0
    0
    0
    0
    0
    0
    0
    0
    0
    0
    0
    0
    0
    0
    0
    0
    0
    0
    0
    0
    0
    0
    0
    0
    0
    0
    0
    0
    0
    0
    0
    0
    0
    0
    0
    0
    0
    0
    0
    0
    0
    0
    0
    0
    0
    0
    0
    0
    0
    0
    0
    0
    0
    0
    0
    0
    0
    0
    0
    0
    0
    0
    0
    0
    0
    0
    0
    0
    0
    0
    0
    0
    0
    0
    0
    0
    0
    0
    0
    0
    0
    0
    0
    0
    0
    0
    0
    0
    0
    0
    0
    0
    0
    0
    0
    0
    0
    0
    0
    0
    0
    0
    0
    0
    0
    0
    0
    0
    0
    0
    0
    0
    0
    0
    0
    0
    0
    0
    0
    0
    0
    0
    0
    0
    0
    0
    0
    0
    0
    0
    0
    0
    0
    0
    0
    0
    0
    0
    0
    0
    0
    0
    0
    0
    0
    0
    0
    0
    0
    0
    0
    0
    0
    0
    0
    0
    0
    0
    0
    0
    0
    0
    0
    0
    0
    0
    0
    0
    0
    0
    0
    0
    0
    0
    0
    0
    0
    0
    0
    0
    0
    0
    0
    0
    0
    0
    0
    0
    0
    0
    0
    0
    0
    0
    0
    0
    0
    0
    0
    0
    0
    0
    0
    0
    0
    0
    0
    0
    0
    0
    0
    0
    0
    0
    0
    0
    0
    0
    0
    0
    0
    0
    0
    0
    0
    0
    0
    0
    0
    0
    0
    0
    0
    0
    0
    0
    0
    0
    0
    0
    0
    0
    0
    0
    0
    0
    0
    0
    0
    0
    0
    0
    0
    0
    0
    0
    0
    0
    0
    0
    0
    0
    0
    0
    0
    0
    0
    0
    0
    0
    0
    0
    0
    0
    0
    0
    0
    0
    0
    0
    0
    0
    0
    0
    0
    0
    0
    0
    0
    0
    0
    0
    0
    0
    0
    0
    0
    0
    0
    0
    0
    0
    0
    0
    0
    0
    0
    0
    0
    0
    0
    0
    0
    0
    0
    0
    0
    0
    0
    0
    0
    0
    0
    0
    0
    0
    0
    0
    0
    0
    0
    0
    0
    0
    0
    0
    0
    0
    0
    0
    0
    0
    0
    0
    0
    0
    0
    0
    0
    0
    0
    0
    0
    0
    0
    0
    0
    0
    0
    0
    0
    0
    0
    0
    0
    0
    0
    0
    0
    0
    0
    0
    0
    0
    0
    0
    0
    0
    0
    0
    0
    0
    0
    0
    0
    0
    0
    0
    0
    0
    0
    0
    0
    0
    0
    0
    0
    0
    0
    0
    0
    0
    0
    0
    0
    0
    0
    0
    0
    0
    0
    0
    0
    0
    0
    0
    0
    0
    0
    0
    0
    0
    0
    0
    0
    0
    0
    0
    0
    0
    0
    0
    0
    0
    0
    0
    0
    0
    0
    0
    0
    0
    0
    0
    0
    0
    0
    0
    0
    0
    0
    0
    0
    0
    0
    0
    0
    0
    0
    0
    0
    0
    0
    0
    0
    0
    0
    0
    0
    0
    0
    0
    0
    0
    0
    0
    0
    0
    0
    0
    0
    0
    0
    0
    0
    0
    0
    0
    0
    0
    0
    0
    0
    0
    0
    0
    0
    0
    0
    0
    0
    0
    0
    0
    0
    0
    0
    0
    0
    0
    0
    0
    0
    0
    0
    0
    0
    0
    0
    0
    0
    0
    0
    0
    0
    0
    0
    0
    0
    0
    0
    0
    0
    0
    0
    0
    0
    0
    0
    0
    0
    0
    0
    0
    0
    0
    0
    0
    0
    0
    0
    0
    0
    0
    0
    0
    0
    0
    0
    0
    0
    0
    0
    0
    0
    0
    0
    0
    0
    0
    0
    0
    0
    0
    0
    0
    0
    0
    0
    0
    0
    0
    0
    0
    0
    0
    0
    0
    0
    0
    0
    0
    0
    0
    0
    0
    0
    0
    0
    0
    0
    0
    0
    0
    0
    0
    0
    0
    0
    0
    0
    0
    0
    0
    0
    0
    0
    0
    0
    0
    0
    0
    0
    0
    0
    0
    0
    0
    0
    0
    0
    0
    0
    0
    0
    0
    0
    0
    0
    0
    0
    0
    0
    0
    0
    0
    0
    0
    0
    0
    0
    0
    0
    0
    0
    0
    0
    0
    0
    0
    0
    0
    0
    0
    0
    0
    0
    0
    0
    0
    0
    0
    0
    0
    0
    0
    0
    0
    0
    0
    0
    0
    0
    0
    0
    0
    0
    0
    0
    0
    0
    0
    0
    0
    0
    0
    0
    0
    0
    0
    0
    0
    0
    0
    0
    0
    0
    0
    0
    0
    0
    0
    0
    0
    0
    0
    0
    0
    0
    0
    0
    0
    0
    0
    0
    0
    0
    0
    0
    0
    0
    0
    0
    0
    0
    0
    0
    0
    0
    0
    0
    0
    0
    0
    0
    0
    0
    0
    0
    0
    0
    0
    0
    0
    0
    0
    0
    0
    0
    0
    0
    0
    0
    0
    0
    0
    0
    0
    0
    0
    0
    0
    0
    0
    0
    0
    0
    0
    0
    0
    0
    0
    0
    0
    0
    0
    0
    0
    0
    0
    0
    0
    0
    0
    0
    0
    0
    0
    0
    0
    0
    0
    0
    0
    0
    0
    0
    0
    0
    0
    0
    0
    0
    0
    0
    0
    0
    0
    0
    0
    0
    0
    0
    0
    0
    0
    0
    0
    0
    0
    0
    0
    0
    0
    0
    0
    0
    0
    0
    0
    0
    0
    0
    0
    0
    0
    0
    0
    0
    0
    0
    0
    0
    0
    0
    0
    0
    0
    0
    0
    0
    0
    0
    0
    0
    0
    0
    0
    0
    0
    0
    0
    0
    0
    0
    0
    0
    0
    0
    0
    0
    0
    0
    0
    0
    0
    0
    0
    0
    0
    0
    0
    0
    0
    0
    0
    0
    0
    0
    0
    0
    0
    0
    0
    0
    0
    0
    0
    0
    0
    0
    0
    0
    0
    0
    0
    0
    0
    0
    0
    0
    0
    0
    0
    0
    0
    0
    0
    0
    0
    0
    0
    0
    0
    0
    0
    0
    0
    0
    0
    0
    0
    0
    0
    0
    0
    0
    0
    0
    0
    0
    0
    0
    0
    0
    0
    0
    0
    0
    0
    0
    0
    0
    0
    0
    0
    0
    0
    0
    0
    0
    0
    0
    0
    0
    0
    0
    0
    0
    0
    0
    0
    0
    0
    0
    0
    0
    0
    0
    0
    0
    0
    0
    0
    0
    0
    0
    0
    0
    0
    0
    0
    0
    0
    0
    0
    0
    0
    0
    0
    0
    0
    0
    0
    0
    0
    0
    0
    0
    0
    0
    0
    0
    0
    0
    0
    0
    0
    0
    0
    0
    0
    0
    0
    0
    0
    0
    0
    0
    0
    0
    0
    0
    0
    0
    0
    0
    0
    0
    0
    0
    0
    0
    0
    0
    0
    0
    0
    0
    0
    0
    0
    0
    0
    0
    0
    0
    0
    0
    0
    0
    0
    0
    0
    0
    0
    0
    0
    0
    0
    0
    0
    0
    0
    0
    0
    0
    0
    0
    0
    0
    0
    0
    0
    0
    0
    0
    0
    0
    0
    0
    0
    0
    0
    0
    0
    0
    0
    0
    0
    0
    0
    0
    0
    0
    0
    0
    0
    0
    0
    0
    0
    0
    0
    0
    0
    0
    0
    0
    0
    0
    0
    0
    0
    0
    0
    0
    0
    0
    0
    0
    0
    0
    0
    0
    0
    0
    0
    0
    0
    0
    0
    0
    0
    0
    0
    0
    0
    0
    0
    0
    0
    0
    0
    0
    0
    0
    0
    0
    0
    0
    0
    0
    0
    0
    0
    0
    0
    0
    0
    0
    0
    0
    0
    0
    0
    0
    0
    0
    0
    0
    0
    0
    0
    0
    0
    0
    0
    0
    0
    0
    0
    0
    0
    0
    0
    0
    0
    0
    0
    0
    0
    0
    0
    0
    0
    0
    0
    0
    0
    0
    0
    0
    0
    0
    0
    0
    0
    0
    0
    0
    0
    0
    0
    0
    0
    0
    0
    0
    0
    0
    0
    0
    0
    0
    0
    0
    0
    0
    0
    0
    0
    0
    0
    0
    0
    0
    0
    0
    0
    0
    0
    0
    0
    0
    0
    0
    0
    0
    0
    0
    0
    0
    0
    0
    0
    0
    0
    0
    0
    0
    0
    0
    0
    0
    0
    0
    0
    0
    0
    0
    0
    0
    0
    0
    0
    0
    0
    0
    0
    0
    0
    0
    0
    0
    0
    0
    0
    0
    0
    0
    0
    0
    0
    0
    0
    0
    0
    0
    0
    0
    0
    0
    0
    0
    0
    0
    0
    0
    0
    0
    0
    0
    0
    0
    0
    0
    0
    0
    0
    0
    0
    0
    0
    0
    0
    0
    0
    0
    0
    0
    0
    0
    0
    0
    0
    0
    0
    0
    0
    0
    0
    0
    0
    0
    0
    0
    0
    0
    0
    0
    0
    0
    0
    0
    0
    0
    0
    0
    0
    0
    0
    0
    0
    0
    0
    0
    0
    0
    0
    0
    0
    0
    0
    0
    0
    0
    0
    0
    0
    0
    0
    0
    0
    0
    0
    0
    0
    0
    0
    0
    0
    0
    0
    0
    0
    0
    0
    0
    0
    0
    0
    0
    0
    0
    0
    0
    0
    0
    0
    0
    0
    0
    0
    0
    0
    0
    0
    0
    0
    0
    0
    0
    0
    0
    0
    0
    0
    0
    0
    0
    0
    0
    0
    0
    0
    0
    0
    0
    0
    0
    0
    0
    0
    0
    0
    0
    0
    0
    0
    0
    0
    0
    0
    0
    0
    0
    0
    0
    0
    0
    0
    0
    0
    0
    0
    0
    0
    0
    0
    0
    0
    0
    0
    0
    0
    0
    0
    0
    0
    0
    0
    0
    0
    0
    0
    0
    0
    0
    0
    0
    0
    0
    0
    0
    0
    0
    0
    0
    0
    0
    0
    0
    0
    0
    0
    0
    0
    0
    0
    0
    0
    0
    0
    0
    0
    0
    0
    0
    0
    0
    0
    0
    0
    0
    0
    0
    0
    0
    0
    0
    0
    0
    0
    0
    0
    0
    0
    0
    0
    0
    0
    0
    0
    0
    0
    0
    0
    0
    0
    0
    0
    0
    0
    0
    0
    0
    0
    0
    0
    0
    0
    0
    0
    0
    0
    0
    0
    0
    0
    0
    0
    0
    0
    0
    0
    0
    0
    0
    0
    0
    0
    0
    0
    0
    0
    0
    0
    0
    0
    0
    0
    0
    0
    0
    0
    0
    0
    0
    0
    0
    0
    0
    0
    0
    0
    0
    0
    0
    0
    0
    0
    0
    0
    0
    0
    0
    0
    0
    0
    0
    0
    0
    0
    0
    0
    0
    0
    0
    0
    0
    0
    0
    0
    0
    0
    0
    0
    0
    0
    0
    0
    0
    0
    0
    0
    0
    0
    0
    0
    0
    0
    0
    0
    0
    0
    0
    0
    0
    0
    0
    0
    0
    0
    0
    0
    0
    0
    0
    0
    0
    0
    0
    0
    0
    0
    0
    0
    0
    0
    0
    0
    0
    0
    0
    0
    0
    0
    0
    0
    0
    0
    0
    0
    0
    0
    0
    0
    0
    0
    0
    0
    0
    0
    0
    0
    0
    0
    0
    0
    0
    0
    0
    0
    0
    0
    0
    0
    0
    0
    0
    0
    0
    0
    0
    0
    0
    0
    0
    0
    0
    0
    0
    0
    0
    0
    0
    0
    0
    0
    0
    0
    0
    0
    0
    0
    0
    0
    0
    0
    0
    0
    0
    0
    0
    0
    0
    0
    0
    0
    0
    0
    0
    0
    0
    0
    0
    0
    0
    0
    0
    0
    0
    0
    0
    0
    0
    0
    0
    0
    0
    0
    0
    0
    0
    0
    0
    0
    0
    0
    0
    0
    0
    0
    0
    0
    0
    0
    0
    0
    0
    0
    0
    0
    0
    0
    0
    0
    0
    0
    0
    0
    0
    0
    0
    0
    0
    0
    0
    0
    0
    0
    0
    0
    0
    0
    0
    0
    0
    0
    0
    0
    0
    0
    0
    0
    0
    0
    0
    0
    0
    0
    0
    0
    0
    0
    0
    0
    0
    0
    0
    0
    0
    0
    0
    0
    0
    0
    0
    0
    0
    0
    0
    0
    0
    0
    0
    0
    0
    0
    0
    0
    0
    0
    0
    0
    0
    0
    0
    0
    0
    0
    0
    0
    0
    0
    0
    0
    0
    0
    0
    0
    0
    0
    0
    0
    0
    0
    0
    0
    0
    0
    0
    0
    0
    0
    0
    0
    0
    0
    0
    0
    0
    0
    0
    0
    0
    0
    0
    0
    0
    0
    0
    0
    0
    0
    0
    0
    0
    0
    0
    0
    0
    0
    0
    0
    0
    0
    0
    0
    0
    0
    0
    0
    0
    0
    0
    0
    0
    0
    0
    0
    0
    0
    0
    0
    0
    0
    0
    0
    0
    0
    0
    0
    0
    0
    0
    0
    0
    0
    0
    0
    0
    0
    0
    0
    0
    0
    0
    0
    0
    0
    0
    0
    0
    0
    0
    0
    0
    0
    0
    0
    0
    0
    0
    0
    0
    0
    0
    0
    0
    0
    0
    0
    0
    0
    0
    0
    0
    0
    0
    0
    0
    0
    0
    0
    0
    0
    0
    0
    0
    0
    0
    0
    0
    0
    0
    0
    0
    0
    0
    0
    0
    0
    0
    0
    0
    0
    0
    0
    0
    0
    0
    0
    0
    0
    0
    0
    0
    0
    0
    0
    0
    0
    0
    0
    0
    0
    0
    0
    0
    0
