Project Info:
    ACQ Time: 2019- 9-24  11:20:56: 395 .
    Project: ltj左侧足三里（足三里涂红药水30min）
    Name: 
    Part:  
    Operator:  
    Desc.:  
    Sample Data Acquired.

ACQ Parameters:
    Excited Peroid(ms): 50
    Excited Time(ms): 10
    Acq Delay Time(us): 10
    Gate Time(ms): 20
    Count Num per gate: 100
    Repeat Times: 50
    Acq Gate Times: 1
    Interval per Gate(us): 100
    Channel Number: 2

Data:
    332
    309
    241
    236
    220
    179
    159
    133
    156
    123
    131
    119
    98
    102
    102
    109
    88
    80
    73
    66
    63
    68
    55
    64
    64
    49
    43
    56
    47
    50
    43
    31
    47
    28
    31
    35
    31
    44
    32
    27
    33
    28
    26
    30
    25
    30
    19
    27
    17
    12
    18
    24
    21
    18
    23
    19
    16
    15
    7
    11
    13
    13
    10
    11
    8
    14
    11
    15
    11
    9
    7
    6
    7
    9
    5
    11
    8
    15
    6
    7
    7
    5
    4
    7
    3
    8
    3
    8
    8
    5
    6
    3
    7
    7
    3
    7
    4
    7
    5
    6
    370
    278
    260
    235
    211
    200
    176
    171
    145
    143
    118
    128
    96
    108
    125
    111
    101
    72
    95
    66
    67
    58
    67
    70
    54
    62
    50
    46
    56
    52
    54
    42
    44
    34
    38
    30
    43
    26
    34
    33
    36
    27
    23
    28
    28
    25
    26
    22
    17
    20
    15
    20
    25
    22
    14
    18
    21
    17
    10
    14
    12
    15
    13
    12
    10
    13
    13
    10
    15
    15
    12
    5
    10
    8
    6
    8
    8
    7
    6
    8
    7
    3
    7
    8
    9
    4
    7
    3
    5
    3
    6
    3
    8
    6
    5
    3
    7
    6
    7
    6
    340
    314
    254
    253
    222
    203
    178
    170
    147
    144
    126
    135
    118
    128
    110
    81
    83
    78
    102
    75
    84
    74
    76
    67
    68
    65
    37
    44
    39
    32
    41
    56
    43
    41
    52
    41
    42
    25
    31
    23
    25
    28
    26
    25
    20
    21
    17
    15
    28
    19
    17
    19
    19
    17
    18
    11
    16
    20
    16
    15
    19
    12
    15
    9
    14
    15
    16
    15
    10
    13
    8
    6
    10
    6
    4
    9
    10
    9
    5
    6
    5
    10
    10
    6
    9
    6
    6
    3
    4
    6
    10
    3
    5
    3
    5
    4
    2
    4
    2
    3
    354
    293
    237
    260
    214
    190
    163
    162
    156
    129
    149
    137
    106
    106
    107
    85
    92
    78
    60
    68
    53
    56
    65
    66
    64
    59
    56
    58
    50
    61
    38
    46
    41
    41
    41
    41
    37
    32
    30
    27
    28
    30
    19
    32
    25
    24
    28
    23
    23
    28
    14
    34
    24
    19
    16
    20
    4
    19
    13
    14
    7
    17
    14
    19
    17
    14
    14
    12
    8
    8
    8
    8
    17
    12
    12
    9
    12
    5
    16
    5
    5
    10
    8
    8
    6
    9
    2
    5
    7
    6
    4
    5
    5
    6
    11
    2
    7
    2
    9
    5
    369
    281
    239
    230
    202
    175
    185
    196
    143
    149
    152
    120
    95
    115
    109
    109
    101
    84
    81
    84
    70
    65
    79
    61
    60
    64
    59
    58
    51
    42
    39
    48
    42
    32
    32
    33
    22
    39
    37
    27
    29
    32
    29
    30
    23
    27
    27
    20
    26
    23
    21
    26
    19
    26
    23
    24
    14
    7
    21
    17
    12
    13
    9
    11
    12
    15
    6
    14
    12
    12
    6
    9
    6
    16
    11
    5
    3
    10
    7
    1
    12
    9
    6
    9
    9
    7
    6
    6
    8
    6
    2
    3
    1
    5
    7
    6
    2
    3
    3
    7
    315
    313
    287
    253
    188
    183
    175
    185
    134
    133
    109
    126
    97
    95
    113
    81
    87
    89
    107
    75
    69
    68
    63
    73
    64
    53
    52
    37
    54
    53
    49
    49
    50
    46
    33
    44
    32
    48
    30
    26
    29
    34
    24
    21
    24
    33
    29
    17
    17
    12
    23
    22
    19
    15
    18
    23
    20
    18
    24
    11
    15
    14
    20
    15
    18
    18
    13
    7
    13
    11
    10
    9
    15
    9
    8
    13
    8
    4
    14
    6
    6
    7
    7
    9
    5
    10
    11
    6
    5
    4
    8
    7
    7
    7
    4
    11
    1
    5
    2
    5
    317
    277
    260
    212
    197
    183
    166
    169
    155
    144
    134
    125
    117
    99
    105
    107
    91
    79
    80
    97
    80
    77
    78
    71
    46
    54
    55
    52
    59
    52
    31
    40
    52
    48
    40
    41
    33
    38
    32
    30
    42
    27
    28
    32
    35
    32
    19
    32
    25
    27
    23
    17
    15
    21
    12
    14
    13
    8
    8
    11
    19
    11
    13
    14
    17
    14
    14
    11
    13
    8
    10
    8
    8
    10
    10
    8
    6
    9
    10
    4
    7
    7
    7
    7
    10
    8
    4
    4
    7
    7
    3
    5
    7
    6
    8
    4
    5
    4
    2
    5
    333
    303
    276
    224
    210
    220
    187
    187
    159
    137
    142
    120
    120
    93
    114
    71
    86
    84
    102
    86
    89
    71
    71
    73
    69
    56
    66
    58
    44
    43
    46
    53
    39
    36
    47
    39
    44
    28
    26
    35
    41
    36
    34
    20
    20
    27
    24
    23
    26
    22
    27
    24
    21
    25
    11
    25
    17
    15
    17
    14
    6
    15
    16
    10
    7
    17
    16
    10
    12
    8
    11
    9
    10
    10
    8
    10
    11
    7
    6
    5
    4
    11
    7
    6
    7
    9
    10
    5
    4
    5
    1
    8
    6
    3
    3
    2
    8
    2
    6
    4
    364
    263
    311
    243
    225
    196
    160
    190
    152
    138
    138
    119
    110
    107
    127
    105
    85
    82
    75
    81
    65
    78
    59
    61
    63
    49
    65
    48
    58
    45
    58
    42
    47
    48
    43
    33
    37
    33
    26
    27
    27
    32
    29
    23
    34
    30
    21
    24
    23
    24
    20
    24
    18
    16
    13
    22
    21
    14
    20
    21
    13
    12
    9
    9
    17
    14
    4
    10
    17
    15
    12
    15
    8
    13
    14
    7
    5
    6
    13
    10
    7
    8
    3
    11
    10
    6
    4
    7
    8
    4
    5
    4
    3
    4
    4
    10
    4
    2
    9
    10
    363
    305
    309
    252
    231
    173
    163
    171
    151
    149
    129
    132
    129
    118
    104
    93
    89
    65
    77
    87
    87
    70
    64
    81
    60
    76
    69
    49
    45
    43
    45
    42
    46
    27
    40
    38
    39
    41
    37
    34
    33
    33
    24
    31
    32
    16
    20
    32
    20
    31
    18
    22
    27
    22
    6
    20
    15
    15
    15
    22
    14
    10
    15
    18
    10
    12
    9
    12
    8
    11
    9
    13
    8
    9
    9
    8
    8
    13
    1
    9
    4
    7
    14
    5
    9
    7
    6
    7
    9
    6
    6
    5
    3
    7
    7
    4
    6
    8
    3
    5
    355
    339
    245
    224
    208
    175
    190
    173
    165
    133
    150
    124
    113
    100
    110
    99
    85
    84
    91
    91
    78
    71
    65
    68
    68
    52
    52
    56
    50
    42
    52
    54
    54
    46
    34
    41
    35
    41
    30
    18
    25
    33
    29
    23
    22
    32
    23
    20
    19
    22
    26
    27
    17
    26
    12
    19
    17
    10
    12
    15
    15
    12
    24
    11
    11
    14
    11
    10
    10
    12
    14
    7
    15
    11
    10
    9
    11
    7
    8
    11
    7
    9
    8
    11
    6
    7
    3
    14
    6
    5
    8
    8
    5
    5
    5
    7
    6
    8
    10
    3
    323
    330
    267
    223
    193
    170
    176
    175
    158
    151
    157
    136
    103
    104
    105
    95
    82
    80
    85
    84
    73
    67
    65
    67
    64
    62
    65
    54
    45
    39
    63
    46
    45
    43
    41
    31
    29
    33
    31
    29
    27
    27
    30
    25
    21
    28
    23
    26
    18
    23
    21
    13
    11
    16
    17
    27
    17
    14
    15
    25
    17
    12
    15
    16
    9
    13
    11
    13
    10
    16
    13
    12
    8
    8
    7
    11
    8
    6
    10
    7
    5
    10
    4
    5
    4
    6
    5
    17
    8
    7
    10
    5
    6
    10
    8
    6
    4
    5
    7
    4
    342
    316
    289
    256
    229
    178
    164
    178
    128
    157
    137
    138
    110
    124
    114
    87
    78
    105
    80
    85
    61
    66
    65
    63
    63
    53
    54
    64
    52
    48
    34
    37
    35
    38
    45
    36
    33
    31
    36
    42
    22
    23
    24
    38
    24
    23
    25
    18
    19
    18
    21
    25
    16
    21
    15
    11
    23
    11
    20
    14
    21
    11
    13
    15
    17
    12
    9
    4
    12
    19
    8
    13
    9
    12
    11
    11
    14
    10
    7
    4
    4
    9
    9
    12
    11
    11
    9
    3
    9
    6
    4
    3
    3
    6
    10
    4
    3
    6
    6
    5
    377
    343
    263
    223
    195
    196
    161
    167
    152
    135
    116
    132
    126
    113
    107
    100
    107
    104
    80
    88
    79
    76
    70
    52
    56
    43
    52
    57
    53
    54
    50
    44
    43
    40
    40
    38
    42
    35
    29
    26
    36
    34
    33
    33
    33
    20
    22
    28
    21
    24
    21
    19
    16
    15
    30
    22
    23
    13
    23
    13
    18
    17
    14
    15
    13
    11
    7
    11
    17
    17
    10
    12
    9
    6
    10
    8
    8
    12
    13
    8
    11
    10
    11
    9
    10
    9
    7
    4
    10
    10
    7
    7
    7
    5
    5
    4
    5
    6
    6
    5
    357
    334
    267
    240
    169
    205
    183
    159
    152
    138
    135
    123
    124
    108
    83
    96
    114
    84
    87
    93
    68
    59
    66
    81
    84
    58
    55
    52
    42
    51
    57
    42
    41
    40
    28
    52
    29
    41
    34
    35
    32
    26
    27
    35
    16
    33
    26
    19
    19
    20
    21
    19
    21
    23
    20
    15
    22
    19
    23
    22
    12
    13
    14
    7
    18
    8
    9
    20
    11
    8
    12
    7
    12
    11
    9
    11
    13
    9
    9
    5
    2
    7
    7
    15
    8
    3
    15
    9
    6
    8
    8
    8
    9
    7
    6
    5
    2
    6
    9
    5
    356
    280
    279
    237
    222
    208
    181
    174
    152
    121
    123
    117
    93
    111
    121
    97
    90
    88
    75
    80
    65
    69
    66
    59
    63
    63
    59
    67
    47
    45
    44
    42
    45
    36
    40
    42
    34
    29
    30
    28
    23
    38
    21
    31
    26
    27
    20
    23
    24
    20
    20
    28
    16
    31
    20
    21
    21
    20
    17
    16
    16
    8
    16
    19
    16
    8
    9
    15
    13
    18
    14
    10
    7
    6
    6
    4
    12
    10
    12
    6
    7
    8
    4
    12
    9
    9
    6
    7
    10
    9
    7
    5
    5
    7
    4
    2
    5
    5
    8
    3
    338
    290
    273
    199
    207
    190
    173
    148
    159
    122
    145
    136
    130
    105
    100
    110
    98
    81
    85
    81
    70
    82
    57
    62
    51
    56
    51
    48
    58
    52
    48
    44
    47
    47
    43
    40
    57
    41
    35
    37
    30
    29
    26
    31
    25
    35
    17
    33
    20
    19
    19
    20
    20
    15
    25
    24
    21
    18
    11
    17
    12
    10
    18
    18
    22
    16
    16
    12
    17
    9
    11
    10
    12
    8
    6
    9
    9
    8
    8
    9
    6
    7
    5
    8
    3
    9
    7
    7
    10
    2
    2
    11
    3
    7
    7
    6
    6
    13
    7
    4
    370
    307
    268
    239
    214
    181
    172
    171
    151
    137
    131
    136
    116
    129
    111
    114
    99
    102
    86
    81
    102
    79
    69
    90
    63
    58
    57
    52
    45
    59
    45
    49
    41
    41
    40
    33
    45
    33
    30
    47
    32
    29
    25
    28
    26
    25
    26
    28
    11
    21
    31
    19
    14
    11
    18
    23
    19
    18
    17
    14
    19
    15
    12
    11
    19
    13
    11
    10
    16
    10
    11
    7
    8
    8
    13
    14
    8
    6
    5
    6
    11
    8
    9
    13
    6
    10
    3
    11
    7
    13
    5
    8
    4
    4
    3
    5
    4
    6
    9
    4
    367
    311
    255
    228
    219
    189
    203
    176
    154
    145
    153
    121
    125
    122
    108
    105
    88
    93
    87
    73
    71
    70
    51
    58
    65
    57
    58
    57
    60
    56
    53
    41
    41
    42
    43
    34
    42
    43
    43
    32
    34
    25
    24
    29
    37
    30
    22
    23
    24
    22
    14
    26
    24
    15
    15
    21
    12
    16
    14
    13
    18
    22
    21
    11
    14
    12
    14
    13
    17
    12
    10
    14
    5
    15
    13
    13
    10
    8
    11
    7
    10
    9
    13
    10
    6
    8
    6
    12
    14
    4
    7
    6
    7
    6
    5
    4
    3
    4
    2
    3
    325
    303
    264
    237
    214
    192
    187
    163
    138
    129
    135
    121
    108
    107
    101
    96
    91
    88
    85
    81
    70
    66
    68
    59
    70
    55
    50
    57
    58
    59
    52
    56
    39
    33
    45
    31
    40
    39
    35
    22
    22
    30
    29
    27
    22
    23
    20
    26
    29
    26
    26
    14
    20
    24
    29
    25
    15
    21
    19
    15
    15
    16
    17
    22
    13
    12
    12
    16
    15
    6
    7
    8
    12
    5
    12
    6
    18
    10
    11
    5
    5
    10
    12
    3
    11
    6
    7
    7
    5
    8
    6
    9
    6
    2
    10
    3
    10
    6
    5
    4
    333
    313
    277
    217
    223
    171
    177
    170
    155
    130
    124
    120
    126
    112
    89
    120
    89
    105
    72
    85
    78
    74
    72
    65
    59
    55
    49
    50
    59
    38
    45
    48
    42
    43
    44
    32
    34
    32
    32
    50
    35
    29
    37
    20
    19
    22
    16
    19
    14
    28
    17
    19
    17
    18
    24
    8
    18
    17
    16
    12
    16
    16
    14
    11
    16
    10
    11
    16
    10
    15
    9
    12
    10
    14
    7
    8
    14
    12
    3
    4
    11
    9
    9
    7
    8
    8
    10
    2
    5
    4
    5
    5
    10
    6
    4
    6
    12
    6
    7
    4
    370
    288
    246
    243
    218
    201
    178
    161
    179
    148
    136
    109
    120
    118
    87
    111
    89
    92
    101
    87
    87
    64
    71
    72
    67
    60
    67
    44
    62
    45
    48
    43
    43
    38
    46
    41
    38
    32
    35
    50
    39
    31
    33
    26
    29
    17
    26
    32
    23
    23
    30
    16
    21
    17
    18
    18
    13
    16
    7
    15
    19
    20
    12
    11
    11
    10
    11
    12
    9
    10
    12
    17
    14
    3
    9
    14
    13
    15
    13
    12
    14
    5
    7
    5
    6
    7
    4
    9
    4
    2
    7
    2
    13
    3
    5
    7
    3
    4
    2
    8
    355
    338
    258
    241
    208
    168
    152
    162
    143
    148
    153
    127
    120
    105
    100
    105
    89
    81
    87
    79
    77
    57
    72
    76
    60
    63
    50
    42
    46
    50
    48
    48
    48
    45
    37
    33
    43
    30
    37
    38
    28
    28
    29
    26
    30
    18
    29
    23
    17
    29
    19
    15
    26
    24
    18
    17
    18
    15
    14
    19
    10
    8
    14
    23
    16
    14
    12
    12
    19
    10
    14
    15
    14
    14
    12
    12
    8
    7
    13
    8
    7
    13
    7
    10
    4
    8
    4
    8
    9
    3
    6
    1
    1
    5
    8
    5
    6
    8
    4
    5
    376
    284
    267
    231
    176
    189
    175
    146
    164
    153
    133
    116
    128
    103
    126
    104
    96
    86
    96
    75
    79
    70
    82
    62
    73
    51
    54
    52
    61
    42
    44
    38
    44
    36
    46
    43
    44
    38
    38
    29
    41
    31
    35
    21
    24
    22
    26
    15
    25
    27
    16
    17
    26
    16
    29
    14
    20
    18
    17
    17
    17
    14
    12
    13
    11
    12
    9
    13
    12
    9
    14
    11
    10
    13
    14
    7
    5
    8
    11
    13
    10
    10
    5
    12
    11
    6
    9
    7
    5
    10
    8
    10
    9
    11
    10
    1
    7
    2
    2
    5
    358
    311
    254
    252
    238
    194
    172
    166
    135
    147
    155
    141
    116
    106
    98
    101
    102
    92
    68
    73
    61
    68
    70
    53
    62
    68
    43
    55
    51
    39
    47
    54
    45
    42
    43
    38
    38
    37
    38
    32
    33
    29
    26
    32
    23
    19
    29
    23
    21
    33
    25
    21
    29
    10
    19
    18
    13
    15
    19
    14
    21
    14
    16
    17
    9
    14
    12
    16
    12
    13
    13
    12
    8
    11
    7
    15
    15
    7
    6
    7
    5
    10
    8
    7
    9
    3
    9
    7
    4
    11
    4
    7
    4
    7
    4
    9
    7
    3
    2
    7
    326
    315
    251
    224
    198
    214
    173
    166
    129
    119
    139
    129
    128
    125
    96
    98
    94
    100
    78
    85
    85
    73
    64
    65
    64
    54
    57
    40
    46
    59
    43
    37
    52
    38
    31
    42
    30
    35
    45
    23
    30
    34
    30
    32
    31
    30
    22
    25
    17
    27
    20
    20
    12
    25
    13
    15
    22
    13
    20
    11
    10
    18
    21
    13
    6
    13
    8
    21
    7
    12
    15
    13
    12
    7
    10
    10
    12
    10
    8
    5
    8
    8
    7
    7
    11
    10
    11
    7
    4
    11
    5
    4
    3
    9
    1
    4
    8
    5
    5
    8
    372
    292
    285
    217
    207
    182
    173
    155
    153
    129
    143
    128
    122
    113
    97
    106
    92
    74
    86
    55
    75
    75
    78
    67
    62
    65
    57
    46
    50
    40
    48
    40
    49
    44
    45
    47
    54
    31
    38
    44
    32
    33
    32
    27
    37
    25
    28
    19
    25
    28
    17
    25
    18
    12
    28
    14
    13
    19
    23
    14
    16
    20
    22
    15
    11
    16
    12
    11
    9
    8
    10
    9
    15
    5
    11
    11
    9
    8
    9
    10
    8
    6
    11
    5
    8
    8
    5
    8
    6
    8
    10
    1
    3
    6
    5
    8
    6
    4
    7
    3
    344
    302
    278
    250
    214
    210
    179
    159
    161
    143
    141
    146
    103
    123
    97
    95
    104
    84
    87
    71
    75
    68
    82
    99
    72
    68
    70
    59
    55
    56
    49
    39
    49
    32
    46
    36
    40
    24
    35
    45
    43
    31
    30
    25
    23
    29
    24
    22
    18
    27
    24
    23
    16
    22
    21
    13
    22
    22
    21
    14
    12
    12
    11
    16
    20
    15
    8
    10
    14
    13
    12
    9
    13
    13
    8
    8
    10
    8
    14
    4
    8
    5
    9
    6
    6
    6
    4
    3
    7
    4
    9
    9
    8
    5
    2
    6
    6
    2
    5
    4
    373
    298
    276
    238
    212
    175
    166
    177
    160
    156
    133
    112
    111
    106
    112
    98
    86
    84
    80
    78
    87
    77
    69
    59
    56
    71
    56
    69
    47
    45
    39
    36
    49
    48
    50
    51
    39
    31
    43
    33
    37
    33
    29
    24
    29
    24
    35
    20
    26
    22
    19
    14
    20
    18
    23
    19
    11
    15
    20
    19
    21
    10
    15
    11
    12
    7
    17
    16
    22
    7
    15
    12
    12
    14
    10
    9
    9
    9
    8
    10
    10
    7
    8
    6
    11
    7
    7
    6
    11
    8
    10
    9
    7
    6
    4
    3
    10
    6
    6
    8
    369
    321
    249
    250
    213
    191
    146
    164
    148
    154
    152
    133
    106
    108
    99
    106
    104
    101
    82
    95
    75
    88
    78
    61
    79
    67
    53
    49
    53
    52
    44
    42
    46
    52
    28
    38
    33
    39
    36
    40
    31
    41
    36
    37
    23
    35
    31
    22
    25
    23
    16
    24
    20
    20
    22
    23
    22
    23
    8
    12
    10
    23
    15
    12
    13
    15
    13
    13
    12
    15
    14
    7
    11
    13
    5
    10
    8
    12
    7
    9
    7
    9
    11
    9
    11
    5
    10
    12
    10
    8
    8
    9
    7
    8
    6
    8
    6
    5
    5
    2
    345
    284
    284
    240
    201
    170
    176
    172
    159
    148
    143
    115
    127
    112
    126
    108
    93
    82
    94
    77
    74
    85
    65
    59
    44
    55
    50
    48
    52
    58
    49
    40
    45
    45
    42
    46
    41
    30
    38
    47
    34
    28
    28
    31
    22
    25
    24
    29
    30
    28
    25
    16
    19
    19
    22
    14
    27
    20
    15
    13
    14
    28
    12
    13
    10
    15
    12
    16
    9
    16
    13
    8
    7
    11
    11
    7
    12
    6
    14
    14
    7
    9
    9
    7
    13
    10
    6
    5
    5
    11
    5
    5
    10
    5
    5
    8
    6
    7
    4
    7
    392
    295
    288
    215
    204
    192
    178
    180
    134
    145
    131
    132
    112
    89
    96
    91
    95
    81
    85
    76
    73
    76
    69
    63
    59
    58
    67
    66
    54
    51
    45
    53
    42
    40
    42
    36
    43
    35
    31
    34
    23
    27
    37
    28
    28
    29
    28
    25
    20
    22
    20
    26
    26
    22
    21
    17
    22
    21
    16
    17
    10
    14
    16
    13
    13
    14
    12
    14
    18
    14
    12
    7
    14
    10
    12
    13
    8
    8
    7
    4
    9
    15
    6
    10
    6
    8
    5
    3
    7
    8
    8
    3
    9
    10
    7
    7
    7
    2
    8
    2
    361
    293
    243
    254
    215
    197
    174
    133
    147
    151
    137
    124
    131
    116
    118
    115
    94
    100
    91
    80
    80
    78
    73
    62
    62
    68
    80
    64
    52
    69
    40
    52
    47
    52
    40
    43
    33
    36
    30
    38
    39
    23
    29
    31
    26
    24
    30
    23
    36
    22
    22
    17
    24
    19
    19
    18
    14
    15
    19
    25
    23
    16
    16
    11
    17
    13
    13
    11
    9
    11
    16
    11
    16
    9
    13
    10
    9
    4
    13
    12
    8
    9
    7
    6
    4
    4
    6
    7
    5
    7
    7
    10
    5
    11
    6
    6
    4
    4
    3
    8
    374
    318
    303
    243
    216
    208
    172
    148
    144
    139
    129
    112
    124
    118
    102
    119
    111
    86
    91
    85
    70
    63
    78
    58
    65
    60
    64
    49
    57
    63
    55
    37
    41
    33
    42
    30
    31
    34
    28
    27
    39
    28
    35
    28
    23
    23
    23
    29
    29
    25
    25
    17
    23
    18
    17
    25
    23
    13
    9
    16
    15
    14
    13
    14
    12
    9
    12
    8
    13
    8
    18
    12
    10
    10
    13
    6
    11
    8
    10
    7
    8
    5
    7
    3
    9
    7
    4
    11
    9
    6
    10
    7
    6
    6
    11
    3
    6
    5
    3
    0
    335
    313
    302
    236
    207
    211
    171
    178
    167
    132
    132
    121
    134
    110
    118
    103
    97
    62
    91
    88
    68
    80
    71
    67
    59
    60
    56
    69
    57
    53
    50
    50
    44
    48
    48
    34
    41
    29
    35
    41
    23
    26
    33
    33
    30
    21
    22
    28
    31
    23
    23
    19
    29
    22
    21
    17
    22
    25
    13
    22
    18
    16
    9
    16
    18
    16
    16
    11
    16
    10
    5
    8
    15
    13
    9
    13
    8
    7
    11
    6
    9
    8
    10
    10
    9
    4
    8
    8
    7
    4
    5
    12
    5
    4
    8
    7
    7
    4
    5
    7
    324
    318
    241
    227
    224
    193
    170
    165
    154
    125
    143
    152
    111
    113
    106
    96
    91
    96
    90
    85
    74
    81
    76
    67
    77
    61
    63
    61
    54
    61
    50
    48
    42
    50
    43
    34
    31
    48
    40
    24
    41
    35
    26
    26
    26
    23
    29
    22
    36
    26
    16
    22
    22
    19
    17
    13
    30
    25
    11
    23
    16
    19
    15
    12
    18
    13
    13
    16
    13
    9
    13
    8
    8
    10
    8
    6
    11
    9
    6
    8
    6
    7
    16
    8
    16
    4
    7
    11
    7
    5
    8
    9
    7
    9
    4
    5
    5
    10
    9
    5
    308
    326
    239
    254
    216
    182
    168
    194
    171
    148
    131
    133
    131
    125
    102
    99
    95
    97
    89
    91
    64
    79
    67
    55
    81
    64
    61
    70
    54
    57
    51
    46
    63
    47
    38
    39
    38
    25
    30
    33
    37
    27
    36
    26
    28
    31
    20
    31
    25
    20
    29
    14
    20
    26
    22
    10
    19
    23
    9
    20
    9
    12
    17
    11
    17
    20
    16
    11
    14
    11
    10
    3
    8
    8
    11
    9
    8
    6
    15
    12
    10
    6
    9
    3
    9
    7
    8
    4
    6
    9
    7
    8
    8
    7
    10
    8
    10
    6
    8
    1
    324
    296
    260
    232
    203
    169
    157
    173
    156
    124
    159
    128
    126
    123
    105
    72
    97
    88
    77
    83
    64
    73
    80
    74
    63
    51
    54
    64
    63
    52
    55
    51
    40
    48
    49
    36
    39
    28
    42
    39
    31
    33
    24
    21
    36
    35
    28
    20
    28
    21
    23
    20
    23
    22
    14
    8
    23
    12
    27
    12
    14
    21
    12
    17
    18
    11
    8
    15
    13
    13
    10
    8
    12
    14
    14
    14
    10
    12
    8
    10
    5
    10
    7
    8
    7
    10
    6
    8
    8
    8
    6
    7
    5
    12
    3
    6
    10
    7
    3
    9
    384
    315
    268
    261
    169
    190
    163
    181
    161
    146
    129
    118
    116
    105
    123
    113
    87
    94
    83
    83
    86
    81
    65
    60
    71
    49
    55
    58
    46
    44
    60
    49
    50
    41
    32
    32
    45
    27
    28
    31
    28
    34
    27
    23
    23
    21
    25
    30
    31
    27
    19
    23
    17
    12
    24
    20
    16
    17
    22
    12
    22
    10
    15
    11
    12
    20
    15
    14
    9
    9
    12
    14
    11
    11
    12
    5
    7
    11
    12
    7
    9
    6
    2
    8
    6
    6
    8
    8
    6
    5
    7
    5
    2
    9
    11
    9
    8
    7
    7
    5
    351
    327
    242
    223
    217
    202
    173
    171
    149
    133
    134
    132
    129
    119
    95
    108
    98
    94
    77
    65
    96
    77
    58
    70
    71
    64
    67
    49
    54
    53
    61
    48
    59
    58
    34
    33
    34
    30
    35
    33
    29
    41
    16
    23
    35
    32
    14
    20
    19
    25
    17
    22
    23
    11
    24
    12
    20
    23
    23
    18
    8
    14
    14
    19
    15
    10
    15
    11
    12
    16
    17
    13
    12
    15
    13
    12
    16
    6
    9
    12
    10
    5
    8
    9
    6
    6
    9
    9
    3
    7
    3
    13
    10
    10
    3
    7
    7
    4
    6
    5
    354
    314
    262
    250
    208
    195
    166
    180
    153
    136
    150
    105
    117
    122
    120
    101
    84
    102
    85
    76
    69
    80
    61
    50
    63
    70
    61
    55
    38
    46
    54
    52
    45
    37
    46
    33
    41
    42
    29
    45
    38
    30
    41
    27
    28
    27
    16
    34
    25
    22
    26
    27
    15
    27
    26
    21
    20
    20
    23
    22
    11
    18
    13
    13
    11
    15
    11
    24
    10
    17
    13
    8
    10
    9
    8
    7
    7
    9
    3
    14
    13
    9
    6
    7
    8
    6
    12
    9
    5
    5
    9
    9
    8
    6
    3
    4
    2
    2
    4
    4
    383
    289
    254
    227
    210
    183
    178
    155
    156
    129
    158
    121
    127
    100
    104
    116
    110
    102
    79
    77
    74
    75
    82
    69
    61
    72
    57
    60
    46
    55
    43
    42
    39
    40
    43
    44
    27
    45
    28
    36
    27
    27
    35
    29
    25
    28
    28
    36
    14
    18
    24
    20
    21
    17
    17
    25
    23
    15
    17
    14
    23
    12
    10
    21
    17
    14
    18
    18
    14
    16
    15
    15
    17
    7
    11
    8
    10
    7
    10
    9
    14
    10
    10
    9
    7
    7
    3
    8
    7
    8
    6
    10
    6
    4
    9
    6
    3
    8
    8
    8
    339
    304
    267
    235
    205
    191
    180
    152
    141
    131
    143
    138
    120
    122
    113
    108
    99
    101
    95
    87
    66
    77
    80
    59
    76
    71
    56
    61
    52
    54
    53
    56
    44
    51
    44
    33
    46
    36
    31
    31
    27
    33
    32
    40
    28
    33
    19
    21
    19
    26
    23
    20
    29
    15
    22
    25
    24
    17
    10
    19
    14
    13
    14
    10
    11
    13
    16
    13
    8
    15
    10
    9
    14
    9
    12
    9
    5
    3
    10
    10
    13
    10
    4
    3
    8
    8
    4
    5
    8
    8
    9
    9
    9
    5
    3
    4
    8
    5
    8
    4
    368
    295
    278
    234
    214
    203
    177
    161
    181
    144
    137
    113
    131
    119
    109
    92
    95
    99
    88
    76
    75
    62
    54
    71
    67
    51
    57
    69
    46
    53
    52
    48
    53
    32
    36
    40
    44
    34
    39
    26
    28
    27
    28
    23
    25
    25
    19
    18
    21
    24
    37
    22
    26
    20
    23
    11
    21
    12
    14
    13
    19
    13
    16
    18
    16
    18
    12
    11
    15
    7
    8
    9
    18
    8
    13
    14
    12
    14
    11
    11
    12
    13
    6
    9
    2
    6
    4
    5
    6
    6
    7
    6
    12
    3
    5
    4
    9
    7
    5
    5
    353
    314
    287
    239
    207
    184
    157
    157
    148
    133
    146
    132
    137
    109
    94
    86
    95
    96
    94
    71
    75
    79
    60
    69
    66
    65
    54
    63
    48
    54
    58
    44
    52
    42
    43
    42
    32
    37
    31
    26
    30
    28
    35
    29
    31
    30
    26
    24
    22
    23
    17
    16
    27
    24
    22
    16
    21
    22
    17
    18
    18
    13
    15
    13
    18
    11
    15
    12
    9
    9
    5
    13
    10
    9
    13
    10
    11
    15
    11
    5
    9
    11
    5
    9
    6
    12
    6
    5
    6
    7
    6
    11
    6
    5
    5
    4
    8
    5
    4
    5
    338
    279
    267
    236
    213
    198
    187
    199
    149
    123
    124
    133
    101
    94
    107
    110
    102
    83
    90
    83
    75
    69
    72
    83
    52
    53
    50
    58
    50
    62
    43
    31
    40
    53
    31
    37
    37
    30
    27
    32
    37
    24
    28
    33
    25
    37
    18
    25
    24
    26
    24
    17
    20
    21
    20
    21
    17
    17
    17
    19
    20
    18
    17
    14
    21
    7
    11
    17
    19
    8
    8
    11
    11
    9
    8
    13
    10
    4
    7
    12
    12
    13
    5
    10
    8
    11
    10
    5
    12
    4
    6
    8
    5
    5
    3
    1
    2
    7
    6
    10
    311
    333
    265
    224
    200
    211
    194
    161
    147
    147
    135
    129
    110
    83
    101
    95
    99
    93
    95
    74
    74
    67
    78
    70
    60
    70
    64
    62
    46
    63
    47
    51
    44
    40
    37
    39
    36
    45
    43
    30
    31
    28
    40
    19
    22
    29
    19
    30
    24
    24
    32
    20
    16
    28
    20
    20
    17
    19
    14
    12
    14
    12
    17
    18
    13
    14
    18
    11
    17
    16
    7
    9
    12
    10
    12
    13
    4
    11
    6
    12
    12
    7
    7
    11
    4
    10
    15
    7
    7
    7
    8
    7
    5
    5
    6
    5
    6
    5
    7
    6
    341
    277
    257
    259
    204
    186
    197
    169
    157
    154
    148
    118
    101
    124
    112
    92
    107
    88
    77
    76
    77
    69
    82
    75
    66
    51
    60
    59
    66
    59
    48
    58
    48
    54
    48
    46
    40
    29
    23
    45
    37
    42
    31
    40
    29
    24
    30
    29
    13
    18
    22
    16
    20
    17
    22
    21
    13
    17
    9
    15
    24
    26
    19
    21
    20
    18
    11
    11
    19
    12
    13
    12
    11
    7
    8
    7
    13
    17
    14
    11
    10
    14
    10
    8
    10
    9
    6
    7
    6
    4
    6
    4
    10
    8
    6
    3
    5
    6
    4
    11
    336
    267
    273
    222
    207
    200
    158
    155
    149
    127
    130
    147
    125
    127
    98
    89
    95
    99
    84
    90
    87
    65
    66
    74
    68
    55
    70
    57
    58
    43
    64
    53
    42
    50
    34
    24
    43
    45
    43
    44
    26
    35
    29
    28
    28
    27
    25
    21
    18
    27
    23
    20
    25
    12
    23
    19
    10
    17
    10
    15
    19
    16
    15
    13
    13
    11
    6
    16
    19
    18
    9
    15
    22
    14
    9
    11
    6
    9
    11
    10
    6
    11
    7
    10
    4
    5
    5
    2
    6
    7
    13
    7
    3
    3
    6
    7
    11
    4
    9
    10
    361
    286
    234
    231
    205
    193
    179
    149
    160
    155
    140
    128
    110
    107
    102
    84
    93
    92
    70
    81
    70
    76
    75
    69
    70
    71
    73
    62
    58
    56
    52
    56
    51
    26
    36
    50
    42
    34
    38
    32
    25
    40
    38
    25
    26
    38
    36
    27
    26
    25
    19
    24
    19
    21
    20
    24
    9
    21
    19
    8
    17
    19
    10
    16
    12
    7
    12
    11
    13
    11
    11
    12
    11
    7
    5
    14
    8
    8
    9
    11
    8
    8
    7
    7
    8
    3
    10
    7
    9
    6
    8
    4
    9
    5
    14
    7
    8
    9
    11
    1

Data:
    0
    0
    0
    0
    0
    0
    0
    0
    0
    0
    0
    0
    0
    0
    0
    0
    0
    0
    0
    0
    0
    0
    0
    0
    0
    0
    0
    0
    0
    0
    0
    0
    0
    0
    0
    0
    0
    0
    0
    0
    0
    0
    0
    0
    0
    0
    0
    0
    0
    0
    0
    0
    0
    0
    0
    0
    0
    0
    0
    0
    0
    0
    0
    0
    0
    0
    0
    0
    0
    0
    0
    0
    0
    0
    0
    0
    0
    0
    0
    0
    0
    0
    0
    0
    0
    0
    0
    0
    0
    0
    0
    0
    0
    0
    0
    0
    0
    0
    0
    0
    0
    0
    0
    0
    0
    0
    0
    0
    0
    0
    0
    0
    0
    0
    0
    0
    0
    0
    0
    0
    0
    0
    0
    0
    0
    0
    0
    0
    0
    0
    0
    0
    0
    0
    0
    0
    0
    0
    0
    0
    0
    0
    0
    0
    0
    0
    0
    0
    0
    0
    0
    0
    0
    0
    0
    0
    0
    0
    0
    0
    0
    0
    0
    0
    0
    0
    0
    0
    0
    0
    0
    0
    0
    0
    0
    0
    0
    0
    0
    0
    0
    0
    0
    0
    0
    0
    0
    0
    0
    0
    0
    0
    0
    0
    0
    0
    0
    0
    0
    0
    0
    0
    0
    0
    0
    0
    0
    0
    0
    0
    0
    0
    0
    0
    0
    0
    0
    0
    0
    0
    0
    0
    0
    0
    0
    0
    0
    0
    0
    0
    0
    0
    0
    0
    0
    0
    0
    0
    0
    0
    0
    0
    0
    0
    0
    0
    0
    0
    0
    0
    0
    0
    0
    0
    0
    0
    0
    0
    0
    0
    0
    0
    0
    0
    0
    0
    0
    0
    0
    0
    0
    0
    0
    0
    0
    0
    0
    0
    0
    0
    0
    0
    0
    0
    0
    0
    0
    0
    0
    0
    0
    0
    0
    0
    0
    0
    0
    0
    0
    0
    0
    0
    0
    0
    0
    0
    0
    0
    0
    0
    0
    0
    0
    0
    0
    0
    0
    0
    0
    0
    0
    0
    0
    0
    0
    0
    0
    0
    0
    0
    0
    0
    0
    0
    0
    0
    0
    0
    0
    0
    0
    0
    0
    0
    0
    0
    0
    0
    0
    0
    0
    0
    0
    0
    0
    0
    0
    0
    0
    0
    0
    0
    0
    0
    0
    0
    0
    0
    0
    0
    0
    0
    0
    0
    0
    0
    0
    0
    0
    0
    0
    0
    0
    0
    0
    0
    0
    0
    0
    0
    0
    0
    0
    0
    0
    0
    0
    0
    0
    0
    0
    0
    0
    0
    0
    0
    0
    0
    0
    0
    0
    0
    0
    0
    0
    0
    0
    0
    0
    0
    0
    0
    0
    0
    0
    0
    0
    0
    0
    0
    0
    0
    0
    0
    0
    0
    0
    0
    0
    0
    0
    0
    0
    0
    0
    0
    0
    0
    0
    0
    0
    0
    0
    0
    0
    0
    0
    0
    0
    0
    0
    0
    0
    0
    0
    0
    0
    0
    0
    0
    0
    0
    0
    0
    0
    0
    0
    0
    0
    0
    0
    0
    0
    0
    0
    0
    0
    0
    0
    0
    0
    0
    0
    0
    0
    0
    0
    0
    0
    0
    0
    0
    0
    0
    0
    0
    0
    0
    0
    0
    0
    0
    0
    0
    0
    0
    0
    0
    0
    0
    0
    0
    0
    0
    0
    0
    0
    0
    0
    0
    0
    0
    0
    0
    0
    0
    0
    0
    0
    0
    0
    0
    0
    0
    0
    0
    0
    0
    0
    0
    0
    0
    0
    0
    0
    0
    0
    0
    0
    0
    0
    0
    0
    0
    0
    0
    0
    0
    0
    0
    0
    0
    0
    0
    0
    0
    0
    0
    0
    0
    0
    0
    0
    0
    0
    0
    0
    0
    0
    0
    0
    0
    0
    0
    0
    0
    0
    0
    0
    0
    0
    0
    0
    0
    0
    0
    0
    0
    0
    0
    0
    0
    0
    0
    0
    0
    0
    0
    0
    0
    0
    0
    0
    0
    0
    0
    0
    0
    0
    0
    0
    0
    0
    0
    0
    0
    0
    0
    0
    0
    0
    0
    0
    0
    0
    0
    0
    0
    0
    0
    0
    0
    0
    0
    0
    0
    0
    0
    0
    0
    0
    0
    0
    0
    0
    0
    0
    0
    0
    0
    0
    0
    0
    0
    0
    0
    0
    0
    0
    0
    0
    0
    0
    0
    0
    0
    0
    0
    0
    0
    0
    0
    0
    0
    0
    0
    0
    0
    0
    0
    0
    0
    0
    0
    0
    0
    0
    0
    0
    0
    0
    0
    0
    0
    0
    0
    0
    0
    0
    0
    0
    0
    0
    0
    0
    0
    0
    0
    0
    0
    0
    0
    0
    0
    0
    0
    0
    0
    0
    0
    0
    0
    0
    0
    0
    0
    0
    0
    0
    0
    0
    0
    0
    0
    0
    0
    0
    0
    0
    0
    0
    0
    0
    0
    0
    0
    0
    0
    0
    0
    0
    0
    0
    0
    0
    0
    0
    0
    0
    0
    0
    0
    0
    0
    0
    0
    0
    0
    0
    0
    0
    0
    0
    0
    0
    0
    0
    0
    0
    0
    0
    0
    0
    0
    0
    0
    0
    0
    0
    0
    0
    0
    0
    0
    0
    0
    0
    0
    0
    0
    0
    0
    0
    0
    0
    0
    0
    0
    0
    0
    0
    0
    0
    0
    0
    0
    0
    0
    0
    0
    0
    0
    0
    0
    0
    0
    0
    0
    0
    0
    0
    0
    0
    0
    0
    0
    0
    0
    0
    0
    0
    0
    0
    0
    0
    0
    0
    0
    0
    0
    0
    0
    0
    0
    0
    0
    0
    0
    0
    0
    0
    0
    0
    0
    0
    0
    0
    0
    0
    0
    0
    0
    0
    0
    0
    0
    0
    0
    0
    0
    0
    0
    0
    0
    0
    0
    0
    0
    0
    0
    0
    0
    0
    0
    0
    0
    0
    0
    0
    0
    0
    0
    0
    0
    0
    0
    0
    0
    0
    0
    0
    0
    0
    0
    0
    0
    0
    0
    0
    0
    0
    0
    0
    0
    0
    0
    0
    0
    0
    0
    0
    0
    0
    0
    0
    0
    0
    0
    0
    0
    0
    0
    0
    0
    0
    0
    0
    0
    0
    0
    0
    0
    0
    0
    0
    0
    0
    0
    0
    0
    0
    0
    0
    0
    0
    0
    0
    0
    0
    0
    0
    0
    0
    0
    0
    0
    0
    0
    0
    0
    0
    0
    0
    0
    0
    0
    0
    0
    0
    0
    0
    0
    0
    0
    0
    0
    0
    0
    0
    0
    0
    0
    0
    0
    0
    0
    0
    0
    0
    0
    0
    0
    0
    0
    0
    0
    0
    0
    0
    0
    0
    0
    0
    0
    0
    0
    0
    0
    0
    0
    0
    0
    0
    0
    0
    0
    0
    0
    0
    0
    0
    0
    0
    0
    0
    0
    0
    0
    0
    0
    0
    0
    0
    0
    0
    0
    0
    0
    0
    0
    0
    0
    0
    0
    0
    0
    0
    0
    0
    0
    0
    0
    0
    0
    0
    0
    0
    0
    0
    0
    0
    0
    0
    0
    0
    0
    0
    0
    0
    0
    0
    0
    0
    0
    0
    0
    0
    0
    0
    0
    0
    0
    0
    0
    0
    0
    0
    0
    0
    0
    0
    0
    0
    0
    0
    0
    0
    0
    0
    0
    0
    0
    0
    0
    0
    0
    0
    0
    0
    0
    0
    0
    0
    0
    0
    0
    0
    0
    0
    0
    0
    0
    0
    0
    0
    0
    0
    0
    0
    0
    0
    0
    0
    0
    0
    0
    0
    0
    0
    0
    0
    0
    0
    0
    0
    0
    0
    0
    0
    0
    0
    0
    0
    0
    0
    0
    0
    0
    0
    0
    0
    0
    0
    0
    0
    0
    0
    0
    0
    0
    0
    0
    0
    0
    0
    0
    0
    0
    0
    0
    0
    0
    0
    0
    0
    0
    0
    0
    0
    0
    0
    0
    0
    0
    0
    0
    0
    0
    0
    0
    0
    0
    0
    0
    0
    0
    0
    0
    0
    0
    0
    0
    0
    0
    0
    0
    0
    0
    0
    0
    0
    0
    0
    0
    0
    0
    0
    0
    0
    0
    0
    0
    0
    0
    0
    0
    0
    0
    0
    0
    0
    0
    0
    0
    0
    0
    0
    0
    0
    0
    0
    0
    0
    0
    0
    0
    0
    0
    0
    0
    0
    0
    0
    0
    0
    0
    0
    0
    0
    0
    0
    0
    0
    0
    0
    0
    0
    0
    0
    0
    0
    0
    0
    0
    0
    0
    0
    0
    0
    0
    0
    0
    0
    0
    0
    0
    0
    0
    0
    0
    0
    0
    0
    0
    0
    0
    0
    0
    0
    0
    0
    0
    0
    0
    0
    0
    0
    0
    0
    0
    0
    0
    0
    0
    0
    0
    0
    0
    0
    0
    0
    0
    0
    0
    0
    0
    0
    0
    0
    0
    0
    0
    0
    0
    0
    0
    0
    0
    0
    0
    0
    0
    0
    0
    0
    0
    0
    0
    0
    0
    0
    0
    0
    0
    0
    0
    0
    0
    0
    0
    0
    0
    0
    0
    0
    0
    0
    0
    0
    0
    0
    0
    0
    0
    0
    0
    0
    0
    0
    0
    0
    0
    0
    0
    0
    0
    0
    0
    0
    0
    0
    0
    0
    0
    0
    0
    0
    0
    0
    0
    0
    0
    0
    0
    0
    0
    0
    0
    0
    0
    0
    0
    0
    0
    0
    0
    0
    0
    0
    0
    0
    0
    0
    0
    0
    0
    0
    0
    0
    0
    0
    0
    0
    0
    0
    0
    0
    0
    0
    0
    0
    0
    0
    0
    0
    0
    0
    0
    0
    0
    0
    0
    0
    0
    0
    0
    0
    0
    0
    0
    0
    0
    0
    0
    0
    0
    0
    0
    0
    0
    0
    0
    0
    0
    0
    0
    0
    0
    0
    0
    0
    0
    0
    0
    0
    0
    0
    0
    0
    0
    0
    0
    0
    0
    0
    0
    0
    0
    0
    0
    0
    0
    0
    0
    0
    0
    0
    0
    0
    0
    0
    0
    0
    0
    0
    0
    0
    0
    0
    0
    0
    0
    0
    0
    0
    0
    0
    0
    0
    0
    0
    0
    0
    0
    0
    0
    0
    0
    0
    0
    0
    0
    0
    0
    0
    0
    0
    0
    0
    0
    0
    0
    0
    0
    0
    0
    0
    0
    0
    0
    0
    0
    0
    0
    0
    0
    0
    0
    0
    0
    0
    0
    0
    0
    0
    0
    0
    0
    0
    0
    0
    0
    0
    0
    0
    0
    0
    0
    0
    0
    0
    0
    0
    0
    0
    0
    0
    0
    0
    0
    0
    0
    0
    0
    0
    0
    0
    0
    0
    0
    0
    0
    0
    0
    0
    0
    0
    0
    0
    0
    0
    0
    0
    0
    0
    0
    0
    0
    0
    0
    0
    0
    0
    0
    0
    0
    0
    0
    0
    0
    0
    0
    0
    0
    0
    0
    0
    0
    0
    0
    0
    0
    0
    0
    0
    0
    0
    0
    0
    0
    0
    0
    0
    0
    0
    0
    0
    0
    0
    0
    0
    0
    0
    0
    0
    0
    0
    0
    0
    0
    0
    0
    0
    0
    0
    0
    0
    0
    0
    0
    0
    0
    0
    0
    0
    0
    0
    0
    0
    0
    0
    0
    0
    0
    0
    0
    0
    0
    0
    0
    0
    0
    0
    0
    0
    0
    0
    0
    0
    0
    0
    0
    0
    0
    0
    0
    0
    0
    0
    0
    0
    0
    0
    0
    0
    0
    0
    0
    0
    0
    0
    0
    0
    0
    0
    0
    0
    0
    0
    0
    0
    0
    0
    0
    0
    0
    0
    0
    0
    0
    0
    0
    0
    0
    0
    0
    0
    0
    0
    0
    0
    0
    0
    0
    0
    0
    0
    0
    0
    0
    0
    0
    0
    0
    0
    0
    0
    0
    0
    0
    0
    0
    0
    0
    0
    0
    0
    0
    0
    0
    0
    0
    0
    0
    0
    0
    0
    0
    0
    0
    0
    0
    0
    0
    0
    0
    0
    0
    0
    0
    0
    0
    0
    0
    0
    0
    0
    0
    0
    0
    0
    0
    0
    0
    0
    0
    0
    0
    0
    0
    0
    0
    0
    0
    0
    0
    0
    0
    0
    0
    0
    0
    0
    0
    0
    0
    0
    0
    0
    0
    0
    0
    0
    0
    0
    0
    0
    0
    0
    0
    0
    0
    0
    0
    0
    0
    0
    0
    0
    0
    0
    0
    0
    0
    0
    0
    0
    0
    0
    0
    0
    0
    0
    0
    0
    0
    0
    0
    0
    0
    0
    0
    0
    0
    0
    0
    0
    0
    0
    0
    0
    0
    0
    0
    0
    0
    0
    0
    0
    0
    0
    0
    0
    0
    0
    0
    0
    0
    0
    0
    0
    0
    0
    0
    0
    0
    0
    0
    0
    0
    0
    0
    0
    0
    0
    0
    0
    0
    0
    0
    0
    0
    0
    0
    0
    0
    0
    0
    0
    0
    0
    0
    0
    0
    0
    0
    0
    0
    0
    0
    0
    0
    0
    0
    0
    0
    0
    0
    0
    0
    0
    0
    0
    0
    0
    0
    0
    0
    0
    0
    0
    0
    0
    0
    0
    0
    0
    0
    0
    0
    0
    0
    0
    0
    0
    0
    0
    0
    0
    0
    0
    0
    0
    0
    0
    0
    0
    0
    0
    0
    0
    0
    0
    0
    0
    0
    0
    0
    0
    0
    0
    0
    0
    0
    0
    0
    0
    0
    0
    0
    0
    0
    0
    0
    0
    0
    0
    0
    0
    0
    0
    0
    0
    0
    0
    0
    0
    0
    0
    0
    0
    0
    0
    0
    0
    0
    0
    0
    0
    0
    0
    0
    0
    0
    0
    0
    0
    0
    0
    0
    0
    0
    0
    0
    0
    0
    0
    0
    0
    0
    0
    0
    0
    0
    0
    0
    0
    0
    0
    0
    0
    0
    0
    0
    0
    0
    0
    0
    0
    0
    0
    0
    0
    0
    0
    0
    0
    0
    0
    0
    0
    0
    0
    0
    0
    0
    0
    0
    0
    0
    0
    0
    0
    0
    0
    0
    0
    0
    0
    0
    0
    0
    0
    0
    0
    0
    0
    0
    0
    0
    0
    0
    0
    0
    0
    0
    0
    0
    0
    0
    0
    0
    0
    0
    0
    0
    0
    0
    0
    0
    0
    0
    0
    0
    0
    0
    0
    0
    0
    0
    0
    0
    0
    0
    0
    0
    0
    0
    0
    0
    0
    0
    0
    0
    0
    0
    0
    0
    0
    0
    0
    0
    0
    0
    0
    0
    0
    0
    0
    0
    0
    0
    0
    0
    0
    0
    0
    0
    0
    0
    0
    0
    0
    0
    0
    0
    0
    0
    0
    0
    0
    0
    0
    0
    0
    0
    0
    0
    0
    0
    0
    0
    0
    0
    0
    0
    0
    0
    0
    0
    0
    0
    0
    0
    0
    0
    0
    0
    0
    0
    0
    0
    0
    0
    0
    0
    0
    0
    0
    0
    0
    0
    0
    0
    0
    0
    0
    0
    0
    0
    0
    0
    0
    0
    0
    0
    0
    0
    0
    0
    0
    0
    0
    0
    0
    0
    0
    0
    0
    0
    0
    0
    0
    0
    0
    0
    0
    0
    0
    0
    0
    0
    0
    0
    0
    0
    0
    0
    0
    0
    0
    0
    0
    0
    0
    0
    0
    0
    0
    0
    0
    0
    0
    0
    0
    0
    0
    0
    0
    0
    0
    0
    0
    0
    0
    0
    0
    0
    0
    0
    0
    0
    0
    0
    0
    0
    0
    0
    0
    0
    0
    0
    0
    0
    0
    0
    0
    0
    0
    0
    0
    0
    0
    0
    0
    0
    0
    0
    0
    0
    0
    0
    0
    0
    0
    0
    0
    0
    0
    0
    0
    0
    0
    0
    0
    0
    0
    0
    0
    0
    0
    0
    0
    0
    0
    0
    0
    0
    0
    0
    0
    0
    0
    0
    0
    0
    0
    0
    0
    0
    0
    0
    0
    0
    0
    0
    0
    0
    0
    0
    0
    0
    0
    0
    0
    0
    0
    0
    0
    0
    0
    0
    0
    0
    0
    0
    0
    0
    0
    0
    0
    0
    0
    0
    0
    0
    0
    0
    0
    0
    0
    0
    0
    0
    0
    0
    0
    0
    0
    0
    0
    0
    0
    0
    0
    0
    0
    0
    0
    0
    0
    0
    0
    0
    0
    0
    0
    0
    0
    0
    0
    0
    0
    0
    0
    0
    0
    0
    0
    0
    0
    0
    0
    0
    0
    0
    0
    0
    0
    0
    0
    0
    0
    0
    0
    0
    0
    0
    0
    0
    0
    0
    0
    0
    0
    0
    0
    0
    0
    0
    0
    0
    0
    0
    0
    0
    0
    0
    0
    0
    0
    0
    0
    0
    0
    0
    0
    0
    0
    0
    0
    0
    0
    0
    0
    0
    0
    0
    0
    0
    0
    0
    0
    0
    0
    0
    0
    0
    0
    0
    0
    0
    0
    0
    0
    0
    0
    0
    0
    0
    0
    0
    0
    0
    0
    0
    0
    0
    0
    0
    0
    0
    0
    0
    0
    0
    0
    0
    0
    0
    0
    0
    0
    0
    0
    0
    0
    0
    0
    0
    0
    0
    0
    0
    0
    0
    0
    0
    0
    0
    0
    0
    0
    0
    0
    0
    0
    0
    0
    0
    0
    0
    0
    0
    0
    0
    0
    0
    0
    0
    0
    0
    0
    0
    0
    0
    0
    0
    0
    0
    0
    0
    0
    0
    0
    0
    0
    0
    0
    0
    0
    0
    0
    0
    0
    0
    0
    0
    0
    0
    0
    0
    0
    0
    0
    0
    0
    0
    0
    0
    0
    0
    0
    0
    0
    0
    0
    0
    0
    0
    0
    0
    0
    0
    0
    0
    0
    0
    0
    0
    0
    0
    0
    0
    0
    0
    0
    0
    0
    0
    0
    0
    0
    0
    0
    0
    0
    0
    0
    0
    0
    0
    0
    0
    0
    0
    0
    0
    0
    0
    0
    0
    0
    0
    0
    0
    0
    0
    0
    0
    0
    0
    0
    0
    0
    0
    0
    0
    0
    0
    0
    0
    0
    0
    0
    0
    0
    0
    0
    0
    0
    0
    0
    0
    0
    0
    0
    0
    0
    0
    0
    0
    0
    0
    0
    0
    0
    0
    0
    0
    0
    0
    0
    0
    0
    0
    0
    0
    0
    0
    0
    0
    0
    0
    0
    0
    0
    0
    0
    0
    0
    0
    0
    0
    0
    0
    0
    0
    0
    0
    0
    0
    0
    0
    0
    0
    0
    0
    0
    0
    0
    0
    0
    0
    0
    0
    0
    0
    0
    0
    0
    0
    0
    0
    0
    0
    0
    0
    0
    0
    0
    0
    0
    0
    0
    0
    0
    0
    0
    0
    0
    0
    0
    0
    0
    0
    0
    0
    0
    0
    0
    0
    0
    0
    0
    0
    0
    0
    0
    0
    0
    0
    0
    0
    0
    0
    0
    0
    0
    0
    0
    0
    0
    0
    0
    0
    0
    0
    0
    0
    0
    0
    0
    0
    0
    0
    0
    0
    0
    0
    0
    0
    0
    0
    0
    0
    0
    0
    0
    0
    0
    0
    0
    0
    0
    0
    0
    0
    0
    0
    0
    0
    0
    0
    0
    0
    0
    0
    0
    0
    0
    0
    0
    0
    0
    0
    0
    0
    0
    0
    0
    0
    0
    0
    0
    0
    0
    0
    0
    0
    0
    0
    0
    0
    0
    0
    0
    0
    0
    0
    0
    0
    0
    0
    0
    0
    0
    0
    0
    0
    0
    0
    0
    0
    0
    0
    0
    0
    0
    0
    0
    0
    0
    0
    0
    0
    0
    0
    0
    0
    0
    0
    0
    0
    0
    0
    0
    0
    0
    0
    0
    0
    0
    0
    0
    0
    0
    0
    0
    0
    0
    0
    0
    0
    0
    0
    0
    0
    0
    0
    0
    0
    0
    0
    0
    0
    0
    0
    0
    0
    0
    0
    0
    0
    0
    0
    0
    0
    0
    0
    0
    0
    0
    0
    0
    0
    0
    0
    0
    0
    0
    0
    0
    0
    0
    0
    0
    0
    0
    0
    0
    0
    0
    0
    0
    0
    0
    0
    0
    0
    0
    0
    0
    0
    0
    0
    0
    0
    0
    0
    0
    0
    0
    0
    0
    0
    0
    0
    0
    0
    0
    0
    0
    0
    0
    0
    0
    0
    0
    0
    0
    0
    0
    0
    0
    0
    0
    0
    0
    0
    0
    0
    0
    0
    0
    0
    0
    0
    0
    0
    0
    0
    0
    0
    0
    0
    0
    0
    0
    0
    0
    0
    0
    0
    0
    0
    0
    0
    0
    0
    0
    0
    0
    0
    0
    0
    0
    0
    0
    0
    0
    0
    0
    0
    0
    0
    0
    0
    0
    0
    0
    0
    0
    0
    0
    0
    0
    0
    0
    0
    0
    0
    0
    0
    0
    0
    0
    0
    0
    0
    0
    0
    0
    0
    0
    0
    0
    0
    0
    0
    0
    0
    0
    0
    0
    0
    0
    0
    0
    0
    0
    0
    0
    0
    0
    0
    0
    0
    0
    0
    0
    0
    0
    0
    0
    0
    0
    0
    0
    0
    0
    0
    0
    0
    0
    0
    0
    0
    0
    0
    0
    0
    0
    0
    0
    0
    0
    0
    0
    0
    0
    0
    0
    0
    0
    0
    0
    0
    0
    0
    0
    0
    0
    0
    0
    0
    0
    0
    0
    0
    0
    0
    0
    0
    0
    0
    0
    0
    0
    0
    0
    0
    0
    0
    0
    0
    0
    0
    0
    0
    0
    0
    0
    0
    0
    0
    0
    0
    0
    0
    0
    0
    0
    0
    0
    0
    0
    0
    0
    0
    0
    0
    0
    0
    0
    0
    0
    0
    0
    0
    0
    0
    0
    0
    0
    0
    0
    0
    0
    0
    0
    0
    0
    0
    0
    0
    0
    0
    0
    0
    0
    0
    0
    0
    0
    0
    0
    0
    0
    0
    0
    0
    0
    0
    0
    0
    0
    0
    0
    0
    0
    0
    0
    0
    0
    0
    0
    0
    0
    0
    0
    0
    0
    0
    0
    0
    0
    0
    0
    0
    0
    0
    0
    0
    0
    0
    0
    0
    0
    0
    0
    0
    0
    0
    0
    0
    0
    0
    0
    0
    0
    0
    0
    0
    0
    0
    0
    0
    0
    0
    0
    0
    0
    0
    0
    0
    0
    0
    0
    0
    0
    0
    0
    0
    0
    0
    0
    0
    0
    0
    0
    0
    0
    0
    0
    0
    0
    0
    0
    0
    0
    0
    0
    0
    0
    0
    0
    0
    0
    0
    0
    0
    0
    0
    0
    0
    0
    0
    0
    0
    0
    0
    0
    0
    0
    0
    0
    0
    0
    0
    0
    0
    0
    0
    0
    0
    0
    0
    0
    0
    0
    0
    0
    0
    0
    0
    0
    0
    0
    0
    0
    0
    0
    0
    0
    0
    0
    0
    0
    0
    0
    0
    0
    0
    0
    0
    0
    0
    0
    0
    0
    0
    0
    0
    0
    0
    0
    0
    0
    0
    0
    0
    0
    0
    0
    0
    0
    0
    0
    0
    0
    0
    0
    0
    0
    0
    0
    0
    0
    0
    0
    0
    0
    0
    0
    0
    0
    0
    0
    0
    0
    0
    0
    0
    0
    0
    0
    0
    0
    0
    0
    0
    0
    0
    0
    0
    0
    0
    0
    0
    0
    0
    0
    0
    0
    0
    0
    0
    0
    0
    0
    0
    0
    0
    0
    0
    0
    0
    0
    0
    0
    0
    0
    0
    0
    0
    0
    0
    0
    0
    0
    0
    0
    0
    0
    0
    0
    0
    0
    0
    0
    0
    0
    0
    0
    0
    0
    0
    0
    0
    0
    0
    0
    0
    0
    0
    0
    0
    0
    0
    0
    0
    0
    0
    0
    0
    0
    0
    0
    0
    0
    0
    0
    0
    0
    0
    0
    0
    0
    0
    0
    0
    0
    0
    0
    0
    0
    0
    0
    0
    0
    0
    0
    0
    0
    0
    0
    0
    0
    0
    0
    0
    0
    0
    0
    0
    0
    0
    0
    0
    0
    0
    0
    0
    0
    0
    0
    0
    0
    0
    0
    0
    0
    0
    0
    0
    0
    0
    0
    0
    0
    0
    0
    0
    0
    0
    0
    0
    0
    0
    0
    0
    0
    0
    0
    0
    0
    0
    0
    0
    0
    0
    0
    0
    0
    0
    0
    0
    0
    0
    0
    0
    0
    0
    0
    0
    0
    0
    0
    0
    0
    0
    0
    0
    0
    0
    0
    0
    0
    0
    0
    0
    0
    0
    0
    0
    0
    0
    0
    0
    0
    0
    0
    0
    0
    0
    0
    0
    0
    0
    0
    0
    0
    0
    0
    0
    0
    0
    0
    0
    0
    0
    0
    0
    0
    0
    0
    0
    0
    0
    0
    0
    0
    0
    0
    0
    0
    0
    0
    0
    0
    0
    0
    0
    0
    0
    0
    0
    0
    0
    0
    0
    0
    0
    0
    0
    0
    0
    0
    0
    0
    0
    0
    0
    0
    0
    0
    0
    0
    0
    0
    0
    0
    0
    0
    0
    0
    0
    0
    0
    0
    0
    0
    0
    0
    0
    0
    0
    0
    0
    0
    0
    0
    0
    0
    0
    0
    0
    0
    0
    0
    0
    0
    0
    0
    0
    0
    0
    0
    0
    0
    0
    0
    0
    0
    0
    0
    0
    0
    0
    0
    0
    0
    0
    0
    0
    0
    0
    0
    0
    0
    0
    0
    0
    0
    0
    0
    0
    0
    0
    0
    0
    0
    0
    0
    0
    0
    0
    0
    0
    0
    0
    0
    0
    0
    0
    0
    0
    0
    0
    0
    0
    0
    0
    0
    0
    0
    0
    0
    0
    0
    0
    0
    0
    0
    0
    0
    0
    0
    0
    0
    0
    0
    0
    0
    0
    0
    0
    0
    0
    0
    0
    0
    0
    0
    0
    0
    0
    0
    0
    0
    0
    0
    0
    0
    0
    0
    0
    0
    0
    0
    0
    0
    0
    0
    0
    0
    0
    0
    0
    0
    0
    0
    0
    0
    0
    0
    0
    0
    0
    0
    0
    0
    0
    0
    0
    0
    0
    0
    0
    0
    0
    0
    0
    0
    0
    0
    0
    0
    0
    0
    0
    0
    0
    0
    0
    0
    0
    0
    0
    0
    0
    0
    0
    0
    0
    0
    0
    0
    0
    0
    0
    0
    0
    0
    0
    0
    0
    0
    0
    0
    0
    0
    0
    0
    0
    0
    0
    0
    0
    0
    0
    0
    0
    0
    0
    0
    0
    0
    0
    0
    0
    0
    0
    0
    0
    0
    0
    0
    0
    0
    0
    0
    0
    0
    0
    0
    0
    0
    0
    0
    0
    0
    0
    0
    0
    0
    0
    0
    0
    0
    0
    0
    0
    0
    0
    0
    0
    0
    0
    0
    0
    0
    0
    0
    0
    0
    0
    0
    0
    0
    0
    0
    0
    0
    0
    0
    0
    0
    0
    0
    0
    0
    0
    0
    0
    0
    0
    0
    0
    0
    0
    0
    0
    0
    0
    0
    0
    0
    0
    0
    0
    0
    0
    0
    0
    0
    0
    0
    0
    0
    0
    0
    0
    0
    0
    0
    0
    0
    0
    0
    0
    0
    0
    0
    0
    0
    0
    0
    0
    0
    0
    0
    0
    0
    0
    0
    0
    0
    0
    0
    0
    0
    0
    0
    0
    0
    0
    0
    0
    0
    0
    0
    0
    0
    0
    0
    0
    0
    0
    0
    0
    0
    0
    0
    0
    0
    0
    0
    0
    0
    0
    0
    0
    0
    0
    0
    0
    0
    0
    0
    0
    0
    0
    0
    0
    0
    0
    0
    0
    0
    0
    0
    0
    0
    0
    0
    0
    0
    0
    0
    0
    0
    0
    0
    0
    0
    0
    0
    0
    0
    0
    0
    0
    0
    0
    0
    0
    0
    0
    0
    0
    0
    0
    0
    0
    0
    0
    0
    0
    0
    0
    0
    0
    0
    0
    0
    0
    0
    0
    0
    0
    0
    0
    0
    0
    0
    0
    0
    0
    0
    0
    0
    0
    0
    0
    0
    0
    0
    0
    0
    0
    0
    0
    0
    0
    0
    0
    0
    0
    0
    0
    0
    0
    0
    0
    0
    0
    0
    0
    0
    0
    0
    0
    0
    0
    0
    0
    0
    0
    0
    0
    0
    0
    0
    0
    0
    0
    0
    0
    0
    0
    0
    0
    0
    0
    0
    0
    0
    0
    0
    0
    0
    0
    0
    0
    0
    0
    0
    0
    0
    0
    0
    0
    0
    0
    0
    0
    0
    0
    0
    0
    0
    0
    0
    0
    0
    0
    0
    0
    0
    0
    0
    0
    0
    0
    0
    0
    0
    0
    0
    0
    0
    0
    0
    0
    0
    0
    0
    0
    0
    0
    0
    0
    0
    0
    0
    0
    0
    0
    0
    0
    0
    0
    0
    0
    0
    0
    0
    0
    0
    0
    0
    0
    0
    0
    0
    0
    0
    0
    0
    0
    0
    0
    0
    0
    0
    0
    0
    0
    0
    0
    0
    0
    0
    0
    0
    0
    0
    0
    0
    0
    0
    0
    0
    0
    0
    0
    0
    0
    0
    0
    0
    0
    0
    0
    0
    0
    0
    0
    0
    0
    0
    0
    0
    0
    0
    0
    0
    0
    0
    0
    0
    0
    0
    0
    0
    0
    0
    0
    0
    0
    0
    0
    0
    0
    0
    0
    0
    0
    0
    0
    0
    0
    0
    0
    0
    0
    0
    0
    0
    0
    0
    0
    0
    0
    0
    0
    0
    0
    0
    0
    0
    0
    0
    0
    0
    0
    0
    0
    0
    0
    0
    0
    0
    0
    0
    0
    0
    0
    0
    0
    0
    0
    0
    0
    0
    0
    0
    0
    0
    0
    0
    0
    0
    0
    0
    0
    0
    0
    0
    0
    0
    0
    0
    0
    0
    0
    0
    0
    0
    0
    0
    0
    0
    0
    0
    0
    0
    0
    0
    0
    0
    0
    0
    0
    0
    0
    0
    0
    0
    0
    0
    0
    0
    0
    0
    0
    0
    0
    0
    0
    0
    0
    0
    0
    0
    0
    0
    0
    0
    0
    0
    0
    0
    0
    0
    0
    0
    0
    0
    0
    0
    0
    0
    0
    0
    0
    0
    0
    0
    0
    0
    0
    0
    0
    0
    0
    0
    0
    0
    0
    0
    0
    0
    0
    0
    0
    0
    0
    0
    0
    0
    0
    0
    0
    0
    0
    0
    0
    0
    0
    0
    0
    0
    0
    0
    0
    0
    0
    0
    0
    0
    0
    0
    0
    0
    0
    0
    0
    0
    0
    0
    0
    0
    0
    0
    0
    0
    0
    0
    0
    0
    0
    0
    0
    0
    0
    0
    0
    0
    0
    0
    0
    0
    0
    0
    0
    0
    0
    0
    0
    0
    0
    0
    0
    0
    0
    0
    0
    0
    0
    0
    0
    0
    0
    0
    0
    0
    0
    0
    0
    0
    0
    0
    0
    0
    0
    0
    0
    0
    0
    0
    0
    0
    0
    0
    0
    0
    0
    0
    0
    0
    0
    0
    0
    0
    0
    0
    0
    0
    0
    0
    0
    0
    0
    0
    0
    0
    0
    0
    0
    0
    0
    0
    0
    0
    0
    0
    0
    0
    0
    0
    0
    0
    0
    0
    0
    0
    0
    0
    0
    0
    0
    0
    0
    0
    0
    0
    0
    0
    0
    0
    0
    0
    0
    0
    0
    0
    0
    0
    0
    0
    0
    0
    0
    0
    0
    0
    0
    0
    0
    0
    0
    0
    0
    0
    0
    0
    0
    0
    0
    0
    0
    0
    0
    0
    0
    0
    0
    0
    0
    0
    0
    0
    0
    0
    0
    0
    0
    0
    0
    0
    0
    0
    0
    0
    0
    0
    0
    0
    0
    0
    0
    0
    0
    0
    0
    0
    0
    0
    0
    0
    0
    0
    0
    0
    0
    0
    0
    0
    0
    0
    0
    0
    0
    0
    0
    0
    0
    0
    0
    0
    0
    0
    0
    0
    0
    0
    0
    0
    0
    0
    0
    0
    0
    0
    0
    0
    0
    0
    0
    0
    0
    0
    0
    0
    0
    0
    0
    0
    0
    0
    0
    0
    0
    0
    0
    0
    0
    0
    0
    0
    0
    0
    0
    0
    0
    0
    0
    0
    0
    0
    0
    0
    0
    0
    0
    0
    0
    0
    0
    0
    0
    0
    0
    0
    0
    0
    0
