Project Info:
    ACQ Time: 2019- 9-24  11:20:49: 155 .
    Project: ltj左侧足三里（足三里涂红药水30min）
    Name: 
    Part:  
    Operator:  
    Desc.:  
    Sample Data Acquired.

ACQ Parameters:
    Excited Peroid(ms): 50
    Excited Time(ms): 10
    Acq Delay Time(us): 10
    Gate Time(ms): 20
    Count Num per gate: 100
    Repeat Times: 50
    Acq Gate Times: 1
    Interval per Gate(us): 100
    Channel Number: 2

Data:
    370
    282
    260
    229
    211
    193
    176
    134
    144
    133
    152
    126
    121
    107
    114
    101
    87
    83
    73
    63
    59
    76
    86
    61
    63
    51
    49
    62
    59
    45
    50
    45
    33
    37
    34
    32
    32
    29
    36
    21
    36
    27
    26
    20
    34
    23
    18
    17
    24
    23
    16
    20
    21
    20
    19
    16
    17
    14
    16
    19
    11
    18
    15
    6
    18
    13
    12
    10
    11
    12
    9
    4
    12
    7
    9
    11
    8
    8
    10
    5
    9
    9
    4
    7
    5
    7
    7
    4
    10
    8
    6
    4
    3
    5
    3
    3
    6
    2
    1
    4
    366
    320
    264
    260
    200
    191
    181
    170
    132
    144
    130
    131
    95
    103
    105
    77
    97
    94
    81
    83
    84
    82
    67
    50
    63
    47
    59
    52
    41
    51
    59
    39
    37
    42
    36
    26
    36
    31
    27
    34
    37
    43
    37
    35
    18
    36
    24
    21
    21
    28
    21
    21
    19
    13
    10
    19
    18
    16
    11
    10
    21
    11
    14
    11
    7
    11
    15
    14
    14
    10
    12
    12
    4
    9
    5
    11
    9
    10
    3
    6
    11
    4
    12
    9
    7
    8
    10
    5
    5
    4
    4
    4
    4
    9
    8
    6
    1
    3
    4
    6
    353
    325
    281
    237
    244
    168
    166
    151
    155
    140
    122
    127
    139
    101
    93
    103
    90
    98
    73
    77
    59
    74
    63
    63
    80
    63
    59
    43
    59
    45
    40
    42
    37
    34
    47
    41
    27
    38
    39
    23
    39
    30
    25
    25
    30
    27
    26
    34
    25
    23
    22
    22
    19
    23
    15
    17
    18
    16
    13
    13
    16
    19
    17
    4
    23
    16
    18
    14
    10
    12
    8
    16
    5
    10
    9
    3
    10
    15
    9
    9
    5
    4
    9
    8
    4
    11
    10
    5
    4
    7
    7
    7
    7
    6
    8
    2
    2
    7
    5
    6
    361
    282
    246
    260
    220
    195
    177
    164
    150
    129
    117
    97
    112
    100
    117
    79
    95
    87
    61
    82
    62
    63
    75
    71
    56
    56
    43
    51
    56
    49
    31
    36
    36
    39
    39
    36
    48
    27
    25
    24
    32
    29
    31
    27
    21
    17
    25
    23
    24
    16
    23
    15
    26
    18
    21
    14
    21
    9
    7
    20
    18
    19
    12
    11
    14
    15
    9
    9
    7
    14
    7
    6
    8
    5
    10
    4
    6
    8
    10
    10
    7
    7
    11
    6
    6
    8
    3
    6
    6
    12
    5
    4
    4
    4
    2
    2
    0
    7
    2
    2
    401
    292
    257
    243
    209
    185
    169
    155
    149
    150
    124
    118
    132
    112
    113
    89
    93
    77
    92
    67
    94
    75
    80
    72
    54
    48
    64
    51
    55
    43
    50
    40
    29
    41
    39
    39
    34
    24
    33
    41
    33
    21
    19
    30
    20
    19
    29
    16
    28
    21
    20
    24
    23
    19
    15
    11
    21
    15
    14
    12
    12
    8
    13
    16
    12
    14
    11
    15
    12
    20
    9
    6
    11
    9
    10
    12
    5
    4
    12
    12
    9
    11
    7
    7
    4
    13
    6
    5
    7
    9
    8
    4
    5
    9
    7
    7
    11
    6
    6
    3
    378
    322
    256
    228
    202
    170
    202
    157
    153
    139
    124
    120
    119
    114
    120
    91
    103
    98
    103
    68
    78
    67
    73
    72
    55
    58
    50
    60
    51
    43
    51
    43
    39
    43
    41
    24
    37
    31
    36
    30
    36
    22
    22
    28
    26
    24
    28
    14
    19
    21
    33
    17
    11
    18
    29
    19
    15
    13
    15
    15
    13
    12
    16
    14
    14
    8
    10
    13
    11
    10
    14
    6
    11
    8
    7
    8
    11
    6
    12
    8
    11
    7
    7
    6
    6
    5
    2
    8
    6
    4
    10
    3
    4
    4
    5
    5
    6
    4
    4
    7
    336
    311
    261
    226
    211
    193
    156
    178
    145
    143
    135
    124
    111
    135
    105
    101
    83
    92
    89
    69
    82
    79
    59
    76
    67
    57
    56
    68
    56
    50
    39
    36
    37
    44
    37
    39
    23
    36
    30
    35
    41
    35
    35
    33
    29
    28
    22
    19
    21
    24
    19
    23
    19
    25
    18
    17
    21
    26
    19
    12
    16
    14
    17
    12
    15
    6
    11
    13
    26
    11
    4
    14
    14
    8
    10
    11
    4
    7
    11
    6
    9
    6
    5
    5
    15
    4
    8
    8
    8
    9
    4
    9
    6
    6
    9
    5
    6
    3
    4
    10
    370
    320
    267
    244
    236
    175
    193
    190
    146
    148
    129
    123
    119
    121
    98
    103
    87
    94
    85
    70
    72
    71
    66
    76
    63
    72
    56
    74
    64
    38
    48
    51
    37
    35
    39
    42
    37
    27
    35
    32
    36
    27
    31
    26
    33
    31
    24
    20
    28
    21
    26
    21
    23
    16
    26
    17
    19
    19
    16
    11
    13
    13
    16
    16
    12
    12
    18
    15
    11
    15
    13
    16
    8
    6
    6
    9
    11
    8
    9
    11
    9
    8
    11
    8
    6
    9
    4
    11
    6
    7
    4
    9
    5
    6
    4
    4
    4
    5
    7
    6
    370
    325
    239
    230
    203
    183
    185
    161
    165
    115
    135
    121
    138
    107
    101
    105
    104
    100
    83
    87
    84
    77
    71
    68
    58
    62
    57
    50
    48
    48
    56
    50
    44
    38
    44
    38
    29
    33
    35
    33
    25
    27
    27
    25
    31
    30
    21
    17
    23
    26
    18
    19
    23
    18
    20
    20
    18
    17
    15
    15
    11
    16
    16
    9
    8
    17
    11
    17
    20
    14
    9
    6
    15
    12
    14
    12
    10
    10
    12
    10
    7
    7
    4
    8
    5
    2
    8
    10
    8
    6
    9
    4
    3
    5
    7
    7
    12
    5
    6
    4
    357
    295
    283
    254
    209
    175
    190
    154
    127
    159
    138
    134
    110
    116
    106
    104
    87
    97
    76
    95
    92
    84
    68
    58
    55
    71
    46
    46
    57
    61
    43
    35
    36
    43
    32
    37
    37
    32
    31
    29
    34
    25
    24
    29
    34
    22
    22
    25
    29
    33
    25
    22
    14
    19
    16
    17
    15
    15
    12
    19
    12
    18
    16
    18
    14
    15
    8
    10
    11
    14
    18
    9
    9
    8
    11
    14
    10
    7
    9
    6
    11
    11
    6
    7
    7
    8
    7
    7
    9
    7
    8
    7
    5
    3
    6
    8
    6
    5
    5
    7
    378
    297
    276
    248
    230
    198
    181
    178
    145
    134
    137
    126
    121
    116
    111
    86
    102
    85
    82
    86
    68
    78
    61
    67
    71
    70
    47
    51
    48
    54
    37
    38
    37
    40
    46
    42
    36
    42
    40
    32
    30
    36
    29
    21
    30
    27
    37
    24
    18
    25
    18
    21
    21
    21
    18
    15
    13
    8
    11
    17
    17
    17
    13
    14
    28
    12
    13
    16
    13
    14
    9
    10
    16
    19
    12
    8
    19
    8
    4
    11
    10
    8
    8
    12
    4
    4
    8
    9
    2
    4
    8
    6
    2
    6
    11
    7
    5
    8
    7
    7
    374
    300
    268
    247
    201
    184
    182
    187
    148
    133
    161
    125
    117
    106
    102
    98
    75
    103
    76
    71
    79
    72
    74
    65
    48
    56
    61
    52
    43
    51
    44
    39
    61
    45
    41
    40
    43
    25
    24
    38
    34
    30
    30
    27
    25
    20
    27
    29
    24
    26
    30
    22
    23
    16
    19
    25
    22
    16
    17
    12
    13
    13
    12
    16
    16
    11
    8
    14
    8
    16
    13
    10
    15
    8
    8
    13
    10
    8
    10
    8
    11
    12
    9
    7
    7
    10
    7
    7
    6
    11
    9
    4
    8
    6
    3
    4
    5
    5
    5
    5
    371
    294
    264
    228
    213
    188
    194
    175
    168
    148
    140
    120
    127
    126
    101
    107
    80
    81
    81
    78
    63
    68
    69
    69
    69
    69
    47
    50
    56
    45
    57
    47
    44
    39
    27
    39
    47
    36
    31
    14
    35
    28
    34
    30
    33
    26
    21
    17
    18
    18
    19
    19
    17
    23
    16
    15
    22
    11
    19
    19
    24
    25
    13
    13
    11
    22
    15
    7
    12
    12
    13
    6
    13
    11
    9
    11
    5
    12
    8
    7
    8
    10
    12
    8
    5
    6
    7
    8
    3
    8
    4
    6
    6
    5
    4
    8
    6
    5
    8
    4
    346
    304
    275
    216
    210
    197
    179
    168
    159
    127
    115
    129
    130
    119
    107
    116
    86
    102
    95
    90
    75
    58
    69
    74
    54
    63
    60
    51
    53
    46
    37
    47
    41
    45
    46
    38
    33
    33
    37
    32
    29
    32
    39
    26
    30
    30
    20
    33
    21
    24
    14
    27
    21
    17
    31
    16
    21
    21
    14
    16
    18
    15
    12
    7
    13
    12
    8
    17
    10
    8
    13
    12
    6
    10
    10
    17
    9
    9
    9
    10
    12
    6
    8
    7
    7
    11
    5
    8
    12
    5
    5
    6
    7
    6
    10
    3
    4
    7
    6
    4
    360
    290
    274
    240
    221
    182
    195
    175
    162
    144
    137
    130
    102
    113
    115
    93
    113
    90
    67
    75
    60
    61
    62
    53
    69
    50
    56
    52
    56
    53
    43
    62
    44
    46
    36
    40
    36
    39
    22
    30
    27
    42
    33
    26
    26
    22
    28
    30
    23
    14
    22
    25
    18
    16
    21
    15
    18
    21
    19
    18
    10
    18
    17
    12
    20
    10
    12
    4
    9
    10
    15
    16
    13
    16
    9
    6
    8
    7
    7
    7
    7
    13
    7
    3
    14
    7
    7
    10
    8
    7
    4
    7
    4
    4
    7
    4
    4
    2
    6
    5
    332
    315
    250
    223
    227
    198
    188
    197
    144
    170
    146
    124
    126
    93
    128
    102
    116
    90
    90
    79
    86
    76
    69
    62
    77
    64
    60
    51
    44
    43
    54
    42
    32
    49
    35
    45
    50
    35
    33
    37
    25
    30
    28
    26
    27
    22
    29
    22
    22
    23
    22
    28
    16
    20
    23
    19
    26
    19
    14
    11
    14
    23
    17
    6
    20
    8
    13
    15
    15
    9
    11
    9
    11
    12
    12
    15
    9
    7
    13
    11
    6
    14
    6
    13
    5
    9
    6
    4
    6
    12
    6
    6
    3
    6
    6
    3
    4
    10
    7
    5
    349
    311
    271
    222
    228
    185
    185
    160
    146
    154
    134
    119
    124
    127
    92
    97
    92
    84
    88
    78
    79
    63
    51
    76
    70
    61
    62
    50
    44
    54
    42
    48
    41
    44
    49
    40
    27
    33
    37
    23
    25
    27
    27
    30
    23
    23
    32
    26
    26
    23
    22
    23
    15
    16
    18
    9
    21
    24
    15
    20
    20
    15
    14
    16
    9
    18
    11
    13
    15
    9
    10
    9
    15
    22
    11
    5
    12
    8
    11
    10
    9
    4
    10
    6
    6
    4
    4
    10
    4
    4
    10
    10
    5
    9
    4
    5
    4
    3
    4
    7
    333
    275
    273
    236
    229
    189
    174
    172
    168
    137
    146
    135
    119
    108
    92
    109
    86
    73
    90
    77
    77
    88
    76
    46
    74
    63
    64
    42
    56
    49
    41
    41
    47
    45
    50
    46
    43
    34
    36
    29
    31
    41
    28
    18
    29
    39
    24
    22
    21
    21
    25
    21
    25
    29
    21
    22
    14
    14
    18
    12
    19
    16
    14
    13
    14
    11
    13
    14
    10
    17
    6
    16
    11
    10
    14
    9
    11
    17
    12
    10
    11
    12
    6
    4
    11
    7
    6
    6
    5
    5
    3
    6
    9
    5
    3
    7
    7
    2
    2
    5
    320
    315
    292
    242
    203
    181
    196
    161
    163
    146
    144
    122
    129
    123
    96
    118
    95
    79
    100
    99
    76
    76
    78
    68
    54
    63
    66
    61
    62
    54
    47
    45
    39
    47
    48
    39
    33
    39
    36
    43
    36
    38
    33
    31
    28
    25
    32
    24
    19
    23
    27
    21
    22
    27
    15
    19
    19
    17
    22
    11
    19
    14
    13
    13
    16
    19
    14
    9
    13
    22
    16
    13
    8
    16
    6
    8
    10
    7
    12
    16
    12
    10
    11
    4
    7
    9
    9
    5
    10
    10
    1
    5
    5
    13
    4
    5
    7
    7
    5
    8
    381
    318
    256
    228
    236
    198
    156
    184
    158
    128
    135
    106
    125
    123
    106
    117
    87
    79
    78
    69
    79
    83
    85
    55
    72
    59
    65
    47
    57
    50
    41
    52
    40
    56
    45
    46
    41
    33
    33
    34
    26
    27
    31
    30
    30
    31
    26
    33
    25
    24
    17
    21
    26
    21
    22
    17
    10
    24
    23
    12
    18
    12
    19
    16
    5
    13
    17
    10
    15
    10
    12
    12
    8
    6
    7
    6
    13
    13
    11
    7
    13
    6
    3
    11
    7
    4
    5
    8
    5
    4
    12
    5
    7
    5
    11
    5
    2
    8
    6
    5
    363
    287
    265
    251
    233
    189
    178
    164
    179
    159
    135
    118
    109
    120
    118
    109
    123
    93
    93
    93
    70
    83
    63
    59
    79
    68
    54
    47
    64
    62
    63
    51
    45
    42
    38
    43
    44
    37
    24
    28
    34
    24
    20
    30
    35
    30
    27
    24
    21
    34
    22
    14
    22
    18
    12
    18
    19
    14
    15
    22
    17
    20
    11
    11
    14
    15
    8
    10
    14
    6
    9
    11
    6
    20
    13
    15
    12
    8
    11
    8
    7
    8
    4
    5
    8
    8
    5
    15
    7
    4
    5
    7
    6
    5
    8
    8
    9
    3
    2
    5
    395
    294
    278
    239
    234
    209
    189
    161
    157
    122
    152
    130
    118
    103
    116
    102
    109
    84
    89
    89
    78
    67
    53
    60
    65
    71
    59
    51
    55
    53
    48
    59
    47
    48
    29
    39
    44
    39
    32
    27
    34
    31
    32
    26
    29
    32
    29
    24
    24
    17
    27
    23
    16
    27
    19
    10
    27
    12
    7
    22
    17
    15
    16
    11
    8
    9
    6
    14
    10
    8
    9
    10
    12
    10
    13
    13
    12
    5
    15
    6
    3
    6
    7
    8
    4
    10
    8
    6
    10
    12
    4
    12
    11
    3
    4
    8
    9
    5
    5
    7
    305
    335
    291
    251
    205
    218
    172
    146
    152
    153
    131
    132
    132
    113
    95
    115
    80
    77
    73
    95
    77
    59
    71
    71
    67
    48
    44
    58
    44
    47
    44
    46
    43
    30
    37
    41
    47
    24
    36
    27
    43
    39
    28
    25
    32
    37
    22
    22
    28
    27
    15
    20
    28
    14
    22
    16
    24
    10
    13
    13
    16
    11
    21
    18
    17
    11
    16
    13
    10
    15
    9
    8
    9
    8
    9
    18
    13
    13
    12
    4
    15
    5
    11
    7
    8
    11
    5
    8
    9
    8
    7
    7
    11
    5
    8
    3
    3
    3
    5
    9
    344
    285
    280
    242
    212
    192
    200
    170
    153
    148
    136
    129
    120
    121
    113
    89
    99
    98
    91
    71
    78
    80
    77
    64
    70
    57
    72
    60
    62
    46
    49
    45
    42
    42
    34
    23
    29
    31
    33
    32
    33
    26
    27
    36
    25
    33
    20
    29
    22
    23
    26
    20
    18
    20
    13
    15
    18
    13
    14
    10
    15
    17
    19
    18
    10
    5
    13
    11
    14
    12
    12
    3
    5
    10
    6
    4
    14
    14
    5
    16
    8
    7
    4
    3
    9
    5
    16
    3
    11
    8
    7
    9
    6
    9
    4
    6
    5
    4
    2
    4
    347
    324
    270
    228
    190
    185
    190
    179
    148
    142
    153
    117
    104
    104
    107
    92
    105
    106
    79
    79
    74
    83
    75
    59
    59
    60
    55
    48
    57
    54
    51
    54
    52
    27
    53
    39
    46
    37
    43
    43
    34
    34
    31
    23
    29
    25
    25
    23
    24
    17
    21
    23
    24
    37
    27
    16
    16
    23
    14
    10
    14
    15
    12
    13
    16
    10
    15
    13
    11
    11
    12
    12
    10
    8
    11
    9
    17
    8
    9
    12
    2
    5
    7
    11
    10
    10
    7
    10
    5
    11
    9
    2
    5
    5
    5
    5
    3
    8
    9
    4
    367
    307
    258
    228
    217
    224
    174
    176
    171
    154
    123
    123
    117
    107
    113
    97
    115
    113
    64
    78
    96
    75
    74
    59
    60
    60
    53
    67
    60
    48
    42
    52
    41
    31
    45
    35
    46
    45
    43
    36
    37
    36
    33
    34
    35
    28
    28
    29
    13
    23
    26
    13
    14
    14
    19
    21
    15
    20
    17
    24
    19
    17
    13
    15
    11
    12
    14
    9
    12
    7
    7
    12
    15
    13
    12
    16
    17
    7
    6
    14
    7
    4
    8
    3
    10
    12
    3
    9
    4
    7
    5
    5
    8
    3
    6
    5
    8
    5
    7
    5
    370
    299
    249
    227
    218
    207
    174
    181
    150
    133
    147
    128
    110
    105
    128
    105
    98
    106
    91
    88
    93
    73
    62
    70
    66
    55
    67
    59
    61
    54
    56
    47
    39
    44
    42
    34
    38
    33
    33
    27
    28
    27
    28
    28
    27
    28
    22
    21
    20
    21
    19
    29
    28
    16
    14
    16
    22
    15
    23
    12
    26
    19
    12
    15
    16
    13
    9
    5
    14
    18
    16
    9
    11
    13
    14
    10
    16
    9
    14
    11
    8
    4
    6
    8
    8
    9
    10
    8
    7
    10
    4
    3
    4
    5
    4
    4
    6
    5
    6
    0
    363
    318
    280
    232
    169
    198
    165
    174
    172
    128
    156
    127
    111
    116
    116
    103
    92
    80
    78
    91
    67
    57
    76
    70
    77
    75
    70
    50
    55
    48
    55
    45
    47
    56
    40
    49
    46
    42
    36
    25
    39
    33
    35
    26
    17
    20
    21
    11
    25
    23
    23
    14
    21
    16
    15
    18
    17
    18
    16
    21
    13
    12
    18
    16
    9
    11
    14
    16
    16
    10
    13
    11
    13
    12
    4
    5
    10
    19
    8
    10
    10
    7
    5
    8
    6
    5
    6
    10
    10
    10
    11
    4
    8
    8
    12
    4
    8
    5
    3
    5
    375
    324
    269
    228
    227
    186
    167
    182
    152
    138
    145
    118
    108
    130
    109
    120
    108
    98
    87
    63
    82
    77
    66
    69
    70
    64
    61
    55
    56
    42
    37
    50
    45
    45
    37
    40
    47
    46
    30
    27
    28
    32
    27
    28
    30
    18
    21
    27
    19
    24
    23
    23
    22
    27
    17
    18
    14
    23
    9
    13
    14
    10
    22
    14
    12
    8
    8
    5
    12
    11
    19
    9
    6
    7
    16
    21
    14
    4
    13
    9
    12
    8
    8
    10
    9
    8
    8
    1
    10
    8
    7
    9
    5
    4
    5
    7
    4
    3
    5
    4
    376
    340
    276
    241
    211
    203
    160
    154
    144
    165
    131
    136
    123
    114
    115
    87
    98
    88
    85
    88
    89
    91
    77
    69
    60
    61
    50
    59
    54
    56
    47
    49
    43
    39
    43
    44
    38
    33
    39
    45
    31
    34
    29
    28
    29
    27
    28
    23
    34
    31
    21
    28
    19
    20
    14
    24
    18
    17
    19
    12
    20
    13
    15
    15
    12
    12
    5
    9
    6
    10
    9
    14
    8
    13
    8
    8
    12
    10
    8
    9
    5
    6
    6
    16
    8
    8
    9
    8
    4
    10
    12
    2
    2
    6
    6
    6
    6
    6
    5
    6
    338
    332
    276
    213
    192
    208
    178
    152
    139
    134
    137
    150
    126
    124
    112
    105
    92
    82
    77
    78
    86
    74
    74
    50
    52
    61
    62
    70
    53
    58
    60
    42
    44
    41
    42
    37
    44
    29
    33
    38
    45
    35
    28
    27
    33
    38
    32
    27
    19
    23
    23
    14
    19
    23
    13
    7
    17
    15
    17
    14
    20
    14
    19
    9
    16
    12
    11
    17
    16
    14
    15
    11
    11
    7
    10
    16
    11
    6
    10
    12
    9
    12
    10
    3
    8
    5
    7
    9
    6
    4
    9
    6
    7
    4
    9
    4
    8
    8
    5
    6
    338
    315
    274
    243
    207
    199
    183
    171
    179
    112
    122
    108
    118
    119
    118
    95
    88
    86
    75
    79
    97
    82
    64
    52
    64
    57
    54
    54
    48
    51
    40
    44
    37
    47
    47
    43
    29
    41
    29
    38
    29
    33
    34
    27
    20
    37
    20
    34
    29
    27
    22
    22
    16
    30
    15
    21
    12
    15
    20
    17
    27
    15
    16
    17
    10
    16
    12
    9
    10
    17
    15
    13
    9
    6
    13
    13
    6
    14
    7
    10
    6
    8
    3
    9
    13
    6
    7
    9
    9
    6
    5
    6
    5
    5
    8
    7
    5
    6
    3
    5
    361
    291
    256
    250
    212
    167
    205
    177
    168
    133
    130
    135
    102
    133
    113
    107
    95
    91
    89
    90
    91
    91
    56
    50
    67
    49
    80
    58
    64
    49
    60
    57
    52
    40
    48
    38
    31
    35
    32
    26
    25
    30
    31
    28
    28
    26
    20
    26
    20
    25
    19
    31
    25
    12
    15
    20
    14
    22
    18
    18
    11
    15
    12
    15
    12
    14
    9
    14
    11
    17
    11
    10
    11
    7
    14
    7
    7
    14
    8
    15
    10
    5
    8
    6
    5
    9
    8
    6
    7
    9
    5
    9
    7
    10
    5
    5
    9
    4
    7
    5
    316
    320
    251
    238
    220
    193
    168
    174
    147
    148
    148
    143
    103
    123
    107
    108
    90
    95
    83
    85
    66
    67
    93
    69
    58
    62
    66
    44
    52
    52
    47
    46
    42
    40
    40
    41
    33
    30
    44
    35
    31
    29
    32
    34
    22
    20
    22
    21
    25
    24
    24
    23
    26
    18
    17
    26
    20
    17
    17
    15
    14
    12
    14
    9
    16
    14
    11
    16
    13
    8
    12
    14
    12
    8
    10
    9
    7
    9
    10
    11
    16
    8
    10
    7
    4
    6
    11
    5
    7
    3
    6
    10
    6
    4
    4
    4
    7
    7
    1
    3
    349
    313
    269
    222
    186
    212
    182
    177
    153
    152
    139
    124
    126
    116
    124
    91
    99
    96
    85
    92
    69
    73
    65
    60
    66
    53
    54
    60
    50
    51
    40
    50
    48
    42
    55
    47
    41
    33
    35
    34
    31
    39
    41
    30
    25
    33
    19
    20
    26
    34
    29
    28
    16
    18
    20
    17
    15
    28
    16
    14
    8
    11
    15
    14
    30
    12
    11
    17
    10
    14
    7
    11
    10
    15
    12
    10
    13
    4
    7
    5
    10
    10
    9
    8
    5
    10
    5
    4
    8
    6
    7
    14
    7
    9
    4
    3
    11
    8
    7
    3
    373
    324
    249
    214
    211
    228
    183
    161
    145
    145
    124
    129
    123
    101
    104
    97
    88
    98
    84
    74
    81
    75
    76
    64
    52
    64
    61
    54
    62
    63
    60
    41
    46
    58
    51
    40
    35
    33
    41
    38
    24
    35
    34
    17
    27
    33
    22
    29
    32
    25
    27
    29
    18
    23
    19
    21
    18
    15
    13
    17
    23
    16
    8
    18
    17
    18
    17
    17
    13
    6
    12
    12
    8
    11
    12
    9
    6
    13
    10
    11
    7
    12
    5
    11
    3
    10
    10
    4
    6
    4
    7
    8
    11
    9
    8
    5
    7
    4
    3
    3
    371
    309
    242
    225
    230
    176
    184
    156
    137
    147
    143
    129
    136
    121
    114
    109
    99
    121
    77
    90
    59
    78
    95
    63
    64
    71
    62
    70
    41
    45
    50
    60
    41
    51
    39
    42
    43
    39
    37
    36
    36
    32
    36
    32
    24
    27
    23
    29
    28
    15
    15
    24
    25
    17
    17
    19
    20
    23
    14
    18
    14
    11
    11
    17
    22
    12
    12
    15
    10
    12
    16
    8
    13
    9
    12
    8
    7
    13
    12
    6
    6
    11
    4
    8
    6
    7
    8
    6
    7
    10
    5
    3
    10
    7
    4
    10
    8
    2
    8
    3
    352
    293
    252
    230
    232
    209
    167
    166
    171
    161
    135
    108
    128
    115
    109
    88
    93
    121
    88
    67
    70
    95
    77
    71
    65
    52
    70
    50
    53
    56
    45
    42
    48
    46
    36
    31
    46
    36
    31
    34
    35
    38
    25
    30
    39
    22
    30
    23
    37
    21
    18
    17
    19
    21
    21
    21
    27
    16
    24
    23
    16
    8
    11
    16
    11
    12
    15
    8
    6
    10
    9
    7
    14
    16
    8
    13
    6
    10
    11
    16
    5
    8
    11
    8
    10
    7
    9
    7
    8
    3
    2
    3
    9
    4
    7
    6
    10
    3
    2
    7
    351
    304
    267
    226
    214
    195
    196
    186
    138
    139
    132
    155
    139
    123
    108
    118
    91
    105
    82
    108
    73
    72
    86
    77
    71
    61
    62
    58
    63
    56
    58
    58
    56
    48
    49
    39
    45
    41
    31
    41
    31
    32
    24
    28
    28
    31
    29
    28
    23
    33
    21
    24
    19
    18
    19
    21
    27
    15
    18
    21
    19
    20
    10
    16
    18
    17
    16
    20
    16
    12
    17
    11
    9
    9
    4
    8
    11
    10
    13
    10
    8
    6
    8
    9
    9
    10
    8
    7
    12
    0
    6
    5
    9
    8
    7
    8
    3
    6
    12
    5
    347
    334
    262
    221
    221
    184
    193
    159
    181
    150
    145
    138
    109
    114
    92
    94
    100
    89
    99
    70
    66
    76
    79
    69
    65
    65
    48
    53
    54
    41
    45
    78
    41
    30
    44
    40
    38
    43
    43
    31
    25
    34
    27
    38
    31
    19
    25
    23
    24
    20
    26
    28
    22
    29
    19
    20
    24
    16
    23
    15
    14
    12
    14
    18
    12
    14
    11
    7
    12
    11
    12
    7
    10
    10
    8
    8
    14
    13
    6
    12
    4
    9
    9
    8
    5
    8
    7
    5
    5
    6
    14
    5
    7
    7
    11
    5
    10
    5
    10
    6
    384
    315
    299
    263
    232
    197
    175
    171
    167
    175
    133
    151
    117
    130
    99
    100
    94
    106
    87
    82
    86
    69
    84
    75
    65
    76
    37
    56
    54
    51
    44
    36
    43
    44
    36
    42
    48
    30
    36
    38
    37
    26
    33
    31
    24
    27
    27
    30
    26
    22
    25
    16
    21
    20
    16
    26
    14
    17
    19
    19
    10
    18
    12
    12
    10
    13
    13
    16
    15
    11
    9
    14
    6
    7
    17
    10
    11
    8
    12
    5
    3
    10
    10
    5
    9
    5
    4
    8
    6
    5
    8
    8
    5
    4
    3
    7
    4
    3
    8
    3
    344
    302
    280
    240
    233
    211
    191
    150
    144
    147
    152
    103
    109
    139
    112
    100
    96
    94
    82
    72
    78
    69
    75
    79
    73
    56
    56
    52
    54
    73
    53
    46
    59
    41
    33
    33
    38
    34
    43
    34
    41
    47
    29
    31
    31
    28
    23
    26
    30
    18
    24
    17
    33
    19
    24
    24
    21
    19
    20
    14
    17
    21
    17
    10
    14
    11
    9
    12
    18
    13
    14
    6
    10
    7
    11
    12
    15
    11
    10
    9
    8
    8
    9
    5
    10
    13
    11
    8
    5
    8
    3
    3
    5
    6
    7
    7
    3
    10
    8
    4
    353
    297
    237
    262
    231
    206
    199
    170
    160
    129
    136
    113
    139
    129
    119
    91
    90
    98
    90
    90
    80
    74
    65
    66
    64
    70
    58
    67
    65
    47
    49
    42
    37
    48
    40
    46
    48
    38
    44
    26
    36
    22
    24
    31
    25
    29
    28
    24
    24
    25
    20
    20
    22
    19
    16
    23
    22
    19
    22
    14
    27
    17
    15
    21
    18
    16
    15
    10
    15
    10
    8
    9
    15
    13
    13
    11
    13
    11
    6
    6
    9
    5
    4
    10
    6
    6
    3
    7
    5
    8
    5
    0
    9
    5
    4
    7
    10
    3
    4
    6
    336
    269
    233
    256
    214
    189
    168
    166
    164
    133
    135
    118
    120
    94
    105
    102
    87
    95
    88
    95
    73
    74
    66
    82
    76
    53
    57
    55
    50
    40
    54
    38
    51
    36
    38
    34
    36
    43
    42
    33
    36
    37
    37
    33
    31
    24
    28
    36
    25
    22
    18
    28
    22
    29
    15
    23
    24
    20
    13
    15
    15
    22
    15
    12
    20
    17
    13
    8
    12
    7
    12
    10
    8
    11
    9
    10
    10
    10
    11
    5
    11
    8
    11
    5
    10
    8
    11
    5
    2
    5
    10
    3
    13
    6
    8
    3
    5
    7
    6
    4
    353
    332
    255
    234
    227
    199
    187
    182
    145
    132
    132
    145
    122
    116
    117
    101
    109
    89
    96
    78
    65
    88
    89
    64
    62
    59
    61
    56
    51
    45
    51
    52
    36
    39
    44
    32
    32
    40
    39
    36
    34
    28
    20
    28
    27
    22
    20
    29
    21
    28
    21
    34
    35
    20
    22
    23
    14
    30
    14
    23
    22
    15
    14
    12
    12
    14
    12
    12
    6
    14
    11
    9
    17
    7
    13
    16
    5
    10
    7
    11
    14
    5
    9
    6
    2
    8
    4
    8
    6
    8
    9
    6
    4
    11
    0
    5
    3
    1
    5
    5
    374
    320
    260
    217
    206
    196
    192
    168
    140
    137
    130
    129
    114
    107
    104
    108
    95
    87
    93
    99
    93
    75
    86
    68
    56
    54
    60
    56
    64
    53
    49
    62
    35
    49
    41
    24
    44
    33
    42
    29
    29
    39
    35
    36
    26
    27
    23
    24
    21
    20
    32
    24
    23
    24
    22
    17
    18
    18
    19
    14
    18
    19
    21
    20
    9
    10
    16
    18
    16
    12
    9
    17
    11
    12
    8
    16
    12
    11
    9
    17
    7
    6
    10
    8
    12
    7
    9
    10
    4
    7
    10
    7
    1
    6
    8
    5
    7
    7
    4
    4
    363
    312
    272
    222
    212
    191
    193
    162
    170
    145
    129
    118
    122
    118
    129
    113
    98
    102
    95
    84
    77
    72
    65
    66
    54
    69
    50
    61
    55
    66
    40
    34
    48
    51
    52
    51
    40
    35
    37
    37
    32
    35
    33
    29
    29
    37
    31
    24
    21
    12
    25
    27
    23
    25
    22
    23
    9
    16
    22
    26
    12
    21
    13
    11
    11
    10
    11
    13
    20
    11
    11
    12
    11
    7
    17
    14
    8
    6
    4
    6
    15
    9
    3
    12
    11
    13
    8
    1
    8
    10
    6
    8
    8
    6
    12
    8
    6
    6
    8
    5
    329
    334
    274
    258
    227
    186
    195
    178
    169
    135
    139
    112
    122
    103
    106
    98
    99
    79
    108
    96
    86
    67
    73
    85
    71
    61
    56
    56
    42
    53
    40
    49
    54
    45
    46
    40
    39
    41
    32
    36
    35
    36
    29
    22
    29
    23
    31
    30
    21
    29
    23
    20
    26
    27
    19
    16
    18
    26
    16
    16
    22
    18
    16
    14
    17
    23
    19
    13
    15
    8
    15
    16
    6
    12
    10
    6
    17
    6
    13
    9
    13
    12
    9
    8
    13
    10
    10
    13
    5
    4
    5
    10
    5
    5
    8
    6
    6
    7
    4
    2
    380
    302
    262
    277
    186
    196
    171
    168
    160
    161
    137
    118
    123
    98
    118
    79
    96
    86
    95
    81
    81
    80
    70
    78
    65
    66
    75
    50
    61
    45
    43
    58
    40
    49
    52
    39
    34
    33
    30
    40
    38
    30
    31
    21
    33
    21
    26
    24
    25
    18
    19
    26
    21
    19
    18
    12
    25
    23
    19
    15
    17
    26
    19
    20
    17
    24
    6
    13
    14
    21
    15
    9
    9
    12
    10
    7
    11
    17
    9
    15
    11
    6
    9
    8
    4
    11
    12
    12
    8
    4
    3
    7
    6
    8
    6
    9
    6
    6
    8
    5
    364
    306
    255
    240
    219
    172
    177
    167
    172
    149
    129
    128
    103
    109
    93
    98
    99
    101
    81
    89
    88
    77
    64
    59
    62
    67
    57
    60
    46
    48
    46
    57
    46
    44
    41
    29
    41
    49
    42
    38
    26
    31
    27
    40
    26
    30
    12
    28
    22
    27
    21
    13
    14
    25
    20
    18
    22
    21
    18
    11
    20
    13
    16
    13
    17
    17
    10
    16
    15
    12
    13
    20
    16
    17
    12
    14
    8
    9
    8
    18
    7
    7
    7
    6
    9
    9
    6
    7
    9
    7
    10
    9
    3
    8
    8
    8
    6
    7
    4
    4

Data:
    0
    0
    0
    0
    0
    0
    0
    0
    0
    0
    0
    0
    0
    0
    0
    0
    0
    0
    0
    0
    0
    0
    0
    0
    0
    0
    0
    0
    0
    0
    0
    0
    0
    0
    0
    0
    0
    0
    0
    0
    0
    0
    0
    0
    0
    0
    0
    0
    0
    0
    0
    0
    0
    0
    0
    0
    0
    0
    0
    0
    0
    0
    0
    0
    0
    0
    0
    0
    0
    0
    0
    0
    0
    0
    0
    0
    0
    0
    0
    0
    0
    0
    0
    0
    0
    0
    0
    0
    0
    0
    0
    0
    0
    0
    0
    0
    0
    0
    0
    0
    0
    0
    0
    0
    0
    0
    0
    0
    0
    0
    0
    0
    0
    0
    0
    0
    0
    0
    0
    0
    0
    0
    0
    0
    0
    0
    0
    0
    0
    0
    0
    0
    0
    0
    0
    0
    0
    0
    0
    0
    0
    0
    0
    0
    0
    0
    0
    0
    0
    0
    0
    0
    0
    0
    0
    0
    0
    0
    0
    0
    0
    0
    0
    0
    0
    0
    0
    0
    0
    0
    0
    0
    0
    0
    0
    0
    0
    0
    0
    0
    0
    0
    0
    0
    0
    0
    0
    0
    0
    0
    0
    0
    0
    0
    0
    0
    0
    0
    0
    0
    0
    0
    0
    0
    0
    0
    0
    0
    0
    0
    0
    0
    0
    0
    0
    0
    0
    0
    0
    0
    0
    0
    0
    0
    0
    0
    0
    0
    0
    0
    0
    0
    0
    0
    0
    0
    0
    0
    0
    0
    0
    0
    0
    0
    0
    0
    0
    0
    0
    0
    0
    0
    0
    0
    0
    0
    0
    0
    0
    0
    0
    0
    0
    0
    0
    0
    0
    0
    0
    0
    0
    0
    0
    0
    0
    0
    0
    0
    0
    0
    0
    0
    0
    0
    0
    0
    0
    0
    0
    0
    0
    0
    0
    0
    0
    0
    0
    0
    0
    0
    0
    0
    0
    0
    0
    0
    0
    0
    0
    0
    0
    0
    0
    0
    0
    0
    0
    0
    0
    0
    0
    0
    0
    0
    0
    0
    0
    0
    0
    0
    0
    0
    0
    0
    0
    0
    0
    0
    0
    0
    0
    0
    0
    0
    0
    0
    0
    0
    0
    0
    0
    0
    0
    0
    0
    0
    0
    0
    0
    0
    0
    0
    0
    0
    0
    0
    0
    0
    0
    0
    0
    0
    0
    0
    0
    0
    0
    0
    0
    0
    0
    0
    0
    0
    0
    0
    0
    0
    0
    0
    0
    0
    0
    0
    0
    0
    0
    0
    0
    0
    0
    0
    0
    0
    0
    0
    0
    0
    0
    0
    0
    0
    0
    0
    0
    0
    0
    0
    0
    0
    0
    0
    0
    0
    0
    0
    0
    0
    0
    0
    0
    0
    0
    0
    0
    0
    0
    0
    0
    0
    0
    0
    0
    0
    0
    0
    0
    0
    0
    0
    0
    0
    0
    0
    0
    0
    0
    0
    0
    0
    0
    0
    0
    0
    0
    0
    0
    0
    0
    0
    0
    0
    0
    0
    0
    0
    0
    0
    0
    0
    0
    0
    0
    0
    0
    0
    0
    0
    0
    0
    0
    0
    0
    0
    0
    0
    0
    0
    0
    0
    0
    0
    0
    0
    0
    0
    0
    0
    0
    0
    0
    0
    0
    0
    0
    0
    0
    0
    0
    0
    0
    0
    0
    0
    0
    0
    0
    0
    0
    0
    0
    0
    0
    0
    0
    0
    0
    0
    0
    0
    0
    0
    0
    0
    0
    0
    0
    0
    0
    0
    0
    0
    0
    0
    0
    0
    0
    0
    0
    0
    0
    0
    0
    0
    0
    0
    0
    0
    0
    0
    0
    0
    0
    0
    0
    0
    0
    0
    0
    0
    0
    0
    0
    0
    0
    0
    0
    0
    0
    0
    0
    0
    0
    0
    0
    0
    0
    0
    0
    0
    0
    0
    0
    0
    0
    0
    0
    0
    0
    0
    0
    0
    0
    0
    0
    0
    0
    0
    0
    0
    0
    0
    0
    0
    0
    0
    0
    0
    0
    0
    0
    0
    0
    0
    0
    0
    0
    0
    0
    0
    0
    0
    0
    0
    0
    0
    0
    0
    0
    0
    0
    0
    0
    0
    0
    0
    0
    0
    0
    0
    0
    0
    0
    0
    0
    0
    0
    0
    0
    0
    0
    0
    0
    0
    0
    0
    0
    0
    0
    0
    0
    0
    0
    0
    0
    0
    0
    0
    0
    0
    0
    0
    0
    0
    0
    0
    0
    0
    0
    0
    0
    0
    0
    0
    0
    0
    0
    0
    0
    0
    0
    0
    0
    0
    0
    0
    0
    0
    0
    0
    0
    0
    0
    0
    0
    0
    0
    0
    0
    0
    0
    0
    0
    0
    0
    0
    0
    0
    0
    0
    0
    0
    0
    0
    0
    0
    0
    0
    0
    0
    0
    0
    0
    0
    0
    0
    0
    0
    0
    0
    0
    0
    0
    0
    0
    0
    0
    0
    0
    0
    0
    0
    0
    0
    0
    0
    0
    0
    0
    0
    0
    0
    0
    0
    0
    0
    0
    0
    0
    0
    0
    0
    0
    0
    0
    0
    0
    0
    0
    0
    0
    0
    0
    0
    0
    0
    0
    0
    0
    0
    0
    0
    0
    0
    0
    0
    0
    0
    0
    0
    0
    0
    0
    0
    0
    0
    0
    0
    0
    0
    0
    0
    0
    0
    0
    0
    0
    0
    0
    0
    0
    0
    0
    0
    0
    0
    0
    0
    0
    0
    0
    0
    0
    0
    0
    0
    0
    0
    0
    0
    0
    0
    0
    0
    0
    0
    0
    0
    0
    0
    0
    0
    0
    0
    0
    0
    0
    0
    0
    0
    0
    0
    0
    0
    0
    0
    0
    0
    0
    0
    0
    0
    0
    0
    0
    0
    0
    0
    0
    0
    0
    0
    0
    0
    0
    0
    0
    0
    0
    0
    0
    0
    0
    0
    0
    0
    0
    0
    0
    0
    0
    0
    0
    0
    0
    0
    0
    0
    0
    0
    0
    0
    0
    0
    0
    0
    0
    0
    0
    0
    0
    0
    0
    0
    0
    0
    0
    0
    0
    0
    0
    0
    0
    0
    0
    0
    0
    0
    0
    0
    0
    0
    0
    0
    0
    0
    0
    0
    0
    0
    0
    0
    0
    0
    0
    0
    0
    0
    0
    0
    0
    0
    0
    0
    0
    0
    0
    0
    0
    0
    0
    0
    0
    0
    0
    0
    0
    0
    0
    0
    0
    0
    0
    0
    0
    0
    0
    0
    0
    0
    0
    0
    0
    0
    0
    0
    0
    0
    0
    0
    0
    0
    0
    0
    0
    0
    0
    0
    0
    0
    0
    0
    0
    0
    0
    0
    0
    0
    0
    0
    0
    0
    0
    0
    0
    0
    0
    0
    0
    0
    0
    0
    0
    0
    0
    0
    0
    0
    0
    0
    0
    0
    0
    0
    0
    0
    0
    0
    0
    0
    0
    0
    0
    0
    0
    0
    0
    0
    0
    0
    0
    0
    0
    0
    0
    0
    0
    0
    0
    0
    0
    0
    0
    0
    0
    0
    0
    0
    0
    0
    0
    0
    0
    0
    0
    0
    0
    0
    0
    0
    0
    0
    0
    0
    0
    0
    0
    0
    0
    0
    0
    0
    0
    0
    0
    0
    0
    0
    0
    0
    0
    0
    0
    0
    0
    0
    0
    0
    0
    0
    0
    0
    0
    0
    0
    0
    0
    0
    0
    0
    0
    0
    0
    0
    0
    0
    0
    0
    0
    0
    0
    0
    0
    0
    0
    0
    0
    0
    0
    0
    0
    0
    0
    0
    0
    0
    0
    0
    0
    0
    0
    0
    0
    0
    0
    0
    0
    0
    0
    0
    0
    0
    0
    0
    0
    0
    0
    0
    0
    0
    0
    0
    0
    0
    0
    0
    0
    0
    0
    0
    0
    0
    0
    0
    0
    0
    0
    0
    0
    0
    0
    0
    0
    0
    0
    0
    0
    0
    0
    0
    0
    0
    0
    0
    0
    0
    0
    0
    0
    0
    0
    0
    0
    0
    0
    0
    0
    0
    0
    0
    0
    0
    0
    0
    0
    0
    0
    0
    0
    0
    0
    0
    0
    0
    0
    0
    0
    0
    0
    0
    0
    0
    0
    0
    0
    0
    0
    0
    0
    0
    0
    0
    0
    0
    0
    0
    0
    0
    0
    0
    0
    0
    0
    0
    0
    0
    0
    0
    0
    0
    0
    0
    0
    0
    0
    0
    0
    0
    0
    0
    0
    0
    0
    0
    0
    0
    0
    0
    0
    0
    0
    0
    0
    0
    0
    0
    0
    0
    0
    0
    0
    0
    0
    0
    0
    0
    0
    0
    0
    0
    0
    0
    0
    0
    0
    0
    0
    0
    0
    0
    0
    0
    0
    0
    0
    0
    0
    0
    0
    0
    0
    0
    0
    0
    0
    0
    0
    0
    0
    0
    0
    0
    0
    0
    0
    0
    0
    0
    0
    0
    0
    0
    0
    0
    0
    0
    0
    0
    0
    0
    0
    0
    0
    0
    0
    0
    0
    0
    0
    0
    0
    0
    0
    0
    0
    0
    0
    0
    0
    0
    0
    0
    0
    0
    0
    0
    0
    0
    0
    0
    0
    0
    0
    0
    0
    0
    0
    0
    0
    0
    0
    0
    0
    0
    0
    0
    0
    0
    0
    0
    0
    0
    0
    0
    0
    0
    0
    0
    0
    0
    0
    0
    0
    0
    0
    0
    0
    0
    0
    0
    0
    0
    0
    0
    0
    0
    0
    0
    0
    0
    0
    0
    0
    0
    0
    0
    0
    0
    0
    0
    0
    0
    0
    0
    0
    0
    0
    0
    0
    0
    0
    0
    0
    0
    0
    0
    0
    0
    0
    0
    0
    0
    0
    0
    0
    0
    0
    0
    0
    0
    0
    0
    0
    0
    0
    0
    0
    0
    0
    0
    0
    0
    0
    0
    0
    0
    0
    0
    0
    0
    0
    0
    0
    0
    0
    0
    0
    0
    0
    0
    0
    0
    0
    0
    0
    0
    0
    0
    0
    0
    0
    0
    0
    0
    0
    0
    0
    0
    0
    0
    0
    0
    0
    0
    0
    0
    0
    0
    0
    0
    0
    0
    0
    0
    0
    0
    0
    0
    0
    0
    0
    0
    0
    0
    0
    0
    0
    0
    0
    0
    0
    0
    0
    0
    0
    0
    0
    0
    0
    0
    0
    0
    0
    0
    0
    0
    0
    0
    0
    0
    0
    0
    0
    0
    0
    0
    0
    0
    0
    0
    0
    0
    0
    0
    0
    0
    0
    0
    0
    0
    0
    0
    0
    0
    0
    0
    0
    0
    0
    0
    0
    0
    0
    0
    0
    0
    0
    0
    0
    0
    0
    0
    0
    0
    0
    0
    0
    0
    0
    0
    0
    0
    0
    0
    0
    0
    0
    0
    0
    0
    0
    0
    0
    0
    0
    0
    0
    0
    0
    0
    0
    0
    0
    0
    0
    0
    0
    0
    0
    0
    0
    0
    0
    0
    0
    0
    0
    0
    0
    0
    0
    0
    0
    0
    0
    0
    0
    0
    0
    0
    0
    0
    0
    0
    0
    0
    0
    0
    0
    0
    0
    0
    0
    0
    0
    0
    0
    0
    0
    0
    0
    0
    0
    0
    0
    0
    0
    0
    0
    0
    0
    0
    0
    0
    0
    0
    0
    0
    0
    0
    0
    0
    0
    0
    0
    0
    0
    0
    0
    0
    0
    0
    0
    0
    0
    0
    0
    0
    0
    0
    0
    0
    0
    0
    0
    0
    0
    0
    0
    0
    0
    0
    0
    0
    0
    0
    0
    0
    0
    0
    0
    0
    0
    0
    0
    0
    0
    0
    0
    0
    0
    0
    0
    0
    0
    0
    0
    0
    0
    0
    0
    0
    0
    0
    0
    0
    0
    0
    0
    0
    0
    0
    0
    0
    0
    0
    0
    0
    0
    0
    0
    0
    0
    0
    0
    0
    0
    0
    0
    0
    0
    0
    0
    0
    0
    0
    0
    0
    0
    0
    0
    0
    0
    0
    0
    0
    0
    0
    0
    0
    0
    0
    0
    0
    0
    0
    0
    0
    0
    0
    0
    0
    0
    0
    0
    0
    0
    0
    0
    0
    0
    0
    0
    0
    0
    0
    0
    0
    0
    0
    0
    0
    0
    0
    0
    0
    0
    0
    0
    0
    0
    0
    0
    0
    0
    0
    0
    0
    0
    0
    0
    0
    0
    0
    0
    0
    0
    0
    0
    0
    0
    0
    0
    0
    0
    0
    0
    0
    0
    0
    0
    0
    0
    0
    0
    0
    0
    0
    0
    0
    0
    0
    0
    0
    0
    0
    0
    0
    0
    0
    0
    0
    0
    0
    0
    0
    0
    0
    0
    0
    0
    0
    0
    0
    0
    0
    0
    0
    0
    0
    0
    0
    0
    0
    0
    0
    0
    0
    0
    0
    0
    0
    0
    0
    0
    0
    0
    0
    0
    0
    0
    0
    0
    0
    0
    0
    0
    0
    0
    0
    0
    0
    0
    0
    0
    0
    0
    0
    0
    0
    0
    0
    0
    0
    0
    0
    0
    0
    0
    0
    0
    0
    0
    0
    0
    0
    0
    0
    0
    0
    0
    0
    0
    0
    0
    0
    0
    0
    0
    0
    0
    0
    0
    0
    0
    0
    0
    0
    0
    0
    0
    0
    0
    0
    0
    0
    0
    0
    0
    0
    0
    0
    0
    0
    0
    0
    0
    0
    0
    0
    0
    0
    0
    0
    0
    0
    0
    0
    0
    0
    0
    0
    0
    0
    0
    0
    0
    0
    0
    0
    0
    0
    0
    0
    0
    0
    0
    0
    0
    0
    0
    0
    0
    0
    0
    0
    0
    0
    0
    0
    0
    0
    0
    0
    0
    0
    0
    0
    0
    0
    0
    0
    0
    0
    0
    0
    0
    0
    0
    0
    0
    0
    0
    0
    0
    0
    0
    0
    0
    0
    0
    0
    0
    0
    0
    0
    0
    0
    0
    0
    0
    0
    0
    0
    0
    0
    0
    0
    0
    0
    0
    0
    0
    0
    0
    0
    0
    0
    0
    0
    0
    0
    0
    0
    0
    0
    0
    0
    0
    0
    0
    0
    0
    0
    0
    0
    0
    0
    0
    0
    0
    0
    0
    0
    0
    0
    0
    0
    0
    0
    0
    0
    0
    0
    0
    0
    0
    0
    0
    0
    0
    0
    0
    0
    0
    0
    0
    0
    0
    0
    0
    0
    0
    0
    0
    0
    0
    0
    0
    0
    0
    0
    0
    0
    0
    0
    0
    0
    0
    0
    0
    0
    0
    0
    0
    0
    0
    0
    0
    0
    0
    0
    0
    0
    0
    0
    0
    0
    0
    0
    0
    0
    0
    0
    0
    0
    0
    0
    0
    0
    0
    0
    0
    0
    0
    0
    0
    0
    0
    0
    0
    0
    0
    0
    0
    0
    0
    0
    0
    0
    0
    0
    0
    0
    0
    0
    0
    0
    0
    0
    0
    0
    0
    0
    0
    0
    0
    0
    0
    0
    0
    0
    0
    0
    0
    0
    0
    0
    0
    0
    0
    0
    0
    0
    0
    0
    0
    0
    0
    0
    0
    0
    0
    0
    0
    0
    0
    0
    0
    0
    0
    0
    0
    0
    0
    0
    0
    0
    0
    0
    0
    0
    0
    0
    0
    0
    0
    0
    0
    0
    0
    0
    0
    0
    0
    0
    0
    0
    0
    0
    0
    0
    0
    0
    0
    0
    0
    0
    0
    0
    0
    0
    0
    0
    0
    0
    0
    0
    0
    0
    0
    0
    0
    0
    0
    0
    0
    0
    0
    0
    0
    0
    0
    0
    0
    0
    0
    0
    0
    0
    0
    0
    0
    0
    0
    0
    0
    0
    0
    0
    0
    0
    0
    0
    0
    0
    0
    0
    0
    0
    0
    0
    0
    0
    0
    0
    0
    0
    0
    0
    0
    0
    0
    0
    0
    0
    0
    0
    0
    0
    0
    0
    0
    0
    0
    0
    0
    0
    0
    0
    0
    0
    0
    0
    0
    0
    0
    0
    0
    0
    0
    0
    0
    0
    0
    0
    0
    0
    0
    0
    0
    0
    0
    0
    0
    0
    0
    0
    0
    0
    0
    0
    0
    0
    0
    0
    0
    0
    0
    0
    0
    0
    0
    0
    0
    0
    0
    0
    0
    0
    0
    0
    0
    0
    0
    0
    0
    0
    0
    0
    0
    0
    0
    0
    0
    0
    0
    0
    0
    0
    0
    0
    0
    0
    0
    0
    0
    0
    0
    0
    0
    0
    0
    0
    0
    0
    0
    0
    0
    0
    0
    0
    0
    0
    0
    0
    0
    0
    0
    0
    0
    0
    0
    0
    0
    0
    0
    0
    0
    0
    0
    0
    0
    0
    0
    0
    0
    0
    0
    0
    0
    0
    0
    0
    0
    0
    0
    0
    0
    0
    0
    0
    0
    0
    0
    0
    0
    0
    0
    0
    0
    0
    0
    0
    0
    0
    0
    0
    0
    0
    0
    0
    0
    0
    0
    0
    0
    0
    0
    0
    0
    0
    0
    0
    0
    0
    0
    0
    0
    0
    0
    0
    0
    0
    0
    0
    0
    0
    0
    0
    0
    0
    0
    0
    0
    0
    0
    0
    0
    0
    0
    0
    0
    0
    0
    0
    0
    0
    0
    0
    0
    0
    0
    0
    0
    0
    0
    0
    0
    0
    0
    0
    0
    0
    0
    0
    0
    0
    0
    0
    0
    0
    0
    0
    0
    0
    0
    0
    0
    0
    0
    0
    0
    0
    0
    0
    0
    0
    0
    0
    0
    0
    0
    0
    0
    0
    0
    0
    0
    0
    0
    0
    0
    0
    0
    0
    0
    0
    0
    0
    0
    0
    0
    0
    0
    0
    0
    0
    0
    0
    0
    0
    0
    0
    0
    0
    0
    0
    0
    0
    0
    0
    0
    0
    0
    0
    0
    0
    0
    0
    0
    0
    0
    0
    0
    0
    0
    0
    0
    0
    0
    0
    0
    0
    0
    0
    0
    0
    0
    0
    0
    0
    0
    0
    0
    0
    0
    0
    0
    0
    0
    0
    0
    0
    0
    0
    0
    0
    0
    0
    0
    0
    0
    0
    0
    0
    0
    0
    0
    0
    0
    0
    0
    0
    0
    0
    0
    0
    0
    0
    0
    0
    0
    0
    0
    0
    0
    0
    0
    0
    0
    0
    0
    0
    0
    0
    0
    0
    0
    0
    0
    0
    0
    0
    0
    0
    0
    0
    0
    0
    0
    0
    0
    0
    0
    0
    0
    0
    0
    0
    0
    0
    0
    0
    0
    0
    0
    0
    0
    0
    0
    0
    0
    0
    0
    0
    0
    0
    0
    0
    0
    0
    0
    0
    0
    0
    0
    0
    0
    0
    0
    0
    0
    0
    0
    0
    0
    0
    0
    0
    0
    0
    0
    0
    0
    0
    0
    0
    0
    0
    0
    0
    0
    0
    0
    0
    0
    0
    0
    0
    0
    0
    0
    0
    0
    0
    0
    0
    0
    0
    0
    0
    0
    0
    0
    0
    0
    0
    0
    0
    0
    0
    0
    0
    0
    0
    0
    0
    0
    0
    0
    0
    0
    0
    0
    0
    0
    0
    0
    0
    0
    0
    0
    0
    0
    0
    0
    0
    0
    0
    0
    0
    0
    0
    0
    0
    0
    0
    0
    0
    0
    0
    0
    0
    0
    0
    0
    0
    0
    0
    0
    0
    0
    0
    0
    0
    0
    0
    0
    0
    0
    0
    0
    0
    0
    0
    0
    0
    0
    0
    0
    0
    0
    0
    0
    0
    0
    0
    0
    0
    0
    0
    0
    0
    0
    0
    0
    0
    0
    0
    0
    0
    0
    0
    0
    0
    0
    0
    0
    0
    0
    0
    0
    0
    0
    0
    0
    0
    0
    0
    0
    0
    0
    0
    0
    0
    0
    0
    0
    0
    0
    0
    0
    0
    0
    0
    0
    0
    0
    0
    0
    0
    0
    0
    0
    0
    0
    0
    0
    0
    0
    0
    0
    0
    0
    0
    0
    0
    0
    0
    0
    0
    0
    0
    0
    0
    0
    0
    0
    0
    0
    0
    0
    0
    0
    0
    0
    0
    0
    0
    0
    0
    0
    0
    0
    0
    0
    0
    0
    0
    0
    0
    0
    0
    0
    0
    0
    0
    0
    0
    0
    0
    0
    0
    0
    0
    0
    0
    0
    0
    0
    0
    0
    0
    0
    0
    0
    0
    0
    0
    0
    0
    0
    0
    0
    0
    0
    0
    0
    0
    0
    0
    0
    0
    0
    0
    0
    0
    0
    0
    0
    0
    0
    0
    0
    0
    0
    0
    0
    0
    0
    0
    0
    0
    0
    0
    0
    0
    0
    0
    0
    0
    0
    0
    0
    0
    0
    0
    0
    0
    0
    0
    0
    0
    0
    0
    0
    0
    0
    0
    0
    0
    0
    0
    0
    0
    0
    0
    0
    0
    0
    0
    0
    0
    0
    0
    0
    0
    0
    0
    0
    0
    0
    0
    0
    0
    0
    0
    0
    0
    0
    0
    0
    0
    0
    0
    0
    0
    0
    0
    0
    0
    0
    0
    0
    0
    0
    0
    0
    0
    0
    0
    0
    0
    0
    0
    0
    0
    0
    0
    0
    0
    0
    0
    0
    0
    0
    0
    0
    0
    0
    0
    0
    0
    0
    0
    0
    0
    0
    0
    0
    0
    0
    0
    0
    0
    0
    0
    0
    0
    0
    0
    0
    0
    0
    0
    0
    0
    0
    0
    0
    0
    0
    0
    0
    0
    0
    0
    0
    0
    0
    0
    0
    0
    0
    0
    0
    0
    0
    0
    0
    0
    0
    0
    0
    0
    0
    0
    0
    0
    0
    0
    0
    0
    0
    0
    0
    0
    0
    0
    0
    0
    0
    0
    0
    0
    0
    0
    0
    0
    0
    0
    0
    0
    0
    0
    0
    0
    0
    0
    0
    0
    0
    0
    0
    0
    0
    0
    0
    0
    0
    0
    0
    0
    0
    0
    0
    0
    0
    0
    0
    0
    0
    0
    0
    0
    0
    0
    0
    0
    0
    0
    0
    0
    0
    0
    0
    0
    0
    0
    0
    0
    0
    0
    0
    0
    0
    0
    0
    0
    0
    0
    0
    0
    0
    0
    0
    0
    0
    0
    0
    0
    0
    0
    0
    0
    0
    0
    0
    0
    0
    0
    0
    0
    0
    0
    0
    0
    0
    0
    0
    0
    0
    0
    0
    0
    0
    0
    0
    0
    0
    0
    0
    0
    0
    0
    0
    0
    0
    0
    0
    0
    0
    0
    0
    0
    0
    0
    0
    0
    0
    0
    0
    0
    0
    0
    0
    0
    0
    0
    0
    0
    0
    0
    0
    0
    0
    0
    0
    0
    0
    0
    0
    0
    0
    0
    0
    0
    0
    0
    0
    0
    0
    0
    0
    0
    0
    0
    0
    0
    0
    0
    0
    0
    0
    0
    0
    0
    0
    0
    0
    0
    0
    0
    0
    0
    0
    0
    0
    0
    0
    0
    0
    0
    0
    0
    0
    0
    0
    0
    0
    0
    0
    0
    0
    0
    0
    0
    0
    0
    0
    0
    0
    0
    0
    0
    0
    0
    0
    0
    0
    0
    0
    0
    0
    0
    0
    0
    0
    0
    0
    0
    0
    0
    0
    0
    0
    0
    0
    0
    0
    0
    0
    0
    0
    0
    0
    0
    0
    0
    0
    0
    0
    0
    0
    0
    0
    0
    0
    0
    0
    0
    0
    0
    0
    0
    0
    0
    0
    0
    0
    0
    0
    0
    0
    0
    0
    0
    0
    0
    0
    0
    0
    0
    0
    0
    0
    0
    0
    0
    0
    0
    0
    0
    0
    0
    0
    0
    0
    0
    0
    0
    0
    0
    0
    0
    0
    0
    0
    0
    0
    0
    0
    0
    0
    0
    0
    0
    0
    0
    0
    0
    0
    0
    0
    0
    0
    0
    0
    0
    0
    0
    0
    0
    0
    0
    0
    0
    0
    0
    0
    0
    0
    0
    0
    0
    0
    0
    0
    0
    0
    0
    0
    0
    0
    0
    0
    0
    0
    0
    0
    0
    0
    0
    0
    0
    0
    0
    0
    0
    0
    0
    0
    0
    0
    0
    0
    0
    0
    0
    0
    0
    0
    0
    0
    0
    0
    0
    0
    0
    0
    0
    0
    0
    0
    0
    0
    0
    0
    0
    0
    0
    0
    0
    0
    0
    0
    0
    0
    0
    0
    0
    0
    0
    0
    0
    0
    0
    0
    0
    0
    0
    0
    0
    0
    0
    0
    0
    0
    0
    0
    0
    0
    0
    0
    0
    0
    0
    0
    0
    0
    0
    0
    0
    0
    0
    0
    0
    0
    0
    0
    0
    0
    0
    0
    0
    0
    0
    0
    0
    0
    0
    0
    0
    0
    0
    0
    0
    0
    0
    0
    0
    0
    0
    0
    0
    0
    0
    0
    0
    0
    0
    0
    0
    0
    0
    0
    0
    0
    0
    0
    0
    0
    0
    0
    0
    0
    0
    0
    0
    0
    0
    0
    0
    0
    0
    0
    0
    0
    0
    0
    0
    0
    0
    0
    0
    0
    0
    0
    0
    0
    0
    0
    0
    0
    0
    0
    0
    0
    0
    0
    0
    0
    0
    0
    0
    0
    0
    0
    0
    0
    0
    0
    0
    0
    0
    0
    0
    0
    0
    0
    0
    0
    0
    0
    0
    0
    0
    0
    0
    0
    0
    0
    0
    0
    0
    0
    0
    0
    0
    0
    0
    0
    0
    0
    0
    0
    0
    0
    0
    0
    0
    0
    0
    0
    0
    0
    0
    0
    0
    0
    0
    0
    0
    0
    0
    0
    0
    0
    0
    0
    0
    0
    0
    0
    0
    0
    0
    0
    0
    0
    0
    0
    0
    0
    0
    0
    0
    0
    0
    0
    0
    0
    0
    0
    0
    0
    0
    0
    0
    0
    0
    0
    0
    0
    0
    0
    0
    0
    0
    0
    0
    0
    0
    0
    0
    0
    0
    0
    0
    0
    0
    0
    0
    0
    0
    0
    0
    0
    0
    0
    0
    0
    0
    0
    0
    0
    0
    0
    0
    0
    0
    0
    0
    0
    0
    0
    0
    0
    0
    0
    0
    0
    0
    0
    0
    0
    0
    0
    0
    0
    0
    0
    0
    0
    0
    0
    0
    0
    0
    0
    0
    0
    0
    0
    0
    0
    0
    0
    0
    0
    0
    0
    0
    0
    0
    0
    0
    0
    0
    0
    0
    0
    0
    0
    0
    0
    0
    0
    0
    0
    0
    0
    0
    0
    0
    0
    0
    0
    0
    0
    0
    0
    0
    0
    0
    0
    0
    0
    0
    0
    0
    0
    0
    0
    0
    0
    0
    0
    0
    0
    0
    0
    0
    0
    0
    0
    0
    0
    0
    0
    0
    0
    0
    0
    0
    0
    0
    0
    0
    0
    0
    0
    0
    0
    0
    0
    0
    0
    0
    0
    0
    0
    0
    0
    0
    0
    0
    0
    0
    0
    0
    0
    0
    0
    0
    0
    0
    0
    0
    0
    0
    0
    0
    0
    0
    0
    0
    0
    0
    0
    0
    0
    0
    0
    0
    0
    0
    0
    0
    0
    0
    0
    0
    0
    0
    0
    0
    0
    0
    0
    0
    0
    0
    0
    0
    0
    0
    0
    0
    0
    0
    0
    0
    0
    0
    0
    0
    0
    0
    0
    0
    0
    0
    0
    0
    0
    0
    0
    0
    0
    0
    0
    0
    0
    0
    0
    0
    0
    0
    0
    0
    0
    0
    0
    0
    0
    0
    0
    0
    0
    0
    0
    0
    0
    0
    0
    0
    0
    0
    0
    0
    0
    0
    0
    0
    0
    0
    0
    0
    0
    0
    0
    0
    0
    0
    0
    0
    0
    0
    0
    0
    0
    0
    0
    0
    0
    0
    0
    0
    0
    0
    0
    0
    0
    0
    0
    0
    0
    0
    0
    0
    0
    0
    0
    0
    0
    0
    0
    0
    0
    0
    0
    0
    0
    0
    0
    0
    0
    0
    0
    0
    0
    0
    0
    0
    0
    0
    0
    0
    0
    0
    0
    0
    0
    0
    0
    0
    0
    0
    0
    0
    0
    0
    0
    0
    0
    0
    0
    0
    0
    0
    0
    0
    0
    0
    0
    0
    0
    0
    0
    0
    0
    0
    0
    0
    0
    0
    0
    0
    0
    0
    0
    0
    0
    0
    0
    0
    0
    0
    0
    0
    0
    0
    0
    0
    0
    0
    0
    0
    0
    0
    0
    0
    0
    0
    0
    0
    0
    0
    0
    0
    0
    0
    0
    0
    0
    0
    0
    0
    0
    0
    0
    0
    0
    0
    0
    0
    0
    0
    0
    0
    0
    0
    0
    0
    0
    0
    0
    0
    0
    0
    0
    0
    0
    0
    0
    0
    0
    0
    0
    0
    0
    0
    0
    0
    0
    0
    0
    0
    0
    0
    0
    0
    0
    0
    0
    0
    0
    0
    0
    0
    0
    0
    0
    0
    0
    0
    0
    0
    0
    0
    0
    0
    0
    0
    0
    0
    0
    0
    0
    0
    0
    0
    0
    0
    0
    0
    0
    0
    0
    0
    0
    0
    0
    0
    0
    0
    0
    0
    0
    0
    0
    0
    0
    0
    0
    0
    0
    0
    0
    0
    0
    0
    0
    0
    0
    0
    0
    0
    0
    0
    0
    0
    0
    0
    0
    0
    0
    0
    0
    0
    0
    0
    0
    0
    0
    0
    0
    0
    0
    0
    0
    0
    0
    0
    0
    0
    0
    0
    0
    0
    0
    0
    0
    0
    0
    0
    0
    0
    0
    0
    0
    0
    0
    0
    0
    0
    0
    0
    0
    0
    0
    0
    0
    0
    0
    0
    0
    0
    0
    0
    0
    0
    0
    0
    0
    0
    0
    0
    0
    0
    0
    0
    0
    0
    0
    0
    0
    0
    0
    0
    0
    0
    0
    0
    0
    0
    0
    0
    0
    0
    0
    0
    0
    0
    0
    0
    0
    0
    0
    0
    0
    0
    0
    0
    0
    0
    0
    0
    0
    0
    0
    0
    0
    0
    0
    0
    0
    0
    0
    0
    0
    0
    0
    0
    0
    0
    0
    0
    0
    0
    0
    0
    0
    0
    0
    0
    0
    0
    0
    0
    0
    0
    0
    0
    0
    0
    0
    0
    0
    0
    0
    0
    0
    0
    0
    0
    0
    0
    0
    0
    0
    0
    0
    0
    0
    0
    0
    0
    0
    0
    0
    0
    0
    0
    0
    0
    0
    0
    0
    0
    0
    0
    0
    0
    0
    0
    0
    0
    0
    0
    0
    0
    0
    0
    0
    0
    0
    0
    0
    0
    0
    0
    0
    0
    0
    0
    0
    0
    0
    0
    0
    0
    0
    0
    0
    0
    0
    0
    0
    0
    0
    0
    0
    0
    0
    0
    0
    0
    0
    0
    0
    0
    0
    0
    0
    0
    0
    0
    0
    0
    0
    0
    0
    0
    0
    0
    0
    0
    0
    0
    0
    0
    0
    0
    0
    0
    0
    0
    0
    0
    0
    0
    0
    0
    0
    0
    0
    0
    0
    0
    0
    0
    0
    0
    0
    0
    0
    0
    0
    0
    0
    0
    0
    0
    0
    0
    0
    0
    0
    0
    0
    0
    0
    0
    0
    0
    0
    0
    0
    0
    0
    0
    0
    0
    0
    0
    0
    0
    0
    0
    0
    0
    0
    0
    0
    0
    0
    0
    0
    0
    0
    0
    0
    0
    0
    0
    0
    0
    0
    0
    0
    0
    0
    0
    0
    0
    0
    0
    0
    0
    0
    0
    0
    0
    0
    0
    0
    0
    0
    0
    0
    0
    0
    0
    0
    0
    0
    0
    0
    0
    0
    0
    0
    0
    0
    0
    0
    0
    0
    0
    0
    0
    0
    0
    0
    0
    0
    0
    0
    0
    0
    0
    0
    0
    0
    0
    0
    0
    0
    0
    0
    0
    0
    0
    0
    0
    0
    0
    0
    0
    0
    0
    0
    0
    0
    0
    0
    0
    0
    0
    0
    0
    0
    0
    0
    0
    0
    0
    0
    0
    0
    0
    0
    0
    0
    0
    0
    0
    0
    0
    0
    0
    0
    0
    0
    0
    0
    0
    0
    0
    0
    0
    0
    0
    0
    0
    0
    0
    0
    0
    0
    0
    0
    0
    0
    0
    0
    0
    0
    0
    0
    0
    0
    0
    0
    0
    0
    0
    0
    0
    0
    0
    0
    0
    0
    0
    0
    0
    0
    0
    0
    0
    0
    0
    0
    0
    0
    0
    0
    0
    0
    0
    0
    0
    0
    0
    0
    0
