Project Info:
    ACQ Time: 2019- 9-24   9:29:21: 615 .
    Project: tq左侧足三里（加深红药水）
    Name: 
    Part:  
    Operator:  
    Desc.:  
    Sample Data Acquired.

ACQ Parameters:
    Excited Peroid(ms): 50
    Excited Time(ms): 10
    Acq Delay Time(us): 10
    Gate Time(ms): 20
    Count Num per gate: 100
    Repeat Times: 50
    Acq Gate Times: 1
    Interval per Gate(us): 100
    Channel Number: 2

Data:
    389
    331
    298
    268
    257
    233
    202
    210
    189
    182
    176
    142
    152
    139
    163
    113
    126
    117
    82
    97
    85
    89
    89
    81
    80
    72
    91
    72
    59
    52
    72
    57
    55
    55
    50
    49
    47
    42
    52
    45
    38
    43
    39
    27
    32
    28
    21
    30
    37
    30
    19
    27
    20
    28
    24
    25
    20
    22
    16
    30
    17
    21
    12
    18
    17
    11
    15
    11
    17
    16
    19
    16
    12
    10
    12
    15
    15
    11
    12
    12
    7
    14
    7
    8
    10
    4
    8
    7
    7
    6
    5
    7
    9
    6
    6
    9
    8
    6
    9
    7
    391
    326
    298
    248
    262
    219
    211
    209
    211
    178
    146
    162
    170
    162
    130
    121
    132
    113
    129
    115
    108
    96
    97
    80
    71
    68
    68
    72
    56
    69
    64
    65
    60
    47
    43
    41
    46
    32
    47
    45
    30
    42
    32
    34
    39
    38
    29
    31
    34
    26
    26
    22
    28
    28
    25
    28
    19
    24
    23
    20
    18
    27
    18
    21
    13
    19
    14
    22
    11
    17
    17
    11
    10
    12
    21
    13
    10
    10
    8
    8
    7
    10
    11
    12
    5
    14
    7
    11
    11
    12
    11
    10
    9
    5
    8
    7
    3
    7
    12
    2
    421
    350
    302
    308
    270
    215
    233
    187
    173
    170
    174
    143
    130
    144
    133
    132
    108
    111
    107
    84
    99
    85
    85
    77
    75
    86
    70
    64
    64
    60
    72
    55
    67
    45
    38
    60
    38
    50
    53
    47
    44
    46
    27
    24
    43
    32
    35
    33
    18
    21
    33
    30
    27
    22
    22
    22
    25
    18
    22
    15
    18
    15
    30
    16
    20
    21
    21
    16
    15
    13
    15
    15
    19
    12
    15
    15
    8
    8
    9
    18
    16
    12
    10
    16
    9
    7
    11
    10
    10
    10
    9
    13
    7
    6
    7
    5
    10
    7
    2
    6
    364
    324
    304
    270
    238
    231
    217
    218
    175
    171
    166
    172
    143
    143
    126
    124
    135
    115
    112
    80
    86
    85
    95
    94
    90
    92
    63
    70
    68
    68
    57
    60
    57
    65
    46
    48
    28
    37
    47
    40
    37
    35
    38
    48
    30
    27
    34
    23
    37
    28
    18
    24
    23
    30
    21
    23
    15
    25
    21
    27
    29
    20
    20
    24
    21
    20
    16
    12
    7
    11
    12
    16
    13
    18
    12
    16
    11
    10
    9
    8
    11
    16
    14
    12
    10
    11
    6
    9
    12
    17
    6
    10
    5
    9
    10
    10
    4
    4
    9
    7
    398
    310
    308
    286
    249
    238
    190
    197
    186
    155
    188
    132
    151
    136
    145
    124
    134
    116
    102
    114
    95
    95
    83
    79
    80
    88
    75
    74
    59
    61
    72
    69
    60
    58
    66
    55
    44
    40
    50
    41
    55
    38
    39
    29
    41
    35
    17
    37
    37
    18
    18
    25
    26
    20
    18
    30
    27
    28
    18
    16
    24
    10
    27
    25
    12
    20
    12
    19
    22
    13
    13
    21
    11
    14
    12
    11
    7
    14
    6
    11
    9
    14
    12
    10
    13
    17
    8
    12
    11
    10
    6
    13
    4
    8
    9
    8
    8
    7
    10
    4
    384
    369
    323
    265
    259
    218
    210
    216
    171
    175
    176
    146
    143
    116
    130
    146
    118
    121
    107
    113
    92
    93
    93
    98
    80
    74
    79
    83
    73
    50
    65
    58
    70
    56
    53
    55
    49
    31
    38
    41
    50
    36
    39
    45
    42
    35
    36
    35
    21
    32
    30
    23
    23
    26
    25
    32
    21
    25
    19
    23
    16
    16
    10
    22
    17
    15
    19
    16
    14
    19
    13
    17
    16
    13
    10
    12
    14
    8
    11
    11
    13
    8
    14
    11
    8
    11
    6
    10
    7
    6
    9
    10
    8
    6
    8
    9
    5
    8
    7
    8
    369
    332
    319
    239
    256
    210
    183
    210
    186
    182
    171
    122
    119
    151
    135
    122
    118
    130
    116
    107
    90
    82
    94
    93
    71
    88
    64
    84
    65
    53
    60
    52
    54
    70
    52
    65
    54
    48
    52
    45
    45
    36
    27
    37
    27
    30
    29
    26
    27
    38
    25
    24
    24
    20
    29
    36
    18
    28
    27
    22
    14
    23
    20
    19
    14
    12
    22
    21
    17
    15
    12
    11
    9
    14
    11
    16
    12
    11
    13
    10
    6
    4
    8
    13
    9
    9
    8
    5
    5
    7
    11
    9
    7
    6
    8
    7
    13
    6
    9
    12
    348
    316
    313
    262
    251
    232
    205
    213
    197
    189
    152
    170
    137
    141
    139
    120
    115
    112
    98
    92
    98
    92
    100
    75
    80
    83
    73
    66
    64
    65
    63
    65
    62
    51
    54
    45
    42
    42
    41
    48
    38
    40
    38
    31
    37
    27
    30
    41
    37
    31
    26
    25
    27
    17
    26
    25
    31
    21
    18
    21
    18
    17
    29
    16
    23
    15
    14
    18
    21
    18
    12
    16
    15
    15
    11
    11
    21
    17
    4
    7
    9
    6
    13
    9
    5
    10
    11
    10
    10
    9
    9
    8
    6
    4
    8
    6
    12
    7
    9
    7
    394
    362
    309
    284
    257
    247
    237
    185
    196
    173
    182
    142
    136
    136
    136
    107
    121
    110
    96
    108
    100
    112
    90
    79
    73
    72
    68
    68
    68
    71
    72
    57
    49
    51
    43
    63
    42
    50
    50
    36
    42
    49
    41
    33
    28
    34
    32
    19
    31
    37
    23
    24
    28
    26
    24
    21
    29
    27
    29
    27
    25
    18
    20
    24
    20
    22
    17
    11
    15
    11
    17
    14
    16
    18
    16
    10
    11
    12
    21
    16
    12
    9
    14
    14
    12
    7
    8
    11
    11
    6
    9
    15
    7
    4
    9
    6
    4
    11
    8
    7
    390
    332
    312
    270
    220
    260
    228
    198
    183
    182
    157
    153
    141
    139
    126
    127
    128
    140
    104
    96
    89
    92
    87
    76
    73
    95
    79
    64
    53
    65
    70
    66
    66
    48
    74
    46
    41
    40
    43
    42
    51
    31
    41
    37
    47
    56
    39
    34
    25
    21
    28
    34
    26
    34
    22
    28
    19
    22
    26
    27
    18
    21
    14
    19
    27
    14
    17
    17
    12
    9
    12
    16
    15
    18
    15
    8
    10
    20
    17
    12
    10
    17
    11
    10
    12
    13
    11
    7
    13
    9
    9
    11
    7
    10
    10
    7
    8
    5
    6
    12
    387
    354
    320
    311
    271
    262
    236
    204
    191
    190
    154
    144
    156
    129
    116
    111
    113
    127
    97
    98
    93
    85
    93
    77
    83
    87
    74
    69
    64
    64
    64
    58
    58
    47
    71
    55
    55
    46
    39
    47
    39
    42
    48
    44
    36
    39
    28
    34
    24
    34
    18
    23
    32
    27
    13
    25
    21
    23
    29
    25
    24
    15
    20
    21
    11
    8
    16
    14
    14
    20
    15
    17
    10
    13
    9
    11
    15
    13
    9
    12
    13
    6
    14
    9
    6
    14
    7
    9
    12
    10
    6
    3
    8
    8
    9
    9
    13
    6
    5
    3
    391
    331
    275
    268
    255
    214
    215
    221
    188
    161
    174
    152
    136
    136
    120
    129
    142
    126
    102
    104
    103
    87
    75
    81
    78
    69
    63
    81
    67
    61
    68
    55
    50
    59
    62
    50
    46
    43
    54
    38
    36
    51
    37
    45
    27
    45
    33
    30
    34
    26
    30
    27
    30
    22
    23
    24
    22
    18
    28
    19
    22
    32
    19
    14
    20
    12
    10
    17
    16
    11
    14
    15
    20
    18
    14
    13
    8
    12
    17
    11
    16
    10
    14
    11
    5
    9
    5
    14
    16
    9
    9
    8
    4
    6
    6
    7
    7
    4
    7
    6
    349
    328
    308
    272
    273
    223
    218
    220
    178
    195
    161
    142
    147
    122
    113
    138
    118
    120
    83
    116
    112
    106
    79
    102
    83
    91
    80
    73
    47
    59
    59
    51
    60
    50
    65
    49
    67
    45
    38
    48
    44
    27
    33
    35
    49
    43
    35
    35
    37
    20
    34
    22
    29
    25
    35
    20
    22
    15
    15
    23
    21
    24
    18
    18
    23
    20
    20
    14
    18
    11
    14
    10
    15
    14
    13
    11
    12
    17
    11
    11
    6
    8
    12
    14
    9
    15
    9
    13
    8
    8
    5
    6
    7
    6
    9
    3
    14
    8
    7
    6
    357
    352
    308
    299
    242
    244
    231
    206
    192
    144
    172
    155
    182
    129
    127
    141
    108
    106
    101
    97
    101
    95
    88
    77
    87
    82
    82
    72
    58
    73
    69
    51
    53
    62
    50
    55
    56
    44
    49
    34
    42
    47
    40
    29
    33
    27
    25
    34
    35
    29
    24
    27
    32
    28
    20
    28
    22
    23
    22
    24
    21
    21
    16
    22
    20
    21
    24
    18
    14
    13
    22
    10
    15
    14
    15
    20
    15
    8
    18
    11
    7
    5
    6
    12
    8
    7
    4
    15
    5
    6
    16
    12
    7
    7
    7
    4
    8
    13
    8
    9
    359
    336
    315
    287
    251
    215
    231
    230
    171
    177
    168
    161
    152
    150
    137
    131
    116
    110
    100
    106
    104
    90
    89
    83
    78
    76
    77
    71
    70
    58
    70
    72
    62
    61
    51
    64
    49
    47
    47
    41
    34
    49
    44
    41
    52
    29
    41
    29
    24
    22
    25
    29
    28
    25
    21
    22
    21
    23
    27
    24
    20
    27
    21
    15
    16
    16
    20
    26
    16
    14
    9
    12
    17
    11
    12
    17
    10
    11
    13
    12
    10
    12
    8
    9
    8
    18
    11
    11
    11
    10
    12
    6
    10
    4
    5
    6
    10
    5
    8
    6
    341
    348
    285
    316
    236
    222
    199
    205
    186
    176
    166
    167
    179
    153
    131
    126
    104
    118
    119
    98
    93
    106
    88
    81
    68
    67
    84
    53
    76
    64
    66
    66
    56
    58
    46
    43
    54
    47
    37
    46
    39
    38
    37
    43
    31
    37
    40
    38
    28
    33
    39
    30
    21
    28
    22
    22
    16
    14
    25
    13
    20
    22
    21
    17
    27
    11
    21
    18
    16
    11
    17
    16
    15
    9
    9
    13
    6
    16
    19
    11
    11
    6
    14
    11
    11
    7
    12
    16
    13
    14
    7
    8
    11
    9
    7
    7
    4
    8
    5
    11
    363
    340
    299
    263
    249
    254
    227
    185
    193
    202
    170
    154
    171
    130
    135
    118
    96
    117
    101
    114
    117
    95
    81
    85
    81
    78
    101
    65
    58
    75
    66
    55
    58
    49
    42
    43
    41
    43
    39
    38
    37
    38
    46
    23
    28
    34
    33
    22
    37
    26
    34
    29
    38
    28
    33
    26
    29
    22
    31
    22
    22
    20
    16
    25
    25
    15
    18
    14
    19
    13
    11
    10
    20
    11
    11
    10
    16
    15
    17
    6
    11
    18
    12
    13
    7
    7
    10
    11
    8
    4
    6
    3
    8
    10
    7
    11
    5
    4
    12
    5
    403
    323
    295
    288
    237
    221
    235
    200
    208
    185
    166
    151
    133
    122
    130
    133
    125
    125
    98
    95
    102
    80
    94
    96
    80
    86
    80
    81
    81
    69
    74
    66
    55
    71
    54
    48
    44
    49
    44
    49
    46
    32
    39
    38
    23
    28
    36
    33
    40
    27
    37
    27
    32
    24
    34
    21
    28
    28
    25
    18
    21
    18
    25
    17
    22
    16
    24
    13
    16
    15
    24
    15
    20
    21
    15
    11
    19
    13
    18
    11
    12
    16
    8
    11
    2
    6
    8
    6
    11
    11
    6
    7
    11
    8
    9
    11
    6
    11
    6
    9
    351
    344
    319
    273
    277
    245
    224
    211
    188
    179
    168
    160
    148
    136
    142
    119
    108
    90
    108
    95
    88
    81
    74
    95
    95
    77
    79
    74
    78
    59
    56
    58
    55
    54
    64
    50
    54
    48
    49
    61
    51
    43
    28
    32
    35
    24
    26
    23
    30
    30
    35
    21
    24
    28
    27
    23
    30
    25
    21
    16
    25
    9
    22
    14
    12
    18
    17
    18
    12
    13
    22
    13
    16
    14
    15
    13
    20
    12
    11
    14
    7
    9
    10
    12
    6
    11
    11
    8
    12
    14
    8
    11
    8
    6
    12
    4
    12
    6
    6
    7
    384
    318
    300
    253
    241
    235
    205
    213
    171
    177
    151
    163
    141
    142
    127
    141
    129
    111
    112
    88
    84
    93
    99
    75
    69
    66
    78
    61
    69
    69
    58
    48
    70
    45
    54
    59
    53
    46
    57
    34
    43
    31
    43
    37
    34
    30
    30
    37
    29
    36
    32
    29
    27
    28
    25
    27
    23
    23
    35
    21
    20
    18
    19
    19
    20
    13
    21
    28
    11
    16
    11
    14
    17
    17
    7
    13
    14
    12
    8
    17
    12
    9
    7
    15
    12
    15
    14
    10
    7
    5
    9
    9
    6
    3
    8
    5
    9
    6
    8
    5
    373
    332
    313
    291
    252
    222
    236
    193
    162
    178
    181
    160
    131
    129
    115
    131
    114
    119
    113
    100
    104
    101
    99
    75
    81
    91
    68
    55
    81
    73
    69
    55
    52
    55
    49
    45
    44
    46
    48
    42
    32
    52
    38
    37
    36
    26
    38
    28
    41
    35
    30
    29
    28
    23
    19
    43
    26
    37
    25
    30
    20
    22
    18
    18
    23
    12
    18
    19
    21
    21
    18
    15
    15
    14
    12
    17
    17
    15
    11
    12
    10
    11
    12
    5
    7
    6
    13
    9
    7
    8
    9
    7
    9
    13
    5
    11
    4
    9
    4
    12
    392
    325
    280
    270
    254
    238
    216
    221
    162
    166
    183
    157
    129
    153
    132
    128
    102
    115
    80
    107
    99
    92
    86
    75
    77
    87
    79
    67
    76
    59
    71
    66
    53
    58
    58
    54
    41
    65
    52
    57
    41
    42
    40
    32
    36
    34
    37
    25
    29
    32
    29
    31
    21
    22
    26
    27
    23
    29
    21
    22
    21
    16
    20
    25
    21
    22
    17
    9
    13
    22
    14
    12
    16
    18
    16
    20
    11
    18
    20
    17
    4
    8
    16
    9
    15
    10
    13
    11
    10
    2
    12
    9
    13
    10
    9
    7
    11
    5
    5
    11
    364
    379
    316
    272
    247
    231
    241
    187
    206
    177
    147
    162
    134
    142
    138
    124
    119
    118
    112
    109
    93
    88
    84
    79
    74
    73
    88
    85
    76
    66
    57
    60
    50
    63
    46
    61
    40
    43
    52
    45
    39
    49
    42
    38
    32
    47
    29
    27
    24
    26
    38
    33
    36
    31
    30
    36
    24
    23
    31
    20
    18
    22
    34
    21
    17
    24
    15
    17
    24
    16
    14
    20
    12
    17
    13
    12
    11
    14
    12
    10
    11
    7
    10
    11
    8
    16
    8
    9
    5
    3
    7
    14
    9
    7
    13
    4
    9
    12
    13
    6
    355
    347
    300
    257
    267
    235
    199
    212
    180
    193
    145
    129
    138
    142
    118
    135
    125
    105
    128
    93
    88
    115
    85
    86
    89
    78
    77
    65
    70
    66
    61
    54
    58
    52
    58
    56
    38
    49
    48
    53
    46
    35
    40
    56
    48
    42
    32
    39
    34
    29
    30
    33
    28
    22
    30
    34
    30
    28
    24
    14
    24
    16
    20
    17
    29
    17
    18
    25
    16
    14
    18
    21
    13
    15
    14
    13
    12
    12
    8
    9
    12
    11
    11
    9
    10
    15
    8
    8
    9
    7
    9
    9
    11
    9
    8
    6
    3
    6
    9
    3
    349
    350
    284
    288
    257
    215
    231
    177
    197
    164
    174
    161
    169
    143
    133
    120
    111
    137
    120
    88
    95
    91
    92
    82
    77
    80
    65
    75
    70
    58
    60
    77
    61
    57
    54
    48
    49
    44
    42
    46
    43
    43
    52
    36
    32
    24
    31
    37
    41
    24
    35
    37
    15
    33
    24
    21
    17
    22
    16
    15
    27
    25
    24
    17
    24
    18
    14
    19
    10
    13
    18
    20
    9
    11
    14
    18
    16
    10
    19
    12
    8
    12
    13
    12
    9
    13
    8
    8
    4
    5
    16
    4
    6
    6
    5
    9
    9
    8
    11
    6
    371
    344
    313
    265
    245
    230
    241
    206
    177
    159
    158
    157
    150
    139
    140
    111
    112
    101
    107
    120
    98
    72
    92
    91
    80
    73
    59
    88
    88
    66
    82
    57
    66
    65
    51
    57
    43
    36
    48
    41
    57
    38
    42
    33
    25
    33
    35
    31
    34
    30
    36
    35
    36
    26
    30
    18
    27
    27
    28
    23
    25
    24
    30
    13
    15
    17
    17
    18
    16
    18
    19
    15
    9
    12
    13
    10
    20
    20
    13
    15
    15
    11
    17
    16
    11
    12
    7
    14
    11
    6
    9
    6
    9
    7
    7
    2
    10
    7
    10
    11
    354
    345
    299
    268
    268
    216
    234
    210
    180
    189
    177
    142
    154
    159
    138
    144
    129
    105
    117
    109
    97
    83
    102
    104
    70
    87
    74
    65
    60
    61
    44
    60
    51
    54
    66
    57
    55
    54
    44
    45
    44
    42
    50
    37
    38
    22
    33
    56
    26
    31
    29
    37
    24
    20
    21
    31
    28
    22
    17
    28
    22
    19
    17
    23
    20
    17
    18
    14
    15
    17
    16
    9
    16
    12
    15
    13
    12
    12
    18
    14
    7
    17
    12
    8
    12
    6
    15
    9
    8
    12
    8
    8
    12
    7
    8
    8
    7
    10
    7
    6
    395
    337
    296
    313
    249
    222
    228
    180
    204
    166
    170
    167
    168
    135
    118
    100
    125
    120
    111
    88
    118
    113
    87
    77
    79
    97
    75
    79
    66
    73
    58
    65
    55
    74
    50
    51
    51
    59
    38
    45
    49
    46
    44
    45
    37
    30
    29
    27
    31
    30
    19
    27
    26
    27
    28
    15
    31
    24
    27
    13
    19
    20
    20
    19
    16
    18
    21
    20
    15
    16
    20
    12
    13
    12
    17
    14
    16
    15
    15
    9
    9
    13
    5
    9
    7
    14
    9
    12
    11
    7
    11
    6
    10
    4
    4
    9
    8
    4
    6
    9
    353
    357
    323
    291
    266
    225
    242
    171
    188
    165
    148
    148
    138
    152
    135
    142
    112
    111
    88
    104
    96
    103
    86
    94
    70
    90
    72
    75
    78
    60
    52
    77
    57
    55
    62
    51
    57
    49
    56
    49
    37
    48
    48
    45
    48
    41
    36
    36
    25
    37
    30
    34
    30
    29
    27
    16
    28
    31
    22
    22
    30
    25
    17
    16
    22
    16
    16
    19
    21
    15
    16
    8
    14
    11
    19
    14
    8
    12
    15
    12
    12
    14
    11
    13
    9
    10
    14
    9
    10
    11
    9
    8
    13
    7
    8
    8
    6
    5
    3
    11
    370
    332
    312
    254
    280
    232
    236
    205
    185
    172
    182
    159
    151
    144
    134
    135
    120
    92
    113
    93
    107
    88
    97
    77
    84
    86
    80
    74
    67
    77
    66
    57
    59
    74
    53
    55
    37
    62
    48
    54
    49
    38
    48
    41
    29
    35
    31
    41
    30
    23
    22
    33
    21
    22
    26
    26
    32
    18
    31
    31
    29
    23
    10
    23
    21
    17
    19
    18
    16
    14
    19
    14
    20
    16
    15
    22
    13
    10
    15
    15
    12
    6
    10
    9
    8
    6
    7
    8
    7
    14
    10
    7
    4
    7
    9
    8
    6
    8
    6
    9
    384
    371
    301
    299
    260
    251
    230
    205
    183
    138
    167
    173
    149
    141
    145
    126
    124
    120
    104
    106
    102
    111
    97
    86
    85
    72
    71
    60
    68
    62
    63
    66
    75
    61
    49
    42
    45
    54
    60
    41
    31
    36
    33
    50
    37
    36
    29
    31
    35
    32
    29
    33
    23
    29
    28
    23
    27
    36
    25
    26
    20
    21
    16
    16
    17
    27
    20
    13
    15
    13
    18
    18
    17
    12
    22
    9
    12
    15
    16
    8
    17
    10
    12
    6
    18
    12
    10
    7
    5
    9
    12
    11
    15
    9
    9
    8
    10
    9
    4
    8
    372
    338
    295
    268
    250
    226
    233
    188
    191
    172
    195
    151
    159
    151
    141
    130
    111
    122
    97
    115
    93
    89
    110
    89
    66
    82
    69
    63
    86
    73
    47
    69
    63
    49
    65
    55
    49
    52
    43
    46
    52
    41
    46
    22
    40
    23
    24
    37
    32
    35
    48
    29
    22
    31
    24
    24
    23
    27
    18
    21
    27
    18
    16
    20
    18
    26
    21
    14
    26
    16
    10
    12
    16
    12
    17
    10
    6
    14
    12
    13
    13
    8
    10
    18
    13
    9
    4
    5
    7
    2
    2
    13
    10
    10
    6
    9
    10
    9
    9
    5
    344
    309
    322
    279
    242
    211
    229
    184
    162
    180
    162
    148
    144
    142
    144
    134
    112
    115
    122
    105
    101
    94
    90
    82
    94
    69
    72
    73
    61
    60
    51
    70
    60
    55
    51
    54
    47
    43
    55
    47
    43
    51
    37
    45
    28
    38
    29
    34
    23
    31
    29
    36
    24
    30
    37
    30
    28
    30
    16
    26
    19
    24
    25
    17
    21
    23
    17
    13
    17
    18
    11
    15
    11
    12
    19
    14
    11
    23
    16
    15
    11
    6
    8
    15
    9
    8
    15
    9
    14
    12
    16
    10
    3
    13
    4
    6
    8
    6
    5
    4
    372
    332
    302
    255
    262
    250
    231
    206
    166
    182
    191
    162
    141
    128
    133
    132
    109
    109
    94
    89
    92
    97
    92
    89
    71
    83
    67
    77
    81
    71
    76
    68
    59
    44
    51
    49
    42
    45
    47
    48
    40
    43
    39
    32
    32
    33
    41
    41
    39
    24
    20
    35
    34
    29
    25
    17
    32
    19
    21
    15
    22
    18
    28
    27
    17
    18
    17
    5
    18
    12
    5
    6
    15
    12
    17
    24
    9
    10
    13
    11
    9
    6
    8
    11
    9
    10
    14
    8
    6
    7
    11
    9
    8
    7
    12
    6
    3
    13
    10
    3
    376
    317
    273
    264
    266
    218
    213
    185
    198
    164
    176
    169
    152
    155
    145
    111
    120
    110
    115
    96
    96
    103
    109
    91
    78
    86
    72
    80
    80
    56
    74
    65
    59
    66
    52
    55
    50
    46
    63
    46
    39
    49
    43
    37
    48
    36
    32
    30
    26
    42
    42
    22
    28
    30
    25
    23
    30
    25
    25
    15
    21
    17
    15
    16
    18
    17
    15
    15
    16
    8
    19
    13
    18
    16
    12
    13
    17
    9
    14
    8
    13
    8
    16
    17
    15
    10
    9
    7
    15
    12
    9
    3
    9
    7
    8
    11
    3
    8
    5
    9
    378
    312
    288
    295
    260
    235
    223
    198
    167
    172
    178
    162
    161
    140
    117
    112
    115
    119
    95
    88
    123
    92
    92
    70
    84
    89
    89
    80
    62
    67
    60
    57
    49
    57
    57
    45
    45
    43
    40
    49
    48
    37
    36
    41
    49
    50
    54
    32
    24
    34
    34
    31
    30
    33
    23
    25
    21
    23
    23
    25
    25
    25
    16
    17
    16
    16
    19
    15
    13
    19
    8
    8
    16
    17
    18
    10
    12
    11
    10
    9
    8
    12
    12
    9
    13
    16
    16
    9
    13
    9
    3
    10
    11
    8
    9
    10
    7
    12
    7
    12
    395
    369
    318
    295
    235
    225
    246
    200
    207
    195
    159
    173
    161
    160
    109
    104
    130
    108
    116
    118
    108
    102
    96
    102
    77
    76
    67
    62
    60
    69
    60
    62
    56
    60
    46
    39
    50
    62
    39
    33
    39
    53
    41
    34
    43
    37
    45
    37
    42
    36
    34
    32
    37
    22
    27
    27
    31
    16
    24
    21
    28
    18
    25
    26
    13
    13
    18
    15
    18
    15
    17
    12
    18
    19
    17
    17
    15
    13
    7
    14
    16
    8
    8
    13
    14
    7
    9
    15
    15
    10
    11
    10
    8
    7
    10
    6
    6
    9
    4
    7
    394
    361
    294
    292
    266
    244
    195
    218
    193
    181
    162
    161
    147
    137
    137
    137
    123
    133
    92
    133
    124
    101
    67
    85
    72
    85
    77
    76
    73
    87
    57
    57
    58
    54
    48
    50
    61
    39
    49
    47
    39
    48
    38
    42
    31
    34
    29
    22
    37
    38
    28
    25
    32
    23
    27
    33
    19
    20
    26
    24
    28
    17
    21
    20
    25
    24
    18
    11
    18
    23
    16
    21
    8
    12
    16
    12
    15
    14
    6
    11
    12
    12
    14
    11
    11
    8
    10
    7
    9
    10
    8
    6
    12
    10
    7
    8
    8
    10
    5
    7
    387
    324
    307
    272
    274
    241
    214
    210
    188
    188
    161
    174
    150
    128
    131
    110
    113
    119
    118
    107
    117
    95
    88
    89
    68
    85
    82
    79
    76
    57
    57
    60
    71
    70
    58
    59
    58
    50
    53
    55
    47
    43
    44
    53
    34
    41
    31
    45
    33
    29
    23
    33
    29
    33
    23
    27
    28
    20
    24
    26
    21
    22
    17
    26
    12
    16
    17
    17
    14
    18
    18
    20
    12
    13
    12
    11
    14
    12
    10
    17
    10
    14
    14
    11
    9
    7
    5
    12
    8
    13
    9
    8
    8
    4
    4
    9
    4
    5
    12
    10
    381
    347
    316
    232
    267
    209
    211
    212
    174
    191
    167
    157
    147
    147
    134
    102
    111
    114
    123
    117
    105
    104
    104
    88
    73
    83
    96
    66
    71
    78
    58
    42
    54
    62
    59
    61
    62
    41
    51
    42
    33
    60
    34
    46
    37
    34
    35
    35
    27
    26
    27
    28
    24
    21
    27
    30
    24
    20
    24
    29
    22
    25
    12
    24
    21
    22
    11
    19
    10
    10
    15
    21
    13
    12
    10
    11
    9
    10
    11
    15
    8
    7
    6
    16
    7
    9
    18
    8
    6
    6
    8
    5
    9
    10
    11
    11
    10
    7
    8
    2
    359
    339
    315
    298
    246
    241
    195
    200
    199
    184
    177
    173
    120
    161
    128
    132
    126
    126
    125
    102
    85
    92
    91
    81
    79
    90
    82
    64
    64
    68
    82
    54
    55
    45
    56
    72
    49
    51
    46
    47
    45
    45
    42
    31
    36
    35
    36
    32
    41
    34
    23
    29
    34
    37
    32
    23
    16
    26
    13
    29
    18
    19
    18
    19
    21
    26
    20
    13
    21
    13
    11
    27
    21
    19
    11
    6
    13
    12
    19
    16
    14
    13
    9
    9
    9
    11
    5
    9
    4
    19
    11
    11
    3
    5
    13
    12
    10
    10
    6
    11
    405
    354
    275
    280
    275
    205
    234
    198
    183
    168
    175
    179
    155
    130
    130
    116
    131
    121
    112
    114
    108
    101
    103
    87
    88
    85
    76
    67
    74
    65
    66
    63
    61
    55
    59
    43
    49
    40
    51
    38
    41
    43
    38
    39
    36
    46
    34
    40
    33
    32
    32
    29
    22
    23
    25
    21
    17
    28
    19
    29
    19
    13
    14
    25
    14
    15
    22
    18
    20
    16
    24
    17
    15
    12
    25
    13
    13
    9
    9
    15
    16
    14
    10
    17
    11
    14
    14
    8
    11
    6
    7
    8
    11
    6
    14
    8
    6
    14
    5
    7
    366
    344
    273
    272
    246
    227
    202
    205
    185
    175
    161
    176
    151
    148
    148
    121
    109
    128
    107
    105
    110
    99
    86
    96
    79
    58
    83
    71
    67
    80
    69
    70
    64
    52
    57
    50
    53
    48
    49
    48
    41
    38
    50
    32
    40
    33
    27
    39
    34
    31
    35
    40
    31
    27
    30
    35
    21
    30
    29
    34
    21
    8
    17
    18
    24
    17
    14
    17
    20
    18
    14
    18
    12
    12
    16
    10
    19
    15
    11
    10
    16
    21
    11
    9
    11
    12
    9
    13
    10
    9
    12
    2
    11
    4
    9
    4
    9
    10
    4
    7
    385
    384
    310
    275
    257
    225
    202
    201
    199
    188
    180
    159
    145
    168
    141
    133
    123
    115
    103
    115
    106
    98
    88
    90
    93
    73
    72
    86
    68
    84
    60
    58
    61
    54
    68
    48
    36
    50
    45
    39
    49
    40
    42
    35
    37
    35
    30
    21
    32
    34
    31
    38
    25
    24
    22
    18
    25
    24
    20
    26
    25
    16
    34
    20
    9
    12
    23
    20
    20
    16
    15
    16
    16
    12
    20
    15
    17
    17
    8
    17
    14
    16
    14
    18
    17
    9
    4
    12
    11
    7
    7
    10
    11
    7
    5
    2
    7
    8
    7
    6
    384
    319
    283
    243
    249
    227
    202
    195
    210
    180
    166
    157
    152
    153
    135
    107
    110
    116
    120
    108
    96
    101
    112
    97
    78
    82
    72
    80
    87
    75
    58
    61
    59
    63
    57
    41
    43
    49
    52
    43
    44
    52
    40
    44
    28
    37
    47
    26
    28
    29
    30
    36
    20
    30
    23
    27
    25
    31
    20
    23
    21
    21
    14
    18
    26
    14
    22
    12
    18
    24
    9
    16
    18
    5
    9
    8
    15
    12
    17
    11
    12
    13
    6
    10
    11
    6
    11
    15
    9
    6
    10
    5
    6
    5
    13
    8
    5
    5
    5
    4
    392
    326
    345
    268
    250
    230
    213
    210
    196
    179
    170
    152
    147
    158
    134
    119
    129
    128
    103
    116
    99
    108
    80
    85
    84
    80
    85
    62
    79
    71
    62
    64
    68
    52
    55
    61
    46
    46
    45
    51
    45
    39
    46
    35
    34
    31
    33
    48
    37
    29
    32
    21
    21
    34
    24
    27
    35
    27
    23
    30
    17
    20
    18
    25
    20
    15
    17
    23
    16
    15
    14
    10
    13
    13
    8
    22
    16
    7
    13
    9
    14
    16
    12
    15
    9
    8
    9
    7
    7
    11
    5
    2
    6
    5
    5
    6
    5
    6
    13
    5
    364
    367
    317
    294
    272
    264
    237
    207
    204
    178
    167
    151
    164
    142
    147
    131
    143
    121
    113
    97
    87
    101
    92
    92
    67
    88
    80
    62
    77
    82
    66
    54
    47
    61
    36
    53
    47
    40
    47
    47
    50
    38
    33
    46
    44
    32
    33
    41
    25
    28
    27
    28
    25
    28
    25
    16
    25
    23
    24
    21
    20
    15
    23
    16
    15
    20
    11
    19
    20
    9
    23
    13
    12
    15
    14
    12
    18
    12
    23
    14
    10
    13
    17
    8
    14
    11
    11
    10
    15
    9
    4
    6
    6
    4
    6
    7
    4
    7
    10
    9
    380
    356
    317
    273
    260
    230
    230
    216
    180
    165
    167
    158
    151
    129
    145
    138
    127
    117
    112
    95
    95
    93
    104
    89
    78
    70
    84
    79
    66
    73
    66
    80
    59
    58
    42
    51
    42
    46
    39
    52
    55
    47
    41
    44
    43
    39
    36
    33
    25
    32
    33
    33
    37
    35
    20
    16
    38
    25
    23
    27
    23
    24
    19
    17
    17
    13
    21
    12
    18
    19
    21
    23
    16
    17
    19
    13
    12
    13
    16
    17
    7
    17
    12
    6
    13
    12
    6
    12
    15
    10
    10
    5
    9
    10
    7
    7
    7
    9
    5
    3
    380
    336
    315
    271
    250
    236
    224
    201
    200
    180
    177
    156
    144
    132
    150
    125
    118
    134
    129
    96
    105
    99
    89
    96
    77
    85
    69
    67
    67
    60
    66
    69
    60
    55
    62
    62
    47
    44
    41
    33
    34
    38
    39
    40
    41
    37
    36
    28
    35
    35
    30
    24
    32
    32
    24
    33
    24
    22
    26
    21
    23
    16
    22
    12
    18
    19
    12
    16
    15
    14
    11
    8
    21
    13
    13
    14
    12
    9
    7
    20
    11
    17
    12
    6
    7
    11
    10
    8
    14
    10
    13
    14
    9
    6
    7
    5
    6
    8
    9
    8
    379
    347
    294
    263
    263
    243
    208
    180
    175
    171
    166
    142
    150
    142
    152
    106
    126
    114
    91
    101
    95
    92
    89
    75
    82
    90
    83
    78
    69
    54
    52
    65
    64
    62
    55
    51
    41
    38
    52
    52
    38
    36
    57
    43
    30
    35
    35
    33
    27
    34
    29
    26
    27
    24
    29
    32
    19
    33
    24
    20
    18
    27
    22
    24
    19
    27
    11
    14
    16
    12
    19
    17
    11
    12
    5
    13
    14
    16
    14
    17
    9
    20
    13
    11
    10
    7
    6
    3
    11
    15
    5
    8
    12
    7
    10
    4
    9
    9
    4
    4

Data:
    0
    0
    0
    0
    0
    0
    0
    0
    0
    0
    0
    0
    0
    0
    0
    0
    0
    0
    0
    0
    0
    0
    0
    0
    0
    0
    0
    0
    0
    0
    0
    0
    0
    0
    0
    0
    0
    0
    0
    0
    0
    0
    0
    0
    0
    0
    0
    0
    0
    0
    0
    0
    0
    0
    0
    0
    0
    0
    0
    0
    0
    0
    0
    0
    0
    0
    0
    0
    0
    0
    0
    0
    0
    0
    0
    0
    0
    0
    0
    0
    0
    0
    0
    0
    0
    0
    0
    0
    0
    0
    0
    0
    0
    0
    0
    0
    0
    0
    0
    0
    0
    0
    0
    0
    0
    0
    0
    0
    0
    0
    0
    0
    0
    0
    0
    0
    0
    0
    0
    0
    0
    0
    0
    0
    0
    0
    0
    0
    0
    0
    0
    0
    0
    0
    0
    0
    0
    0
    0
    0
    0
    0
    0
    0
    0
    0
    0
    0
    0
    0
    0
    0
    0
    0
    0
    0
    0
    0
    0
    0
    0
    0
    0
    0
    0
    0
    0
    0
    0
    0
    0
    0
    0
    0
    0
    0
    0
    0
    0
    0
    0
    0
    0
    0
    0
    0
    0
    0
    0
    0
    0
    0
    0
    0
    0
    0
    0
    0
    0
    0
    0
    0
    0
    0
    0
    0
    0
    0
    0
    0
    0
    0
    0
    0
    0
    0
    0
    0
    0
    0
    0
    0
    0
    0
    0
    0
    0
    0
    0
    0
    0
    0
    0
    0
    0
    0
    0
    0
    0
    0
    0
    0
    0
    0
    0
    0
    0
    0
    0
    0
    0
    0
    0
    0
    0
    0
    0
    0
    0
    0
    0
    0
    0
    0
    0
    0
    0
    0
    0
    0
    0
    0
    0
    0
    0
    0
    0
    0
    0
    0
    0
    0
    0
    0
    0
    0
    0
    0
    0
    0
    0
    0
    0
    0
    0
    0
    0
    0
    0
    0
    0
    0
    0
    0
    0
    0
    0
    0
    0
    0
    0
    0
    0
    0
    0
    0
    0
    0
    0
    0
    0
    0
    0
    0
    0
    0
    0
    0
    0
    0
    0
    0
    0
    0
    0
    0
    0
    0
    0
    0
    0
    0
    0
    0
    0
    0
    0
    0
    0
    0
    0
    0
    0
    0
    0
    0
    0
    0
    0
    0
    0
    0
    0
    0
    0
    0
    0
    0
    0
    0
    0
    0
    0
    0
    0
    0
    0
    0
    0
    0
    0
    0
    0
    0
    0
    0
    0
    0
    0
    0
    0
    0
    0
    0
    0
    0
    0
    0
    0
    0
    0
    0
    0
    0
    0
    0
    0
    0
    0
    0
    0
    0
    0
    0
    0
    0
    0
    0
    0
    0
    0
    0
    0
    0
    0
    0
    0
    0
    0
    0
    0
    0
    0
    0
    0
    0
    0
    0
    0
    0
    0
    0
    0
    0
    0
    0
    0
    0
    0
    0
    0
    0
    0
    0
    0
    0
    0
    0
    0
    0
    0
    0
    0
    0
    0
    0
    0
    0
    0
    0
    0
    0
    0
    0
    0
    0
    0
    0
    0
    0
    0
    0
    0
    0
    0
    0
    0
    0
    0
    0
    0
    0
    0
    0
    0
    0
    0
    0
    0
    0
    0
    0
    0
    0
    0
    0
    0
    0
    0
    0
    0
    0
    0
    0
    0
    0
    0
    0
    0
    0
    0
    0
    0
    0
    0
    0
    0
    0
    0
    0
    0
    0
    0
    0
    0
    0
    0
    0
    0
    0
    0
    0
    0
    0
    0
    0
    0
    0
    0
    0
    0
    0
    0
    0
    0
    0
    0
    0
    0
    0
    0
    0
    0
    0
    0
    0
    0
    0
    0
    0
    0
    0
    0
    0
    0
    0
    0
    0
    0
    0
    0
    0
    0
    0
    0
    0
    0
    0
    0
    0
    0
    0
    0
    0
    0
    0
    0
    0
    0
    0
    0
    0
    0
    0
    0
    0
    0
    0
    0
    0
    0
    0
    0
    0
    0
    0
    0
    0
    0
    0
    0
    0
    0
    0
    0
    0
    0
    0
    0
    0
    0
    0
    0
    0
    0
    0
    0
    0
    0
    0
    0
    0
    0
    0
    0
    0
    0
    0
    0
    0
    0
    0
    0
    0
    0
    0
    0
    0
    0
    0
    0
    0
    0
    0
    0
    0
    0
    0
    0
    0
    0
    0
    0
    0
    0
    0
    0
    0
    0
    0
    0
    0
    0
    0
    0
    0
    0
    0
    0
    0
    0
    0
    0
    0
    0
    0
    0
    0
    0
    0
    0
    0
    0
    0
    0
    0
    0
    0
    0
    0
    0
    0
    0
    0
    0
    0
    0
    0
    0
    0
    0
    0
    0
    0
    0
    0
    0
    0
    0
    0
    0
    0
    0
    0
    0
    0
    0
    0
    0
    0
    0
    0
    0
    0
    0
    0
    0
    0
    0
    0
    0
    0
    0
    0
    0
    0
    0
    0
    0
    0
    0
    0
    0
    0
    0
    0
    0
    0
    0
    0
    0
    0
    0
    0
    0
    0
    0
    0
    0
    0
    0
    0
    0
    0
    0
    0
    0
    0
    0
    0
    0
    0
    0
    0
    0
    0
    0
    0
    0
    0
    0
    0
    0
    0
    0
    0
    0
    0
    0
    0
    0
    0
    0
    0
    0
    0
    0
    0
    0
    0
    0
    0
    0
    0
    0
    0
    0
    0
    0
    0
    0
    0
    0
    0
    0
    0
    0
    0
    0
    0
    0
    0
    0
    0
    0
    0
    0
    0
    0
    0
    0
    0
    0
    0
    0
    0
    0
    0
    0
    0
    0
    0
    0
    0
    0
    0
    0
    0
    0
    0
    0
    0
    0
    0
    0
    0
    0
    0
    0
    0
    0
    0
    0
    0
    0
    0
    0
    0
    0
    0
    0
    0
    0
    0
    0
    0
    0
    0
    0
    0
    0
    0
    0
    0
    0
    0
    0
    0
    0
    0
    0
    0
    0
    0
    0
    0
    0
    0
    0
    0
    0
    0
    0
    0
    0
    0
    0
    0
    0
    0
    0
    0
    0
    0
    0
    0
    0
    0
    0
    0
    0
    0
    0
    0
    0
    0
    0
    0
    0
    0
    0
    0
    0
    0
    0
    0
    0
    0
    0
    0
    0
    0
    0
    0
    0
    0
    0
    0
    0
    0
    0
    0
    0
    0
    0
    0
    0
    0
    0
    0
    0
    0
    0
    0
    0
    0
    0
    0
    0
    0
    0
    0
    0
    0
    0
    0
    0
    0
    0
    0
    0
    0
    0
    0
    0
    0
    0
    0
    0
    0
    0
    0
    0
    0
    0
    0
    0
    0
    0
    0
    0
    0
    0
    0
    0
    0
    0
    0
    0
    0
    0
    0
    0
    0
    0
    0
    0
    0
    0
    0
    0
    0
    0
    0
    0
    0
    0
    0
    0
    0
    0
    0
    0
    0
    0
    0
    0
    0
    0
    0
    0
    0
    0
    0
    0
    0
    0
    0
    0
    0
    0
    0
    0
    0
    0
    0
    0
    0
    0
    0
    0
    0
    0
    0
    0
    0
    0
    0
    0
    0
    0
    0
    0
    0
    0
    0
    0
    0
    0
    0
    0
    0
    0
    0
    0
    0
    0
    0
    0
    0
    0
    0
    0
    0
    0
    0
    0
    0
    0
    0
    0
    0
    0
    0
    0
    0
    0
    0
    0
    0
    0
    0
    0
    0
    0
    0
    0
    0
    0
    0
    0
    0
    0
    0
    0
    0
    0
    0
    0
    0
    0
    0
    0
    0
    0
    0
    0
    0
    0
    0
    0
    0
    0
    0
    0
    0
    0
    0
    0
    0
    0
    0
    0
    0
    0
    0
    0
    0
    0
    0
    0
    0
    0
    0
    0
    0
    0
    0
    0
    0
    0
    0
    0
    0
    0
    0
    0
    0
    0
    0
    0
    0
    0
    0
    0
    0
    0
    0
    0
    0
    0
    0
    0
    0
    0
    0
    0
    0
    0
    0
    0
    0
    0
    0
    0
    0
    0
    0
    0
    0
    0
    0
    0
    0
    0
    0
    0
    0
    0
    0
    0
    0
    0
    0
    0
    0
    0
    0
    0
    0
    0
    0
    0
    0
    0
    0
    0
    0
    0
    0
    0
    0
    0
    0
    0
    0
    0
    0
    0
    0
    0
    0
    0
    0
    0
    0
    0
    0
    0
    0
    0
    0
    0
    0
    0
    0
    0
    0
    0
    0
    0
    0
    0
    0
    0
    0
    0
    0
    0
    0
    0
    0
    0
    0
    0
    0
    0
    0
    0
    0
    0
    0
    0
    0
    0
    0
    0
    0
    0
    0
    0
    0
    0
    0
    0
    0
    0
    0
    0
    0
    0
    0
    0
    0
    0
    0
    0
    0
    0
    0
    0
    0
    0
    0
    0
    0
    0
    0
    0
    0
    0
    0
    0
    0
    0
    0
    0
    0
    0
    0
    0
    0
    0
    0
    0
    0
    0
    0
    0
    0
    0
    0
    0
    0
    0
    0
    0
    0
    0
    0
    0
    0
    0
    0
    0
    0
    0
    0
    0
    0
    0
    0
    0
    0
    0
    0
    0
    0
    0
    0
    0
    0
    0
    0
    0
    0
    0
    0
    0
    0
    0
    0
    0
    0
    0
    0
    0
    0
    0
    0
    0
    0
    0
    0
    0
    0
    0
    0
    0
    0
    0
    0
    0
    0
    0
    0
    0
    0
    0
    0
    0
    0
    0
    0
    0
    0
    0
    0
    0
    0
    0
    0
    0
    0
    0
    0
    0
    0
    0
    0
    0
    0
    0
    0
    0
    0
    0
    0
    0
    0
    0
    0
    0
    0
    0
    0
    0
    0
    0
    0
    0
    0
    0
    0
    0
    0
    0
    0
    0
    0
    0
    0
    0
    0
    0
    0
    0
    0
    0
    0
    0
    0
    0
    0
    0
    0
    0
    0
    0
    0
    0
    0
    0
    0
    0
    0
    0
    0
    0
    0
    0
    0
    0
    0
    0
    0
    0
    0
    0
    0
    0
    0
    0
    0
    0
    0
    0
    0
    0
    0
    0
    0
    0
    0
    0
    0
    0
    0
    0
    0
    0
    0
    0
    0
    0
    0
    0
    0
    0
    0
    0
    0
    0
    0
    0
    0
    0
    0
    0
    0
    0
    0
    0
    0
    0
    0
    0
    0
    0
    0
    0
    0
    0
    0
    0
    0
    0
    0
    0
    0
    0
    0
    0
    0
    0
    0
    0
    0
    0
    0
    0
    0
    0
    0
    0
    0
    0
    0
    0
    0
    0
    0
    0
    0
    0
    0
    0
    0
    0
    0
    0
    0
    0
    0
    0
    0
    0
    0
    0
    0
    0
    0
    0
    0
    0
    0
    0
    0
    0
    0
    0
    0
    0
    0
    0
    0
    0
    0
    0
    0
    0
    0
    0
    0
    0
    0
    0
    0
    0
    0
    0
    0
    0
    0
    0
    0
    0
    0
    0
    0
    0
    0
    0
    0
    0
    0
    0
    0
    0
    0
    0
    0
    0
    0
    0
    0
    0
    0
    0
    0
    0
    0
    0
    0
    0
    0
    0
    0
    0
    0
    0
    0
    0
    0
    0
    0
    0
    0
    0
    0
    0
    0
    0
    0
    0
    0
    0
    0
    0
    0
    0
    0
    0
    0
    0
    0
    0
    0
    0
    0
    0
    0
    0
    0
    0
    0
    0
    0
    0
    0
    0
    0
    0
    0
    0
    0
    0
    0
    0
    0
    0
    0
    0
    0
    0
    0
    0
    0
    0
    0
    0
    0
    0
    0
    0
    0
    0
    0
    0
    0
    0
    0
    0
    0
    0
    0
    0
    0
    0
    0
    0
    0
    0
    0
    0
    0
    0
    0
    0
    0
    0
    0
    0
    0
    0
    0
    0
    0
    0
    0
    0
    0
    0
    0
    0
    0
    0
    0
    0
    0
    0
    0
    0
    0
    0
    0
    0
    0
    0
    0
    0
    0
    0
    0
    0
    0
    0
    0
    0
    0
    0
    0
    0
    0
    0
    0
    0
    0
    0
    0
    0
    0
    0
    0
    0
    0
    0
    0
    0
    0
    0
    0
    0
    0
    0
    0
    0
    0
    0
    0
    0
    0
    0
    0
    0
    0
    0
    0
    0
    0
    0
    0
    0
    0
    0
    0
    0
    0
    0
    0
    0
    0
    0
    0
    0
    0
    0
    0
    0
    0
    0
    0
    0
    0
    0
    0
    0
    0
    0
    0
    0
    0
    0
    0
    0
    0
    0
    0
    0
    0
    0
    0
    0
    0
    0
    0
    0
    0
    0
    0
    0
    0
    0
    0
    0
    0
    0
    0
    0
    0
    0
    0
    0
    0
    0
    0
    0
    0
    0
    0
    0
    0
    0
    0
    0
    0
    0
    0
    0
    0
    0
    0
    0
    0
    0
    0
    0
    0
    0
    0
    0
    0
    0
    0
    0
    0
    0
    0
    0
    0
    0
    0
    0
    0
    0
    0
    0
    0
    0
    0
    0
    0
    0
    0
    0
    0
    0
    0
    0
    0
    0
    0
    0
    0
    0
    0
    0
    0
    0
    0
    0
    0
    0
    0
    0
    0
    0
    0
    0
    0
    0
    0
    0
    0
    0
    0
    0
    0
    0
    0
    0
    0
    0
    0
    0
    0
    0
    0
    0
    0
    0
    0
    0
    0
    0
    0
    0
    0
    0
    0
    0
    0
    0
    0
    0
    0
    0
    0
    0
    0
    0
    0
    0
    0
    0
    0
    0
    0
    0
    0
    0
    0
    0
    0
    0
    0
    0
    0
    0
    0
    0
    0
    0
    0
    0
    0
    0
    0
    0
    0
    0
    0
    0
    0
    0
    0
    0
    0
    0
    0
    0
    0
    0
    0
    0
    0
    0
    0
    0
    0
    0
    0
    0
    0
    0
    0
    0
    0
    0
    0
    0
    0
    0
    0
    0
    0
    0
    0
    0
    0
    0
    0
    0
    0
    0
    0
    0
    0
    0
    0
    0
    0
    0
    0
    0
    0
    0
    0
    0
    0
    0
    0
    0
    0
    0
    0
    0
    0
    0
    0
    0
    0
    0
    0
    0
    0
    0
    0
    0
    0
    0
    0
    0
    0
    0
    0
    0
    0
    0
    0
    0
    0
    0
    0
    0
    0
    0
    0
    0
    0
    0
    0
    0
    0
    0
    0
    0
    0
    0
    0
    0
    0
    0
    0
    0
    0
    0
    0
    0
    0
    0
    0
    0
    0
    0
    0
    0
    0
    0
    0
    0
    0
    0
    0
    0
    0
    0
    0
    0
    0
    0
    0
    0
    0
    0
    0
    0
    0
    0
    0
    0
    0
    0
    0
    0
    0
    0
    0
    0
    0
    0
    0
    0
    0
    0
    0
    0
    0
    0
    0
    0
    0
    0
    0
    0
    0
    0
    0
    0
    0
    0
    0
    0
    0
    0
    0
    0
    0
    0
    0
    0
    0
    0
    0
    0
    0
    0
    0
    0
    0
    0
    0
    0
    0
    0
    0
    0
    0
    0
    0
    0
    0
    0
    0
    0
    0
    0
    0
    0
    0
    0
    0
    0
    0
    0
    0
    0
    0
    0
    0
    0
    0
    0
    0
    0
    0
    0
    0
    0
    0
    0
    0
    0
    0
    0
    0
    0
    0
    0
    0
    0
    0
    0
    0
    0
    0
    0
    0
    0
    0
    0
    0
    0
    0
    0
    0
    0
    0
    0
    0
    0
    0
    0
    0
    0
    0
    0
    0
    0
    0
    0
    0
    0
    0
    0
    0
    0
    0
    0
    0
    0
    0
    0
    0
    0
    0
    0
    0
    0
    0
    0
    0
    0
    0
    0
    0
    0
    0
    0
    0
    0
    0
    0
    0
    0
    0
    0
    0
    0
    0
    0
    0
    0
    0
    0
    0
    0
    0
    0
    0
    0
    0
    0
    0
    0
    0
    0
    0
    0
    0
    0
    0
    0
    0
    0
    0
    0
    0
    0
    0
    0
    0
    0
    0
    0
    0
    0
    0
    0
    0
    0
    0
    0
    0
    0
    0
    0
    0
    0
    0
    0
    0
    0
    0
    0
    0
    0
    0
    0
    0
    0
    0
    0
    0
    0
    0
    0
    0
    0
    0
    0
    0
    0
    0
    0
    0
    0
    0
    0
    0
    0
    0
    0
    0
    0
    0
    0
    0
    0
    0
    0
    0
    0
    0
    0
    0
    0
    0
    0
    0
    0
    0
    0
    0
    0
    0
    0
    0
    0
    0
    0
    0
    0
    0
    0
    0
    0
    0
    0
    0
    0
    0
    0
    0
    0
    0
    0
    0
    0
    0
    0
    0
    0
    0
    0
    0
    0
    0
    0
    0
    0
    0
    0
    0
    0
    0
    0
    0
    0
    0
    0
    0
    0
    0
    0
    0
    0
    0
    0
    0
    0
    0
    0
    0
    0
    0
    0
    0
    0
    0
    0
    0
    0
    0
    0
    0
    0
    0
    0
    0
    0
    0
    0
    0
    0
    0
    0
    0
    0
    0
    0
    0
    0
    0
    0
    0
    0
    0
    0
    0
    0
    0
    0
    0
    0
    0
    0
    0
    0
    0
    0
    0
    0
    0
    0
    0
    0
    0
    0
    0
    0
    0
    0
    0
    0
    0
    0
    0
    0
    0
    0
    0
    0
    0
    0
    0
    0
    0
    0
    0
    0
    0
    0
    0
    0
    0
    0
    0
    0
    0
    0
    0
    0
    0
    0
    0
    0
    0
    0
    0
    0
    0
    0
    0
    0
    0
    0
    0
    0
    0
    0
    0
    0
    0
    0
    0
    0
    0
    0
    0
    0
    0
    0
    0
    0
    0
    0
    0
    0
    0
    0
    0
    0
    0
    0
    0
    0
    0
    0
    0
    0
    0
    0
    0
    0
    0
    0
    0
    0
    0
    0
    0
    0
    0
    0
    0
    0
    0
    0
    0
    0
    0
    0
    0
    0
    0
    0
    0
    0
    0
    0
    0
    0
    0
    0
    0
    0
    0
    0
    0
    0
    0
    0
    0
    0
    0
    0
    0
    0
    0
    0
    0
    0
    0
    0
    0
    0
    0
    0
    0
    0
    0
    0
    0
    0
    0
    0
    0
    0
    0
    0
    0
    0
    0
    0
    0
    0
    0
    0
    0
    0
    0
    0
    0
    0
    0
    0
    0
    0
    0
    0
    0
    0
    0
    0
    0
    0
    0
    0
    0
    0
    0
    0
    0
    0
    0
    0
    0
    0
    0
    0
    0
    0
    0
    0
    0
    0
    0
    0
    0
    0
    0
    0
    0
    0
    0
    0
    0
    0
    0
    0
    0
    0
    0
    0
    0
    0
    0
    0
    0
    0
    0
    0
    0
    0
    0
    0
    0
    0
    0
    0
    0
    0
    0
    0
    0
    0
    0
    0
    0
    0
    0
    0
    0
    0
    0
    0
    0
    0
    0
    0
    0
    0
    0
    0
    0
    0
    0
    0
    0
    0
    0
    0
    0
    0
    0
    0
    0
    0
    0
    0
    0
    0
    0
    0
    0
    0
    0
    0
    0
    0
    0
    0
    0
    0
    0
    0
    0
    0
    0
    0
    0
    0
    0
    0
    0
    0
    0
    0
    0
    0
    0
    0
    0
    0
    0
    0
    0
    0
    0
    0
    0
    0
    0
    0
    0
    0
    0
    0
    0
    0
    0
    0
    0
    0
    0
    0
    0
    0
    0
    0
    0
    0
    0
    0
    0
    0
    0
    0
    0
    0
    0
    0
    0
    0
    0
    0
    0
    0
    0
    0
    0
    0
    0
    0
    0
    0
    0
    0
    0
    0
    0
    0
    0
    0
    0
    0
    0
    0
    0
    0
    0
    0
    0
    0
    0
    0
    0
    0
    0
    0
    0
    0
    0
    0
    0
    0
    0
    0
    0
    0
    0
    0
    0
    0
    0
    0
    0
    0
    0
    0
    0
    0
    0
    0
    0
    0
    0
    0
    0
    0
    0
    0
    0
    0
    0
    0
    0
    0
    0
    0
    0
    0
    0
    0
    0
    0
    0
    0
    0
    0
    0
    0
    0
    0
    0
    0
    0
    0
    0
    0
    0
    0
    0
    0
    0
    0
    0
    0
    0
    0
    0
    0
    0
    0
    0
    0
    0
    0
    0
    0
    0
    0
    0
    0
    0
    0
    0
    0
    0
    0
    0
    0
    0
    0
    0
    0
    0
    0
    0
    0
    0
    0
    0
    0
    0
    0
    0
    0
    0
    0
    0
    0
    0
    0
    0
    0
    0
    0
    0
    0
    0
    0
    0
    0
    0
    0
    0
    0
    0
    0
    0
    0
    0
    0
    0
    0
    0
    0
    0
    0
    0
    0
    0
    0
    0
    0
    0
    0
    0
    0
    0
    0
    0
    0
    0
    0
    0
    0
    0
    0
    0
    0
    0
    0
    0
    0
    0
    0
    0
    0
    0
    0
    0
    0
    0
    0
    0
    0
    0
    0
    0
    0
    0
    0
    0
    0
    0
    0
    0
    0
    0
    0
    0
    0
    0
    0
    0
    0
    0
    0
    0
    0
    0
    0
    0
    0
    0
    0
    0
    0
    0
    0
    0
    0
    0
    0
    0
    0
    0
    0
    0
    0
    0
    0
    0
    0
    0
    0
    0
    0
    0
    0
    0
    0
    0
    0
    0
    0
    0
    0
    0
    0
    0
    0
    0
    0
    0
    0
    0
    0
    0
    0
    0
    0
    0
    0
    0
    0
    0
    0
    0
    0
    0
    0
    0
    0
    0
    0
    0
    0
    0
    0
    0
    0
    0
    0
    0
    0
    0
    0
    0
    0
    0
    0
    0
    0
    0
    0
    0
    0
    0
    0
    0
    0
    0
    0
    0
    0
    0
    0
    0
    0
    0
    0
    0
    0
    0
    0
    0
    0
    0
    0
    0
    0
    0
    0
    0
    0
    0
    0
    0
    0
    0
    0
    0
    0
    0
    0
    0
    0
    0
    0
    0
    0
    0
    0
    0
    0
    0
    0
    0
    0
    0
    0
    0
    0
    0
    0
    0
    0
    0
    0
    0
    0
    0
    0
    0
    0
    0
    0
    0
    0
    0
    0
    0
    0
    0
    0
    0
    0
    0
    0
    0
    0
    0
    0
    0
    0
    0
    0
    0
    0
    0
    0
    0
    0
    0
    0
    0
    0
    0
    0
    0
    0
    0
    0
    0
    0
    0
    0
    0
    0
    0
    0
    0
    0
    0
    0
    0
    0
    0
    0
    0
    0
    0
    0
    0
    0
    0
    0
    0
    0
    0
    0
    0
    0
    0
    0
    0
    0
    0
    0
    0
    0
    0
    0
    0
    0
    0
    0
    0
    0
    0
    0
    0
    0
    0
    0
    0
    0
    0
    0
    0
    0
    0
    0
    0
    0
    0
    0
    0
    0
    0
    0
    0
    0
    0
    0
    0
    0
    0
    0
    0
    0
    0
    0
    0
    0
    0
    0
    0
    0
    0
    0
    0
    0
    0
    0
    0
    0
    0
    0
    0
    0
    0
    0
    0
    0
    0
    0
    0
    0
    0
    0
    0
    0
    0
    0
    0
    0
    0
    0
    0
    0
    0
    0
    0
    0
    0
    0
    0
    0
    0
    0
    0
    0
    0
    0
    0
    0
    0
    0
    0
    0
    0
    0
    0
    0
    0
    0
    0
    0
    0
    0
    0
    0
    0
    0
    0
    0
    0
    0
    0
    0
    0
    0
    0
    0
    0
    0
    0
    0
    0
    0
    0
    0
    0
    0
    0
    0
    0
    0
    0
    0
    0
    0
    0
    0
    0
    0
    0
    0
    0
    0
    0
    0
    0
    0
    0
    0
    0
    0
    0
    0
    0
    0
    0
    0
    0
    0
    0
    0
    0
    0
    0
    0
    0
    0
    0
    0
    0
    0
    0
    0
    0
    0
    0
    0
    0
    0
    0
    0
    0
    0
    0
    0
    0
    0
    0
    0
    0
    0
    0
    0
    0
    0
    0
    0
    0
    0
    0
    0
    0
    0
    0
    0
    0
    0
    0
    0
    0
    0
    0
    0
    0
    0
    0
    0
    0
    0
    0
    0
    0
    0
    0
    0
    0
    0
    0
    0
    0
    0
    0
    0
    0
    0
    0
    0
    0
    0
    0
    0
    0
    0
    0
    0
    0
    0
    0
    0
    0
    0
    0
    0
    0
    0
    0
    0
    0
    0
    0
    0
    0
    0
    0
    0
    0
    0
    0
    0
    0
    0
    0
    0
    0
    0
    0
    0
    0
    0
    0
    0
    0
    0
    0
    0
    0
    0
    0
    0
    0
    0
    0
    0
    0
    0
    0
    0
    0
    0
    0
    0
    0
    0
    0
    0
    0
    0
    0
    0
    0
    0
    0
    0
    0
    0
    0
    0
    0
    0
    0
    0
    0
    0
    0
    0
    0
    0
    0
    0
    0
    0
    0
    0
    0
    0
    0
    0
    0
    0
    0
    0
    0
    0
    0
    0
    0
    0
    0
    0
    0
    0
    0
    0
    0
    0
    0
    0
    0
    0
    0
    0
    0
    0
    0
    0
    0
    0
    0
    0
    0
    0
    0
    0
    0
    0
    0
    0
    0
    0
    0
    0
    0
    0
    0
    0
    0
    0
    0
    0
    0
    0
    0
    0
    0
    0
    0
    0
    0
    0
    0
    0
    0
    0
    0
    0
    0
    0
    0
    0
    0
    0
    0
    0
    0
    0
    0
    0
    0
    0
    0
    0
    0
    0
    0
    0
    0
    0
    0
    0
    0
    0
    0
    0
    0
    0
    0
    0
    0
    0
    0
    0
    0
    0
    0
    0
    0
    0
    0
    0
    0
    0
    0
    0
    0
    0
    0
    0
    0
    0
    0
    0
    0
    0
    0
    0
    0
    0
    0
    0
    0
    0
    0
    0
    0
    0
    0
    0
    0
    0
    0
    0
    0
    0
    0
    0
    0
    0
    0
    0
    0
    0
    0
    0
    0
    0
    0
    0
    0
    0
    0
    0
    0
    0
    0
    0
    0
    0
    0
    0
    0
    0
    0
    0
    0
    0
    0
    0
    0
    0
    0
    0
    0
    0
    0
    0
    0
    0
    0
    0
    0
    0
    0
    0
    0
    0
    0
    0
    0
    0
    0
    0
    0
    0
    0
    0
    0
    0
    0
    0
    0
    0
    0
    0
    0
    0
    0
    0
    0
    0
    0
    0
    0
    0
    0
    0
    0
    0
    0
    0
    0
    0
    0
    0
    0
    0
    0
    0
    0
    0
    0
    0
    0
    0
    0
    0
    0
    0
    0
    0
    0
    0
    0
    0
    0
    0
    0
    0
    0
    0
    0
    0
    0
    0
    0
    0
    0
    0
    0
    0
    0
    0
    0
    0
    0
    0
    0
    0
    0
    0
    0
    0
    0
    0
    0
    0
    0
    0
    0
    0
    0
    0
    0
    0
    0
    0
    0
    0
    0
    0
    0
    0
    0
    0
    0
    0
    0
    0
    0
    0
    0
    0
    0
    0
    0
    0
    0
    0
    0
    0
    0
    0
    0
    0
    0
    0
    0
    0
    0
    0
    0
    0
    0
    0
    0
    0
    0
    0
    0
    0
    0
    0
    0
    0
    0
    0
    0
    0
    0
    0
    0
    0
    0
    0
    0
    0
    0
    0
    0
    0
    0
    0
    0
    0
    0
    0
    0
    0
    0
    0
    0
    0
    0
    0
    0
    0
    0
    0
    0
    0
    0
    0
    0
    0
    0
    0
    0
    0
    0
    0
    0
    0
    0
    0
    0
    0
    0
    0
    0
    0
    0
    0
    0
    0
    0
    0
    0
    0
    0
    0
    0
    0
    0
    0
    0
    0
    0
    0
    0
    0
    0
    0
    0
    0
    0
    0
    0
    0
    0
    0
    0
    0
    0
    0
    0
    0
    0
    0
    0
    0
    0
    0
    0
    0
    0
    0
    0
    0
    0
    0
    0
    0
    0
    0
    0
    0
    0
    0
    0
    0
    0
    0
    0
    0
    0
    0
    0
    0
    0
    0
    0
    0
    0
    0
    0
    0
    0
    0
    0
    0
    0
    0
    0
    0
    0
    0
    0
    0
    0
    0
    0
    0
    0
    0
    0
    0
    0
    0
    0
    0
    0
    0
    0
    0
    0
    0
    0
    0
    0
    0
    0
    0
    0
    0
    0
    0
    0
    0
    0
    0
    0
    0
    0
    0
    0
    0
    0
    0
    0
    0
    0
    0
    0
    0
    0
    0
    0
    0
    0
    0
    0
    0
    0
    0
    0
    0
    0
    0
    0
    0
    0
    0
    0
    0
    0
    0
    0
    0
    0
    0
    0
    0
    0
    0
    0
    0
    0
    0
    0
    0
    0
    0
    0
    0
    0
    0
    0
    0
    0
    0
    0
    0
    0
    0
    0
    0
    0
    0
    0
    0
    0
    0
    0
    0
    0
    0
    0
    0
    0
    0
    0
    0
    0
    0
    0
    0
    0
    0
    0
    0
    0
    0
    0
    0
    0
    0
    0
    0
    0
    0
    0
    0
    0
    0
    0
    0
    0
    0
    0
    0
    0
    0
    0
    0
    0
    0
    0
    0
    0
    0
    0
    0
    0
    0
    0
    0
    0
    0
    0
    0
    0
    0
    0
    0
    0
    0
    0
    0
    0
    0
    0
    0
    0
    0
    0
    0
    0
    0
    0
    0
    0
    0
    0
    0
    0
    0
    0
    0
    0
    0
    0
    0
    0
    0
    0
    0
    0
    0
    0
    0
    0
    0
    0
    0
    0
    0
    0
    0
    0
    0
    0
    0
    0
    0
    0
    0
    0
    0
    0
    0
    0
    0
    0
    0
    0
    0
    0
    0
    0
    0
    0
    0
    0
    0
    0
    0
    0
    0
    0
    0
    0
    0
    0
    0
    0
    0
    0
    0
    0
    0
    0
    0
    0
    0
    0
    0
    0
    0
    0
    0
    0
    0
    0
    0
    0
    0
    0
    0
    0
    0
    0
    0
    0
    0
    0
    0
    0
    0
    0
    0
    0
    0
    0
    0
    0
    0
    0
    0
    0
    0
    0
    0
    0
    0
    0
    0
    0
    0
    0
    0
    0
    0
    0
    0
    0
    0
    0
    0
    0
    0
    0
    0
    0
    0
    0
    0
    0
    0
    0
    0
    0
    0
    0
    0
    0
    0
    0
    0
    0
    0
    0
    0
    0
    0
    0
    0
    0
    0
    0
    0
    0
    0
    0
    0
    0
    0
    0
    0
    0
    0
    0
    0
    0
    0
    0
    0
    0
    0
    0
    0
    0
    0
    0
    0
    0
    0
    0
    0
    0
    0
    0
    0
    0
    0
    0
    0
    0
    0
    0
    0
    0
    0
    0
    0
    0
    0
    0
    0
    0
    0
    0
    0
    0
    0
    0
    0
    0
    0
    0
    0
    0
    0
    0
    0
    0
    0
    0
    0
    0
    0
    0
    0
    0
    0
    0
    0
    0
    0
    0
    0
    0
    0
    0
    0
    0
    0
    0
    0
    0
    0
    0
    0
    0
    0
    0
    0
    0
    0
    0
    0
    0
    0
    0
    0
    0
    0
    0
    0
    0
    0
    0
    0
    0
    0
    0
    0
    0
    0
    0
    0
    0
    0
    0
    0
    0
    0
    0
    0
    0
    0
    0
    0
    0
    0
    0
    0
    0
    0
    0
    0
    0
    0
    0
    0
    0
    0
    0
    0
    0
    0
    0
    0
    0
    0
    0
    0
    0
    0
    0
    0
    0
    0
    0
    0
    0
    0
    0
    0
    0
    0
    0
    0
    0
    0
    0
    0
    0
    0
    0
    0
    0
    0
    0
    0
    0
    0
    0
    0
    0
    0
    0
    0
    0
    0
    0
    0
    0
    0
    0
    0
    0
    0
    0
    0
    0
    0
    0
    0
    0
    0
    0
    0
    0
    0
    0
    0
    0
    0
    0
    0
    0
    0
    0
    0
    0
    0
    0
    0
    0
    0
    0
    0
    0
    0
    0
    0
    0
    0
    0
    0
    0
    0
    0
    0
    0
    0
    0
    0
    0
    0
    0
    0
    0
    0
    0
    0
    0
    0
    0
    0
    0
    0
    0
    0
    0
    0
    0
    0
    0
    0
    0
    0
    0
    0
    0
    0
    0
    0
    0
    0
    0
    0
    0
    0
    0
    0
    0
    0
    0
    0
    0
    0
    0
    0
    0
    0
    0
    0
    0
    0
    0
    0
    0
    0
    0
    0
    0
    0
    0
    0
    0
    0
    0
    0
    0
    0
    0
    0
    0
    0
    0
    0
    0
    0
    0
    0
    0
    0
    0
    0
    0
    0
    0
    0
    0
    0
    0
    0
    0
    0
    0
    0
    0
    0
    0
    0
    0
    0
    0
    0
    0
    0
    0
    0
    0
    0
    0
    0
    0
    0
    0
    0
    0
    0
    0
    0
    0
    0
    0
    0
    0
    0
    0
    0
    0
    0
    0
    0
    0
    0
    0
    0
    0
    0
    0
    0
    0
    0
    0
