Project Info:
    ACQ Time: 2019- 9-24  11:21:18: 905 .
    Project: ltj左侧足三里左旁开（足三里涂红药水30min）
    Name: 
    Part:  
    Operator:  
    Desc.:  
    Sample Data Acquired.

ACQ Parameters:
    Excited Peroid(ms): 50
    Excited Time(ms): 10
    Acq Delay Time(us): 10
    Gate Time(ms): 20
    Count Num per gate: 100
    Repeat Times: 50
    Acq Gate Times: 1
    Interval per Gate(us): 100
    Channel Number: 2

Data:
    287
    212
    190
    187
    158
    111
    114
    120
    113
    100
    79
    92
    92
    79
    81
    64
    73
    67
    62
    48
    52
    35
    36
    38
    40
    35
    35
    32
    27
    26
    22
    20
    36
    26
    19
    28
    16
    15
    21
    26
    8
    16
    25
    18
    19
    17
    13
    8
    11
    16
    14
    16
    13
    20
    11
    13
    11
    10
    12
    6
    10
    4
    7
    9
    6
    9
    10
    10
    8
    7
    6
    7
    8
    7
    4
    3
    7
    5
    5
    6
    12
    6
    7
    6
    5
    5
    3
    2
    3
    4
    5
    7
    2
    1
    5
    1
    2
    3
    3
    6
    261
    237
    189
    165
    159
    138
    125
    133
    104
    97
    104
    78
    77
    68
    54
    72
    65
    54
    50
    52
    47
    52
    42
    52
    40
    33
    27
    37
    36
    26
    30
    31
    26
    27
    30
    26
    30
    22
    19
    21
    23
    11
    21
    21
    10
    10
    16
    15
    11
    12
    10
    13
    15
    15
    17
    9
    11
    13
    14
    8
    12
    11
    13
    6
    5
    8
    9
    8
    13
    8
    6
    8
    5
    6
    6
    5
    3
    6
    6
    4
    7
    7
    8
    4
    2
    3
    6
    0
    3
    3
    4
    4
    1
    6
    4
    3
    3
    4
    6
    4
    270
    226
    196
    175
    142
    144
    122
    131
    116
    100
    96
    70
    89
    79
    61
    52
    61
    64
    63
    53
    52
    50
    58
    37
    45
    33
    39
    37
    36
    29
    22
    39
    25
    25
    24
    27
    20
    28
    22
    17
    21
    22
    16
    14
    21
    22
    15
    14
    11
    15
    14
    5
    15
    8
    10
    5
    10
    9
    13
    15
    7
    6
    8
    11
    7
    11
    8
    7
    7
    4
    2
    7
    8
    6
    6
    4
    9
    2
    9
    5
    3
    3
    4
    3
    3
    3
    1
    6
    8
    5
    4
    4
    3
    3
    2
    3
    4
    6
    3
    5
    285
    253
    197
    168
    146
    128
    120
    117
    109
    92
    92
    102
    91
    87
    78
    67
    51
    61
    59
    51
    64
    51
    47
    44
    44
    34
    28
    31
    36
    29
    22
    35
    41
    30
    27
    30
    30
    15
    20
    18
    23
    22
    18
    10
    21
    19
    13
    18
    15
    12
    15
    9
    10
    13
    8
    14
    7
    11
    9
    18
    7
    10
    9
    7
    5
    9
    4
    9
    9
    5
    8
    4
    8
    3
    6
    5
    5
    6
    3
    3
    2
    2
    4
    4
    3
    9
    4
    9
    2
    7
    4
    5
    0
    6
    2
    4
    4
    3
    0
    2
    236
    229
    215
    171
    136
    133
    117
    130
    101
    109
    109
    80
    75
    80
    71
    63
    47
    48
    58
    56
    42
    41
    44
    59
    47
    44
    44
    49
    38
    23
    29
    33
    28
    29
    19
    22
    19
    27
    22
    20
    13
    21
    16
    15
    11
    14
    17
    13
    26
    15
    14
    21
    18
    14
    9
    10
    10
    9
    14
    12
    7
    11
    6
    5
    12
    11
    10
    13
    5
    10
    8
    2
    5
    6
    7
    5
    11
    2
    6
    6
    5
    6
    3
    2
    7
    7
    2
    5
    4
    3
    1
    5
    1
    5
    2
    6
    8
    1
    9
    2
    276
    217
    196
    172
    155
    134
    122
    132
    109
    93
    95
    94
    78
    73
    67
    59
    68
    52
    59
    46
    59
    53
    61
    37
    42
    43
    32
    31
    29
    40
    32
    30
    27
    27
    24
    17
    21
    24
    19
    21
    12
    22
    18
    22
    22
    16
    21
    16
    13
    14
    10
    9
    6
    12
    8
    10
    13
    12
    15
    8
    9
    7
    11
    3
    5
    15
    14
    4
    7
    5
    9
    11
    7
    3
    9
    4
    6
    7
    5
    10
    5
    8
    2
    3
    1
    5
    8
    4
    2
    7
    3
    2
    3
    1
    3
    3
    5
    2
    5
    3
    256
    208
    210
    165
    161
    141
    131
    104
    113
    103
    99
    91
    105
    70
    66
    68
    74
    66
    60
    47
    57
    49
    54
    39
    44
    41
    36
    48
    40
    28
    38
    35
    32
    27
    24
    29
    25
    14
    23
    16
    21
    21
    22
    13
    17
    21
    17
    15
    19
    14
    8
    11
    12
    12
    11
    8
    18
    13
    7
    6
    16
    13
    15
    8
    9
    5
    13
    9
    8
    7
    14
    6
    11
    12
    8
    1
    5
    5
    9
    5
    5
    6
    2
    3
    4
    6
    9
    1
    8
    4
    7
    4
    4
    10
    4
    4
    2
    3
    3
    5
    280
    212
    193
    184
    146
    131
    133
    110
    98
    95
    104
    87
    76
    60
    69
    72
    57
    72
    52
    54
    51
    43
    39
    50
    40
    36
    37
    36
    23
    42
    39
    34
    26
    34
    27
    15
    24
    26
    25
    19
    18
    15
    16
    26
    22
    19
    21
    11
    15
    10
    13
    7
    15
    10
    16
    26
    11
    15
    11
    4
    2
    10
    5
    10
    4
    7
    10
    11
    3
    5
    2
    11
    10
    9
    4
    8
    6
    10
    6
    4
    7
    3
    3
    3
    6
    5
    2
    3
    3
    5
    3
    5
    2
    4
    4
    4
    1
    4
    5
    3
    285
    232
    195
    167
    182
    163
    137
    109
    108
    83
    102
    87
    78
    86
    66
    80
    75
    62
    56
    46
    52
    53
    43
    54
    49
    44
    40
    34
    40
    38
    29
    36
    30
    23
    28
    24
    24
    23
    26
    13
    21
    10
    24
    19
    21
    18
    18
    10
    15
    13
    14
    21
    9
    8
    9
    12
    9
    14
    7
    8
    11
    10
    11
    11
    12
    9
    5
    11
    9
    5
    4
    14
    4
    5
    7
    8
    8
    4
    7
    7
    3
    5
    3
    4
    2
    8
    7
    4
    2
    5
    3
    1
    4
    3
    1
    3
    6
    3
    4
    8
    248
    201
    195
    163
    141
    110
    112
    107
    103
    99
    98
    100
    67
    75
    75
    84
    59
    59
    51
    48
    42
    36
    38
    41
    38
    45
    40
    38
    30
    36
    37
    24
    31
    30
    20
    25
    23
    19
    21
    21
    24
    16
    20
    21
    11
    21
    17
    16
    12
    14
    14
    5
    12
    11
    6
    10
    3
    18
    11
    8
    7
    9
    10
    6
    5
    5
    8
    12
    7
    5
    9
    5
    12
    13
    10
    2
    9
    3
    4
    6
    8
    7
    4
    10
    5
    4
    5
    5
    2
    7
    3
    7
    7
    3
    3
    3
    5
    3
    3
    4
    254
    194
    219
    167
    151
    142
    135
    114
    125
    88
    113
    85
    81
    91
    71
    69
    65
    51
    65
    51
    54
    51
    45
    41
    43
    43
    30
    31
    34
    32
    27
    33
    33
    33
    23
    27
    20
    28
    11
    23
    15
    18
    21
    21
    19
    10
    22
    13
    15
    9
    16
    13
    8
    10
    10
    5
    13
    14
    14
    12
    4
    12
    6
    7
    7
    9
    7
    4
    7
    8
    8
    3
    8
    7
    7
    9
    5
    5
    8
    6
    2
    7
    7
    8
    5
    1
    6
    3
    4
    3
    5
    5
    3
    5
    5
    2
    2
    3
    7
    6
    260
    238
    193
    167
    140
    126
    122
    124
    106
    112
    90
    95
    98
    75
    66
    62
    61
    70
    59
    54
    55
    45
    40
    48
    38
    46
    47
    42
    41
    37
    28
    25
    27
    33
    29
    22
    26
    19
    23
    18
    16
    18
    20
    19
    14
    8
    14
    12
    14
    15
    11
    13
    12
    12
    8
    16
    16
    8
    6
    10
    10
    14
    11
    15
    5
    11
    7
    11
    6
    7
    6
    7
    6
    6
    10
    12
    9
    8
    10
    5
    4
    8
    4
    3
    3
    4
    5
    5
    5
    3
    2
    4
    5
    4
    3
    1
    3
    8
    2
    2
    304
    215
    203
    167
    160
    150
    124
    118
    100
    108
    88
    103
    88
    79
    65
    79
    51
    73
    50
    54
    62
    37
    55
    33
    44
    34
    41
    29
    35
    30
    28
    37
    31
    36
    21
    22
    22
    35
    11
    26
    19
    22
    21
    13
    22
    14
    16
    13
    20
    19
    8
    11
    11
    16
    13
    11
    13
    12
    10
    8
    8
    9
    13
    7
    14
    8
    7
    10
    9
    5
    10
    10
    5
    8
    8
    3
    5
    4
    3
    6
    2
    9
    11
    9
    3
    1
    5
    10
    6
    6
    8
    2
    4
    3
    1
    5
    7
    4
    5
    8
    278
    212
    203
    187
    143
    125
    114
    103
    105
    122
    101
    78
    77
    79
    64
    74
    77
    48
    59
    49
    55
    61
    43
    48
    37
    31
    31
    37
    41
    31
    31
    31
    33
    36
    32
    20
    20
    22
    27
    22
    16
    17
    19
    13
    19
    15
    14
    18
    9
    18
    13
    10
    12
    15
    5
    17
    11
    15
    12
    9
    6
    9
    12
    8
    7
    12
    8
    6
    5
    8
    8
    9
    8
    11
    7
    1
    3
    13
    5
    3
    6
    4
    3
    8
    4
    5
    4
    10
    3
    2
    2
    8
    3
    2
    1
    2
    3
    4
    3
    4
    255
    233
    221
    171
    152
    123
    153
    120
    120
    114
    85
    115
    69
    73
    68
    65
    70
    73
    42
    46
    41
    54
    28
    40
    43
    44
    37
    42
    45
    37
    37
    33
    31
    30
    32
    24
    19
    12
    22
    23
    8
    24
    24
    10
    13
    16
    12
    16
    19
    17
    11
    10
    13
    8
    9
    12
    11
    13
    8
    9
    10
    6
    8
    1
    13
    11
    11
    9
    5
    6
    6
    6
    2
    4
    3
    7
    10
    9
    1
    4
    6
    3
    4
    6
    5
    2
    4
    3
    2
    4
    6
    1
    3
    4
    2
    2
    6
    2
    3
    2
    299
    208
    194
    148
    171
    156
    125
    126
    113
    112
    96
    94
    89
    72
    91
    76
    69
    47
    47
    61
    44
    57
    47
    39
    43
    42
    38
    36
    36
    39
    35
    30
    25
    36
    29
    22
    20
    30
    16
    21
    17
    25
    21
    20
    12
    17
    22
    23
    21
    19
    19
    11
    18
    15
    8
    13
    16
    8
    11
    9
    10
    10
    7
    11
    6
    12
    8
    8
    8
    7
    8
    4
    10
    9
    4
    8
    8
    7
    6
    5
    5
    3
    8
    8
    4
    3
    2
    3
    6
    4
    4
    3
    3
    4
    6
    4
    3
    4
    2
    4
    275
    224
    172
    166
    180
    165
    128
    115
    102
    94
    102
    79
    73
    86
    85
    59
    53
    67
    47
    57
    46
    55
    59
    40
    45
    42
    28
    38
    30
    30
    34
    30
    32
    28
    36
    23
    27
    20
    27
    24
    19
    19
    25
    21
    18
    17
    19
    8
    14
    8
    13
    11
    14
    18
    9
    11
    13
    10
    5
    10
    8
    8
    6
    13
    8
    13
    12
    10
    7
    6
    3
    4
    7
    9
    4
    5
    2
    3
    3
    6
    6
    6
    6
    4
    6
    5
    4
    5
    2
    6
    4
    4
    6
    3
    4
    2
    2
    3
    2
    2
    294
    230
    197
    157
    129
    127
    130
    121
    86
    105
    93
    88
    71
    89
    70
    67
    54
    76
    54
    61
    65
    56
    54
    56
    41
    37
    39
    41
    39
    31
    37
    39
    31
    24
    33
    30
    18
    31
    21
    26
    26
    23
    22
    17
    22
    13
    23
    12
    16
    8
    7
    17
    13
    15
    12
    8
    15
    9
    12
    16
    7
    8
    7
    15
    6
    13
    11
    9
    11
    9
    13
    3
    5
    4
    8
    4
    5
    8
    5
    4
    7
    6
    8
    6
    6
    0
    4
    7
    5
    4
    3
    9
    2
    3
    6
    5
    8
    5
    2
    1
    260
    227
    216
    161
    149
    139
    115
    117
    111
    105
    98
    87
    84
    77
    72
    57
    78
    79
    67
    54
    61
    43
    43
    44
    50
    39
    31
    43
    27
    41
    32
    26
    29
    24
    28
    31
    30
    18
    19
    11
    21
    32
    20
    23
    18
    15
    21
    12
    20
    18
    17
    18
    10
    17
    15
    17
    8
    7
    12
    13
    11
    9
    4
    5
    6
    8
    7
    9
    12
    5
    5
    6
    7
    8
    9
    7
    14
    6
    2
    2
    9
    6
    4
    7
    3
    5
    5
    5
    7
    3
    3
    4
    2
    2
    4
    3
    3
    1
    2
    3
    268
    237
    213
    189
    158
    137
    122
    123
    122
    111
    88
    89
    92
    77
    73
    74
    77
    62
    61
    47
    47
    45
    50
    47
    47
    32
    41
    29
    33
    37
    48
    34
    27
    28
    30
    25
    28
    26
    20
    17
    17
    14
    22
    20
    16
    11
    16
    24
    10
    13
    7
    8
    15
    7
    15
    5
    9
    16
    4
    10
    9
    13
    9
    10
    13
    10
    7
    7
    4
    13
    7
    8
    10
    13
    11
    8
    12
    8
    4
    4
    11
    9
    3
    8
    4
    6
    6
    2
    8
    5
    3
    5
    3
    4
    7
    3
    5
    3
    2
    4
    277
    217
    197
    181
    135
    107
    131
    117
    110
    95
    89
    99
    81
    80
    72
    83
    62
    72
    64
    59
    35
    40
    33
    48
    41
    43
    40
    43
    29
    36
    22
    26
    30
    31
    26
    28
    19
    27
    27
    23
    19
    19
    11
    18
    20
    16
    16
    17
    15
    20
    10
    15
    20
    10
    15
    9
    16
    18
    13
    14
    6
    8
    5
    7
    8
    8
    5
    12
    10
    9
    5
    10
    8
    8
    7
    5
    6
    7
    3
    1
    5
    3
    6
    3
    5
    6
    6
    6
    3
    1
    4
    4
    6
    5
    2
    4
    3
    5
    1
    2
    259
    255
    201
    199
    153
    141
    123
    99
    99
    101
    85
    103
    91
    79
    68
    65
    73
    57
    63
    63
    40
    55
    35
    42
    63
    40
    52
    39
    42
    27
    31
    26
    35
    29
    24
    29
    18
    27
    18
    25
    15
    15
    18
    24
    20
    20
    22
    20
    12
    20
    15
    10
    11
    19
    8
    18
    9
    5
    10
    12
    10
    9
    11
    8
    5
    9
    8
    8
    6
    11
    5
    6
    9
    2
    5
    2
    6
    5
    4
    10
    5
    8
    3
    10
    1
    2
    4
    6
    6
    2
    4
    5
    7
    5
    3
    3
    4
    3
    3
    1
    264
    224
    229
    181
    123
    143
    104
    117
    109
    102
    80
    97
    98
    87
    76
    78
    67
    57
    60
    54
    56
    43
    44
    50
    51
    41
    36
    36
    44
    37
    32
    27
    23
    30
    21
    27
    25
    21
    24
    17
    23
    23
    17
    17
    20
    19
    19
    15
    15
    12
    15
    12
    13
    16
    19
    11
    12
    15
    13
    9
    8
    14
    15
    9
    5
    13
    9
    10
    8
    5
    9
    15
    7
    4
    7
    5
    6
    1
    6
    3
    4
    8
    5
    6
    4
    6
    4
    2
    6
    3
    5
    4
    1
    5
    4
    4
    2
    2
    4
    3
    294
    229
    169
    189
    156
    153
    120
    122
    96
    87
    109
    94
    91
    78
    62
    86
    68
    57
    54
    64
    60
    51
    45
    51
    35
    34
    39
    40
    47
    32
    32
    35
    36
    31
    30
    28
    26
    27
    27
    11
    23
    29
    18
    17
    14
    17
    23
    11
    7
    21
    9
    11
    10
    10
    12
    8
    14
    13
    11
    8
    11
    8
    6
    12
    7
    10
    3
    12
    5
    8
    11
    9
    6
    4
    6
    9
    7
    4
    7
    4
    7
    6
    3
    5
    5
    7
    4
    6
    3
    8
    4
    9
    7
    5
    6
    6
    3
    3
    5
    4
    280
    258
    208
    185
    155
    137
    134
    102
    110
    87
    121
    84
    92
    74
    73
    78
    71
    69
    65
    55
    53
    45
    50
    44
    45
    38
    37
    35
    28
    40
    27
    30
    30
    19
    25
    28
    30
    22
    25
    25
    29
    19
    25
    35
    14
    14
    16
    11
    15
    19
    14
    10
    9
    14
    10
    11
    15
    19
    8
    11
    6
    11
    6
    7
    3
    9
    10
    7
    10
    6
    6
    7
    5
    8
    11
    9
    12
    10
    5
    7
    8
    7
    4
    3
    3
    3
    4
    7
    6
    5
    7
    7
    7
    8
    2
    2
    5
    4
    5
    3
    319
    257
    182
    192
    153
    125
    127
    101
    117
    101
    96
    84
    96
    83
    82
    61
    52
    56
    51
    53
    53
    58
    51
    49
    51
    39
    37
    34
    44
    35
    36
    19
    41
    28
    20
    28
    18
    24
    22
    19
    19
    14
    20
    27
    15
    15
    15
    17
    13
    16
    12
    20
    16
    17
    13
    17
    14
    18
    7
    11
    11
    6
    8
    10
    7
    5
    8
    9
    12
    8
    9
    9
    8
    8
    4
    11
    3
    9
    6
    9
    5
    3
    6
    6
    7
    3
    5
    6
    7
    3
    3
    0
    6
    6
    1
    5
    6
    7
    1
    2
    279
    229
    197
    157
    138
    140
    131
    126
    118
    109
    89
    90
    89
    87
    74
    77
    57
    57
    51
    51
    42
    58
    43
    40
    49
    52
    48
    32
    36
    40
    43
    31
    29
    38
    23
    21
    22
    23
    28
    23
    27
    14
    15
    18
    22
    17
    23
    24
    19
    13
    14
    20
    14
    10
    16
    14
    9
    9
    9
    18
    5
    12
    13
    5
    7
    11
    3
    5
    5
    7
    8
    13
    6
    5
    6
    7
    3
    5
    10
    7
    8
    3
    0
    5
    4
    7
    4
    8
    5
    3
    1
    4
    2
    4
    4
    5
    3
    4
    5
    5
    286
    239
    205
    173
    135
    155
    133
    119
    111
    89
    104
    77
    87
    81
    63
    90
    55
    58
    52
    52
    54
    57
    47
    42
    42
    43
    30
    30
    34
    34
    37
    24
    24
    22
    29
    22
    36
    26
    27
    19
    14
    12
    22
    17
    11
    13
    18
    26
    16
    17
    13
    12
    17
    13
    17
    12
    16
    12
    6
    8
    13
    10
    10
    9
    9
    11
    6
    6
    15
    9
    6
    5
    7
    5
    12
    5
    6
    4
    7
    7
    5
    11
    4
    4
    7
    3
    8
    6
    3
    6
    0
    3
    2
    3
    1
    4
    4
    4
    5
    4
    293
    222
    218
    196
    162
    132
    122
    133
    92
    86
    99
    109
    88
    91
    81
    69
    76
    77
    48
    59
    54
    41
    49
    47
    47
    44
    43
    29
    40
    34
    22
    26
    38
    34
    25
    31
    17
    17
    19
    21
    18
    21
    19
    14
    13
    17
    12
    15
    8
    12
    13
    17
    10
    20
    12
    20
    11
    15
    13
    8
    6
    9
    7
    10
    10
    8
    7
    9
    3
    9
    4
    6
    4
    8
    8
    3
    8
    3
    4
    4
    6
    6
    6
    5
    6
    12
    4
    8
    9
    1
    7
    2
    7
    3
    5
    3
    6
    7
    3
    2
    281
    225
    199
    169
    169
    144
    119
    121
    100
    106
    96
    86
    99
    78
    69
    75
    42
    81
    54
    62
    49
    49
    44
    42
    57
    44
    31
    40
    34
    24
    40
    35
    33
    31
    24
    29
    29
    17
    28
    23
    27
    16
    22
    19
    20
    22
    16
    19
    10
    11
    25
    16
    21
    12
    15
    15
    12
    7
    8
    7
    8
    6
    10
    5
    13
    13
    7
    11
    11
    6
    5
    2
    8
    8
    3
    7
    6
    3
    4
    5
    11
    9
    4
    5
    7
    5
    3
    1
    4
    6
    6
    5
    4
    5
    6
    3
    1
    6
    7
    7
    262
    257
    232
    188
    165
    134
    134
    112
    117
    109
    115
    91
    75
    72
    78
    83
    60
    51
    55
    55
    59
    50
    30
    47
    53
    40
    45
    27
    46
    31
    29
    33
    31
    27
    34
    32
    22
    15
    30
    20
    19
    17
    21
    35
    12
    25
    9
    25
    11
    23
    12
    22
    20
    15
    9
    14
    7
    14
    11
    8
    16
    10
    8
    6
    10
    16
    7
    13
    5
    6
    4
    8
    12
    6
    10
    6
    4
    3
    5
    6
    4
    4
    6
    4
    2
    6
    8
    4
    1
    2
    6
    5
    6
    3
    2
    8
    5
    5
    3
    2
    281
    203
    200
    167
    150
    147
    139
    113
    110
    99
    104
    95
    69
    89
    75
    65
    69
    73
    68
    56
    63
    51
    43
    41
    32
    55
    45
    35
    37
    36
    28
    37
    26
    31
    32
    41
    32
    24
    18
    20
    16
    22
    19
    20
    21
    22
    19
    15
    7
    14
    19
    18
    11
    17
    9
    11
    10
    7
    7
    15
    13
    14
    6
    9
    10
    8
    7
    5
    8
    5
    10
    10
    7
    6
    5
    5
    6
    13
    8
    4
    4
    6
    4
    3
    6
    2
    3
    7
    11
    3
    3
    4
    9
    4
    6
    6
    3
    2
    0
    1
    270
    240
    198
    158
    144
    150
    133
    124
    102
    98
    92
    90
    84
    94
    71
    75
    73
    58
    59
    62
    52
    54
    59
    44
    35
    39
    44
    47
    32
    29
    30
    27
    35
    28
    25
    25
    20
    29
    19
    28
    13
    30
    30
    18
    19
    16
    13
    17
    20
    26
    16
    18
    12
    14
    17
    13
    13
    5
    12
    8
    13
    11
    10
    9
    10
    7
    14
    11
    7
    5
    3
    8
    10
    4
    5
    9
    3
    1
    2
    3
    11
    7
    6
    9
    7
    8
    5
    3
    5
    1
    1
    5
    4
    5
    4
    5
    6
    4
    4
    5
    300
    226
    193
    161
    136
    132
    156
    120
    117
    91
    80
    77
    82
    79
    82
    67
    69
    59
    52
    56
    63
    56
    44
    50
    51
    45
    56
    40
    38
    27
    36
    29
    32
    34
    31
    24
    26
    24
    32
    27
    16
    22
    14
    15
    21
    24
    11
    16
    11
    15
    11
    18
    16
    21
    14
    14
    19
    9
    8
    13
    12
    14
    9
    6
    10
    4
    3
    7
    3
    10
    11
    13
    14
    5
    4
    11
    6
    5
    8
    5
    9
    8
    6
    4
    7
    3
    2
    4
    5
    7
    2
    9
    3
    3
    2
    1
    3
    5
    1
    2
    292
    276
    181
    177
    157
    136
    122
    114
    108
    89
    106
    87
    85
    75
    84
    67
    58
    73
    81
    51
    53
    60
    43
    42
    46
    50
    34
    41
    33
    41
    32
    25
    29
    24
    30
    31
    25
    22
    21
    18
    19
    21
    18
    11
    15
    18
    24
    12
    10
    8
    13
    13
    13
    15
    13
    6
    15
    13
    11
    6
    11
    8
    16
    7
    8
    11
    11
    5
    11
    9
    12
    5
    5
    6
    4
    3
    10
    3
    7
    6
    2
    4
    7
    8
    1
    5
    4
    6
    8
    7
    1
    5
    1
    2
    2
    7
    5
    10
    2
    4
    257
    209
    216
    184
    161
    145
    131
    117
    111
    99
    108
    78
    76
    72
    84
    84
    70
    57
    62
    67
    67
    45
    41
    39
    47
    35
    33
    40
    41
    34
    52
    38
    30
    26
    20
    19
    29
    23
    30
    22
    22
    21
    18
    22
    26
    24
    19
    15
    19
    16
    22
    18
    21
    6
    9
    8
    6
    13
    11
    11
    8
    17
    8
    10
    8
    5
    8
    8
    6
    5
    14
    7
    6
    11
    2
    7
    13
    5
    7
    7
    6
    6
    9
    5
    9
    5
    6
    6
    3
    3
    4
    6
    5
    2
    2
    2
    3
    4
    4
    6
    270
    219
    189
    161
    167
    148
    104
    124
    84
    89
    94
    79
    86
    72
    81
    78
    72
    63
    72
    60
    50
    41
    46
    49
    57
    47
    40
    43
    30
    45
    27
    35
    29
    16
    24
    18
    25
    21
    27
    24
    19
    19
    16
    18
    17
    15
    15
    13
    14
    11
    10
    9
    14
    13
    8
    15
    9
    14
    10
    9
    9
    13
    7
    12
    5
    14
    8
    13
    7
    12
    7
    4
    6
    6
    11
    8
    1
    5
    3
    6
    9
    3
    2
    6
    3
    6
    7
    7
    3
    4
    3
    2
    3
    2
    2
    6
    5
    0
    4
    3
    288
    258
    237
    145
    136
    129
    133
    132
    105
    82
    88
    102
    79
    84
    81
    67
    65
    69
    64
    50
    46
    42
    47
    41
    46
    33
    49
    37
    43
    32
    33
    35
    25
    18
    31
    28
    22
    30
    26
    26
    16
    11
    24
    25
    25
    21
    20
    7
    13
    20
    26
    12
    19
    12
    19
    14
    18
    13
    7
    14
    19
    10
    9
    6
    6
    10
    5
    11
    11
    10
    6
    10
    6
    11
    11
    8
    8
    4
    8
    6
    6
    8
    3
    8
    6
    5
    5
    3
    5
    10
    3
    4
    6
    6
    3
    6
    2
    3
    2
    6
    247
    200
    164
    200
    178
    151
    123
    115
    113
    104
    72
    77
    74
    88
    73
    66
    62
    59
    66
    51
    56
    48
    47
    50
    48
    35
    32
    41
    28
    49
    36
    25
    37
    39
    34
    21
    19
    25
    31
    16
    31
    23
    20
    18
    23
    20
    20
    20
    21
    11
    17
    10
    11
    10
    4
    11
    11
    11
    6
    10
    11
    15
    5
    9
    12
    6
    12
    5
    7
    7
    7
    11
    7
    14
    7
    4
    0
    5
    5
    6
    3
    8
    5
    4
    4
    9
    8
    4
    5
    3
    3
    5
    2
    4
    5
    5
    2
    3
    3
    0
    279
    225
    215
    159
    157
    131
    127
    118
    96
    99
    77
    99
    66
    66
    77
    91
    69
    58
    64
    49
    49
    48
    50
    39
    42
    38
    49
    40
    40
    33
    35
    29
    33
    40
    27
    25
    28
    23
    29
    36
    27
    10
    22
    22
    15
    13
    11
    10
    18
    12
    10
    21
    11
    18
    13
    12
    13
    15
    9
    13
    9
    11
    10
    8
    8
    6
    6
    5
    11
    10
    9
    6
    4
    10
    3
    3
    6
    7
    10
    8
    7
    5
    5
    9
    7
    4
    3
    4
    6
    5
    5
    5
    5
    7
    5
    4
    1
    4
    2
    1
    270
    209
    184
    185
    135
    154
    123
    114
    114
    93
    89
    76
    72
    79
    77
    61
    65
    60
    59
    59
    51
    53
    44
    36
    39
    37
    40
    40
    29
    41
    40
    33
    25
    31
    25
    24
    13
    22
    20
    23
    24
    16
    12
    13
    18
    15
    18
    21
    20
    15
    14
    14
    12
    13
    13
    17
    9
    9
    6
    10
    9
    11
    10
    11
    10
    6
    12
    11
    11
    5
    5
    7
    7
    10
    8
    6
    6
    6
    12
    8
    4
    6
    10
    8
    3
    4
    3
    4
    2
    3
    3
    5
    2
    2
    3
    1
    2
    5
    5
    1
    257
    249
    201
    164
    156
    130
    118
    123
    107
    89
    113
    117
    75
    83
    79
    77
    65
    57
    51
    62
    62
    43
    57
    43
    48
    46
    36
    45
    41
    33
    43
    37
    24
    23
    28
    29
    31
    23
    19
    31
    18
    22
    17
    17
    11
    23
    15
    11
    16
    25
    19
    15
    12
    9
    13
    12
    9
    13
    11
    11
    13
    10
    13
    11
    9
    9
    13
    8
    7
    6
    6
    7
    6
    9
    2
    5
    10
    3
    1
    3
    3
    8
    5
    6
    2
    2
    3
    6
    5
    7
    5
    3
    3
    1
    5
    2
    3
    2
    1
    2
    264
    248
    188
    164
    151
    160
    131
    116
    104
    93
    87
    99
    82
    79
    80
    67
    68
    77
    48
    50
    48
    53
    61
    48
    51
    43
    37
    38
    35
    38
    31
    42
    30
    23
    27
    30
    15
    21
    30
    20
    21
    15
    18
    25
    23
    19
    16
    17
    13
    13
    14
    8
    12
    14
    19
    13
    17
    12
    9
    8
    9
    7
    13
    10
    10
    8
    14
    11
    9
    7
    10
    6
    12
    9
    9
    5
    12
    8
    5
    5
    8
    5
    3
    5
    7
    8
    9
    5
    3
    4
    6
    4
    4
    3
    6
    4
    2
    1
    5
    1
    262
    237
    209
    161
    147
    137
    113
    105
    89
    93
    85
    93
    69
    87
    67
    75
    75
    64
    59
    73
    52
    53
    63
    47
    35
    38
    39
    34
    27
    28
    33
    43
    27
    32
    22
    23
    30
    25
    28
    11
    21
    23
    19
    23
    21
    16
    10
    11
    20
    18
    9
    7
    16
    10
    9
    17
    11
    15
    14
    15
    17
    4
    8
    10
    9
    7
    8
    10
    8
    9
    7
    9
    7
    12
    6
    10
    4
    5
    3
    6
    5
    6
    1
    9
    5
    4
    6
    3
    2
    4
    3
    4
    5
    2
    4
    2
    6
    5
    4
    5
    262
    236
    213
    155
    137
    121
    118
    113
    113
    102
    91
    69
    60
    78
    69
    53
    60
    62
    53
    58
    62
    59
    45
    48
    43
    31
    32
    33
    35
    40
    24
    40
    27
    33
    26
    17
    25
    28
    21
    22
    20
    21
    17
    14
    14
    14
    17
    22
    20
    12
    8
    19
    17
    17
    15
    15
    12
    12
    10
    12
    4
    16
    10
    8
    6
    16
    10
    11
    11
    6
    6
    8
    9
    9
    7
    5
    7
    7
    5
    3
    3
    3
    6
    5
    6
    9
    2
    4
    9
    5
    3
    1
    5
    5
    5
    3
    2
    2
    7
    6
    267
    228
    169
    166
    178
    141
    134
    118
    100
    114
    94
    84
    83
    60
    48
    53
    66
    53
    70
    53
    62
    63
    52
    48
    40
    44
    27
    36
    36
    29
    27
    44
    22
    36
    27
    40
    21
    24
    26
    18
    23
    17
    23
    14
    14
    15
    21
    13
    13
    15
    10
    19
    12
    13
    12
    13
    5
    9
    8
    14
    11
    9
    6
    8
    12
    7
    5
    6
    6
    13
    11
    3
    8
    9
    13
    8
    5
    9
    7
    8
    6
    7
    3
    4
    6
    6
    3
    4
    4
    4
    3
    0
    7
    4
    3
    5
    3
    6
    4
    6
    281
    246
    208
    163
    161
    137
    138
    132
    102
    106
    95
    94
    72
    85
    75
    72
    75
    66
    67
    49
    55
    44
    55
    34
    45
    47
    34
    29
    41
    34
    27
    36
    26
    33
    36
    24
    27
    23
    20
    20
    26
    27
    18
    16
    16
    14
    15
    19
    15
    15
    20
    18
    12
    8
    17
    13
    11
    16
    14
    12
    10
    10
    14
    11
    8
    9
    8
    5
    5
    9
    7
    6
    15
    11
    10
    4
    6
    4
    7
    10
    4
    7
    9
    4
    5
    4
    2
    4
    6
    2
    3
    5
    7
    5
    4
    4
    4
    4
    3
    6
    288
    237
    216
    187
    154
    124
    109
    132
    128
    94
    97
    88
    76
    88
    80
    71
    66
    63
    53
    53
    47
    47
    43
    48
    45
    50
    40
    36
    31
    35
    33
    38
    32
    27
    21
    25
    29
    30
    33
    17
    15
    14
    17
    23
    16
    20
    14
    17
    19
    13
    16
    9
    9
    16
    13
    12
    10
    17
    16
    11
    6
    6
    7
    6
    14
    7
    6
    7
    10
    9
    11
    11
    7
    7
    14
    4
    6
    6
    8
    7
    5
    2
    7
    4
    4
    5
    4
    3
    10
    2
    2
    5
    5
    3
    5
    7
    5
    4
    2
    4
    255
    226
    199
    160
    147
    161
    121
    110
    102
    107
    100
    103
    103
    75
    53
    65
    74
    61
    48
    63
    60
    55
    51
    49
    48
    41
    28
    32
    31
    30
    24
    22
    32
    31
    31
    24
    21
    20
    18
    10
    18
    32
    18
    22
    18
    13
    21
    20
    16
    15
    9
    15
    15
    15
    13
    15
    8
    11
    9
    12
    11
    9
    13
    8
    5
    9
    6
    2
    12
    7
    10
    4
    6
    7
    5
    5
    4
    5
    8
    6
    9
    3
    8
    4
    5
    3
    3
    5
    7
    5
    5
    4
    4
    2
    1
    5
    4
    6
    5
    5
    251
    251
    199
    192
    160
    127
    156
    141
    127
    122
    106
    70
    82
    63
    55
    68
    50
    56
    55
    57
    44
    50
    50
    54
    60
    40
    56
    41
    37
    36
    23
    36
    30
    29
    23
    28
    25
    18
    24
    18
    20
    19
    14
    21
    22
    20
    14
    16
    14
    17
    9
    14
    10
    19
    14
    12
    10
    11
    9
    15
    5
    20
    17
    21
    10
    5
    5
    7
    12
    16
    8
    3
    6
    5
    9
    5
    4
    5
    4
    3
    5
    4
    4
    9
    7
    2
    3
    7
    4
    2
    7
    4
    4
    4
    5
    7
    2
    2
    3
    2

Data:
    0
    0
    0
    0
    0
    0
    0
    0
    0
    0
    0
    0
    0
    0
    0
    0
    0
    0
    0
    0
    0
    0
    0
    0
    0
    0
    0
    0
    0
    0
    0
    0
    0
    0
    0
    0
    0
    0
    0
    0
    0
    0
    0
    0
    0
    0
    0
    0
    0
    0
    0
    0
    0
    0
    0
    0
    0
    0
    0
    0
    0
    0
    0
    0
    0
    0
    0
    0
    0
    0
    0
    0
    0
    0
    0
    0
    0
    0
    0
    0
    0
    0
    0
    0
    0
    0
    0
    0
    0
    0
    0
    0
    0
    0
    0
    0
    0
    0
    0
    0
    0
    0
    0
    0
    0
    0
    0
    0
    0
    0
    0
    0
    0
    0
    0
    0
    0
    0
    0
    0
    0
    0
    0
    0
    0
    0
    0
    0
    0
    0
    0
    0
    0
    0
    0
    0
    0
    0
    0
    0
    0
    0
    0
    0
    0
    0
    0
    0
    0
    0
    0
    0
    0
    0
    0
    0
    0
    0
    0
    0
    0
    0
    0
    0
    0
    0
    0
    0
    0
    0
    0
    0
    0
    0
    0
    0
    0
    0
    0
    0
    0
    0
    0
    0
    0
    0
    0
    0
    0
    0
    0
    0
    0
    0
    0
    0
    0
    0
    0
    0
    0
    0
    0
    0
    0
    0
    0
    0
    0
    0
    0
    0
    0
    0
    0
    0
    0
    0
    0
    0
    0
    0
    0
    0
    0
    0
    0
    0
    0
    0
    0
    0
    0
    0
    0
    0
    0
    0
    0
    0
    0
    0
    0
    0
    0
    0
    0
    0
    0
    0
    0
    0
    0
    0
    0
    0
    0
    0
    0
    0
    0
    0
    0
    0
    0
    0
    0
    0
    0
    0
    0
    0
    0
    0
    0
    0
    0
    0
    0
    0
    0
    0
    0
    0
    0
    0
    0
    0
    0
    0
    0
    0
    0
    0
    0
    0
    0
    0
    0
    0
    0
    0
    0
    0
    0
    0
    0
    0
    0
    0
    0
    0
    0
    0
    0
    0
    0
    0
    0
    0
    0
    0
    0
    0
    0
    0
    0
    0
    0
    0
    0
    0
    0
    0
    0
    0
    0
    0
    0
    0
    0
    0
    0
    0
    0
    0
    0
    0
    0
    0
    0
    0
    0
    0
    0
    0
    0
    0
    0
    0
    0
    0
    0
    0
    0
    0
    0
    0
    0
    0
    0
    0
    0
    0
    0
    0
    0
    0
    0
    0
    0
    0
    0
    0
    0
    0
    0
    0
    0
    0
    0
    0
    0
    0
    0
    0
    0
    0
    0
    0
    0
    0
    0
    0
    0
    0
    0
    0
    0
    0
    0
    0
    0
    0
    0
    0
    0
    0
    0
    0
    0
    0
    0
    0
    0
    0
    0
    0
    0
    0
    0
    0
    0
    0
    0
    0
    0
    0
    0
    0
    0
    0
    0
    0
    0
    0
    0
    0
    0
    0
    0
    0
    0
    0
    0
    0
    0
    0
    0
    0
    0
    0
    0
    0
    0
    0
    0
    0
    0
    0
    0
    0
    0
    0
    0
    0
    0
    0
    0
    0
    0
    0
    0
    0
    0
    0
    0
    0
    0
    0
    0
    0
    0
    0
    0
    0
    0
    0
    0
    0
    0
    0
    0
    0
    0
    0
    0
    0
    0
    0
    0
    0
    0
    0
    0
    0
    0
    0
    0
    0
    0
    0
    0
    0
    0
    0
    0
    0
    0
    0
    0
    0
    0
    0
    0
    0
    0
    0
    0
    0
    0
    0
    0
    0
    0
    0
    0
    0
    0
    0
    0
    0
    0
    0
    0
    0
    0
    0
    0
    0
    0
    0
    0
    0
    0
    0
    0
    0
    0
    0
    0
    0
    0
    0
    0
    0
    0
    0
    0
    0
    0
    0
    0
    0
    0
    0
    0
    0
    0
    0
    0
    0
    0
    0
    0
    0
    0
    0
    0
    0
    0
    0
    0
    0
    0
    0
    0
    0
    0
    0
    0
    0
    0
    0
    0
    0
    0
    0
    0
    0
    0
    0
    0
    0
    0
    0
    0
    0
    0
    0
    0
    0
    0
    0
    0
    0
    0
    0
    0
    0
    0
    0
    0
    0
    0
    0
    0
    0
    0
    0
    0
    0
    0
    0
    0
    0
    0
    0
    0
    0
    0
    0
    0
    0
    0
    0
    0
    0
    0
    0
    0
    0
    0
    0
    0
    0
    0
    0
    0
    0
    0
    0
    0
    0
    0
    0
    0
    0
    0
    0
    0
    0
    0
    0
    0
    0
    0
    0
    0
    0
    0
    0
    0
    0
    0
    0
    0
    0
    0
    0
    0
    0
    0
    0
    0
    0
    0
    0
    0
    0
    0
    0
    0
    0
    0
    0
    0
    0
    0
    0
    0
    0
    0
    0
    0
    0
    0
    0
    0
    0
    0
    0
    0
    0
    0
    0
    0
    0
    0
    0
    0
    0
    0
    0
    0
    0
    0
    0
    0
    0
    0
    0
    0
    0
    0
    0
    0
    0
    0
    0
    0
    0
    0
    0
    0
    0
    0
    0
    0
    0
    0
    0
    0
    0
    0
    0
    0
    0
    0
    0
    0
    0
    0
    0
    0
    0
    0
    0
    0
    0
    0
    0
    0
    0
    0
    0
    0
    0
    0
    0
    0
    0
    0
    0
    0
    0
    0
    0
    0
    0
    0
    0
    0
    0
    0
    0
    0
    0
    0
    0
    0
    0
    0
    0
    0
    0
    0
    0
    0
    0
    0
    0
    0
    0
    0
    0
    0
    0
    0
    0
    0
    0
    0
    0
    0
    0
    0
    0
    0
    0
    0
    0
    0
    0
    0
    0
    0
    0
    0
    0
    0
    0
    0
    0
    0
    0
    0
    0
    0
    0
    0
    0
    0
    0
    0
    0
    0
    0
    0
    0
    0
    0
    0
    0
    0
    0
    0
    0
    0
    0
    0
    0
    0
    0
    0
    0
    0
    0
    0
    0
    0
    0
    0
    0
    0
    0
    0
    0
    0
    0
    0
    0
    0
    0
    0
    0
    0
    0
    0
    0
    0
    0
    0
    0
    0
    0
    0
    0
    0
    0
    0
    0
    0
    0
    0
    0
    0
    0
    0
    0
    0
    0
    0
    0
    0
    0
    0
    0
    0
    0
    0
    0
    0
    0
    0
    0
    0
    0
    0
    0
    0
    0
    0
    0
    0
    0
    0
    0
    0
    0
    0
    0
    0
    0
    0
    0
    0
    0
    0
    0
    0
    0
    0
    0
    0
    0
    0
    0
    0
    0
    0
    0
    0
    0
    0
    0
    0
    0
    0
    0
    0
    0
    0
    0
    0
    0
    0
    0
    0
    0
    0
    0
    0
    0
    0
    0
    0
    0
    0
    0
    0
    0
    0
    0
    0
    0
    0
    0
    0
    0
    0
    0
    0
    0
    0
    0
    0
    0
    0
    0
    0
    0
    0
    0
    0
    0
    0
    0
    0
    0
    0
    0
    0
    0
    0
    0
    0
    0
    0
    0
    0
    0
    0
    0
    0
    0
    0
    0
    0
    0
    0
    0
    0
    0
    0
    0
    0
    0
    0
    0
    0
    0
    0
    0
    0
    0
    0
    0
    0
    0
    0
    0
    0
    0
    0
    0
    0
    0
    0
    0
    0
    0
    0
    0
    0
    0
    0
    0
    0
    0
    0
    0
    0
    0
    0
    0
    0
    0
    0
    0
    0
    0
    0
    0
    0
    0
    0
    0
    0
    0
    0
    0
    0
    0
    0
    0
    0
    0
    0
    0
    0
    0
    0
    0
    0
    0
    0
    0
    0
    0
    0
    0
    0
    0
    0
    0
    0
    0
    0
    0
    0
    0
    0
    0
    0
    0
    0
    0
    0
    0
    0
    0
    0
    0
    0
    0
    0
    0
    0
    0
    0
    0
    0
    0
    0
    0
    0
    0
    0
    0
    0
    0
    0
    0
    0
    0
    0
    0
    0
    0
    0
    0
    0
    0
    0
    0
    0
    0
    0
    0
    0
    0
    0
    0
    0
    0
    0
    0
    0
    0
    0
    0
    0
    0
    0
    0
    0
    0
    0
    0
    0
    0
    0
    0
    0
    0
    0
    0
    0
    0
    0
    0
    0
    0
    0
    0
    0
    0
    0
    0
    0
    0
    0
    0
    0
    0
    0
    0
    0
    0
    0
    0
    0
    0
    0
    0
    0
    0
    0
    0
    0
    0
    0
    0
    0
    0
    0
    0
    0
    0
    0
    0
    0
    0
    0
    0
    0
    0
    0
    0
    0
    0
    0
    0
    0
    0
    0
    0
    0
    0
    0
    0
    0
    0
    0
    0
    0
    0
    0
    0
    0
    0
    0
    0
    0
    0
    0
    0
    0
    0
    0
    0
    0
    0
    0
    0
    0
    0
    0
    0
    0
    0
    0
    0
    0
    0
    0
    0
    0
    0
    0
    0
    0
    0
    0
    0
    0
    0
    0
    0
    0
    0
    0
    0
    0
    0
    0
    0
    0
    0
    0
    0
    0
    0
    0
    0
    0
    0
    0
    0
    0
    0
    0
    0
    0
    0
    0
    0
    0
    0
    0
    0
    0
    0
    0
    0
    0
    0
    0
    0
    0
    0
    0
    0
    0
    0
    0
    0
    0
    0
    0
    0
    0
    0
    0
    0
    0
    0
    0
    0
    0
    0
    0
    0
    0
    0
    0
    0
    0
    0
    0
    0
    0
    0
    0
    0
    0
    0
    0
    0
    0
    0
    0
    0
    0
    0
    0
    0
    0
    0
    0
    0
    0
    0
    0
    0
    0
    0
    0
    0
    0
    0
    0
    0
    0
    0
    0
    0
    0
    0
    0
    0
    0
    0
    0
    0
    0
    0
    0
    0
    0
    0
    0
    0
    0
    0
    0
    0
    0
    0
    0
    0
    0
    0
    0
    0
    0
    0
    0
    0
    0
    0
    0
    0
    0
    0
    0
    0
    0
    0
    0
    0
    0
    0
    0
    0
    0
    0
    0
    0
    0
    0
    0
    0
    0
    0
    0
    0
    0
    0
    0
    0
    0
    0
    0
    0
    0
    0
    0
    0
    0
    0
    0
    0
    0
    0
    0
    0
    0
    0
    0
    0
    0
    0
    0
    0
    0
    0
    0
    0
    0
    0
    0
    0
    0
    0
    0
    0
    0
    0
    0
    0
    0
    0
    0
    0
    0
    0
    0
    0
    0
    0
    0
    0
    0
    0
    0
    0
    0
    0
    0
    0
    0
    0
    0
    0
    0
    0
    0
    0
    0
    0
    0
    0
    0
    0
    0
    0
    0
    0
    0
    0
    0
    0
    0
    0
    0
    0
    0
    0
    0
    0
    0
    0
    0
    0
    0
    0
    0
    0
    0
    0
    0
    0
    0
    0
    0
    0
    0
    0
    0
    0
    0
    0
    0
    0
    0
    0
    0
    0
    0
    0
    0
    0
    0
    0
    0
    0
    0
    0
    0
    0
    0
    0
    0
    0
    0
    0
    0
    0
    0
    0
    0
    0
    0
    0
    0
    0
    0
    0
    0
    0
    0
    0
    0
    0
    0
    0
    0
    0
    0
    0
    0
    0
    0
    0
    0
    0
    0
    0
    0
    0
    0
    0
    0
    0
    0
    0
    0
    0
    0
    0
    0
    0
    0
    0
    0
    0
    0
    0
    0
    0
    0
    0
    0
    0
    0
    0
    0
    0
    0
    0
    0
    0
    0
    0
    0
    0
    0
    0
    0
    0
    0
    0
    0
    0
    0
    0
    0
    0
    0
    0
    0
    0
    0
    0
    0
    0
    0
    0
    0
    0
    0
    0
    0
    0
    0
    0
    0
    0
    0
    0
    0
    0
    0
    0
    0
    0
    0
    0
    0
    0
    0
    0
    0
    0
    0
    0
    0
    0
    0
    0
    0
    0
    0
    0
    0
    0
    0
    0
    0
    0
    0
    0
    0
    0
    0
    0
    0
    0
    0
    0
    0
    0
    0
    0
    0
    0
    0
    0
    0
    0
    0
    0
    0
    0
    0
    0
    0
    0
    0
    0
    0
    0
    0
    0
    0
    0
    0
    0
    0
    0
    0
    0
    0
    0
    0
    0
    0
    0
    0
    0
    0
    0
    0
    0
    0
    0
    0
    0
    0
    0
    0
    0
    0
    0
    0
    0
    0
    0
    0
    0
    0
    0
    0
    0
    0
    0
    0
    0
    0
    0
    0
    0
    0
    0
    0
    0
    0
    0
    0
    0
    0
    0
    0
    0
    0
    0
    0
    0
    0
    0
    0
    0
    0
    0
    0
    0
    0
    0
    0
    0
    0
    0
    0
    0
    0
    0
    0
    0
    0
    0
    0
    0
    0
    0
    0
    0
    0
    0
    0
    0
    0
    0
    0
    0
    0
    0
    0
    0
    0
    0
    0
    0
    0
    0
    0
    0
    0
    0
    0
    0
    0
    0
    0
    0
    0
    0
    0
    0
    0
    0
    0
    0
    0
    0
    0
    0
    0
    0
    0
    0
    0
    0
    0
    0
    0
    0
    0
    0
    0
    0
    0
    0
    0
    0
    0
    0
    0
    0
    0
    0
    0
    0
    0
    0
    0
    0
    0
    0
    0
    0
    0
    0
    0
    0
    0
    0
    0
    0
    0
    0
    0
    0
    0
    0
    0
    0
    0
    0
    0
    0
    0
    0
    0
    0
    0
    0
    0
    0
    0
    0
    0
    0
    0
    0
    0
    0
    0
    0
    0
    0
    0
    0
    0
    0
    0
    0
    0
    0
    0
    0
    0
    0
    0
    0
    0
    0
    0
    0
    0
    0
    0
    0
    0
    0
    0
    0
    0
    0
    0
    0
    0
    0
    0
    0
    0
    0
    0
    0
    0
    0
    0
    0
    0
    0
    0
    0
    0
    0
    0
    0
    0
    0
    0
    0
    0
    0
    0
    0
    0
    0
    0
    0
    0
    0
    0
    0
    0
    0
    0
    0
    0
    0
    0
    0
    0
    0
    0
    0
    0
    0
    0
    0
    0
    0
    0
    0
    0
    0
    0
    0
    0
    0
    0
    0
    0
    0
    0
    0
    0
    0
    0
    0
    0
    0
    0
    0
    0
    0
    0
    0
    0
    0
    0
    0
    0
    0
    0
    0
    0
    0
    0
    0
    0
    0
    0
    0
    0
    0
    0
    0
    0
    0
    0
    0
    0
    0
    0
    0
    0
    0
    0
    0
    0
    0
    0
    0
    0
    0
    0
    0
    0
    0
    0
    0
    0
    0
    0
    0
    0
    0
    0
    0
    0
    0
    0
    0
    0
    0
    0
    0
    0
    0
    0
    0
    0
    0
    0
    0
    0
    0
    0
    0
    0
    0
    0
    0
    0
    0
    0
    0
    0
    0
    0
    0
    0
    0
    0
    0
    0
    0
    0
    0
    0
    0
    0
    0
    0
    0
    0
    0
    0
    0
    0
    0
    0
    0
    0
    0
    0
    0
    0
    0
    0
    0
    0
    0
    0
    0
    0
    0
    0
    0
    0
    0
    0
    0
    0
    0
    0
    0
    0
    0
    0
    0
    0
    0
    0
    0
    0
    0
    0
    0
    0
    0
    0
    0
    0
    0
    0
    0
    0
    0
    0
    0
    0
    0
    0
    0
    0
    0
    0
    0
    0
    0
    0
    0
    0
    0
    0
    0
    0
    0
    0
    0
    0
    0
    0
    0
    0
    0
    0
    0
    0
    0
    0
    0
    0
    0
    0
    0
    0
    0
    0
    0
    0
    0
    0
    0
    0
    0
    0
    0
    0
    0
    0
    0
    0
    0
    0
    0
    0
    0
    0
    0
    0
    0
    0
    0
    0
    0
    0
    0
    0
    0
    0
    0
    0
    0
    0
    0
    0
    0
    0
    0
    0
    0
    0
    0
    0
    0
    0
    0
    0
    0
    0
    0
    0
    0
    0
    0
    0
    0
    0
    0
    0
    0
    0
    0
    0
    0
    0
    0
    0
    0
    0
    0
    0
    0
    0
    0
    0
    0
    0
    0
    0
    0
    0
    0
    0
    0
    0
    0
    0
    0
    0
    0
    0
    0
    0
    0
    0
    0
    0
    0
    0
    0
    0
    0
    0
    0
    0
    0
    0
    0
    0
    0
    0
    0
    0
    0
    0
    0
    0
    0
    0
    0
    0
    0
    0
    0
    0
    0
    0
    0
    0
    0
    0
    0
    0
    0
    0
    0
    0
    0
    0
    0
    0
    0
    0
    0
    0
    0
    0
    0
    0
    0
    0
    0
    0
    0
    0
    0
    0
    0
    0
    0
    0
    0
    0
    0
    0
    0
    0
    0
    0
    0
    0
    0
    0
    0
    0
    0
    0
    0
    0
    0
    0
    0
    0
    0
    0
    0
    0
    0
    0
    0
    0
    0
    0
    0
    0
    0
    0
    0
    0
    0
    0
    0
    0
    0
    0
    0
    0
    0
    0
    0
    0
    0
    0
    0
    0
    0
    0
    0
    0
    0
    0
    0
    0
    0
    0
    0
    0
    0
    0
    0
    0
    0
    0
    0
    0
    0
    0
    0
    0
    0
    0
    0
    0
    0
    0
    0
    0
    0
    0
    0
    0
    0
    0
    0
    0
    0
    0
    0
    0
    0
    0
    0
    0
    0
    0
    0
    0
    0
    0
    0
    0
    0
    0
    0
    0
    0
    0
    0
    0
    0
    0
    0
    0
    0
    0
    0
    0
    0
    0
    0
    0
    0
    0
    0
    0
    0
    0
    0
    0
    0
    0
    0
    0
    0
    0
    0
    0
    0
    0
    0
    0
    0
    0
    0
    0
    0
    0
    0
    0
    0
    0
    0
    0
    0
    0
    0
    0
    0
    0
    0
    0
    0
    0
    0
    0
    0
    0
    0
    0
    0
    0
    0
    0
    0
    0
    0
    0
    0
    0
    0
    0
    0
    0
    0
    0
    0
    0
    0
    0
    0
    0
    0
    0
    0
    0
    0
    0
    0
    0
    0
    0
    0
    0
    0
    0
    0
    0
    0
    0
    0
    0
    0
    0
    0
    0
    0
    0
    0
    0
    0
    0
    0
    0
    0
    0
    0
    0
    0
    0
    0
    0
    0
    0
    0
    0
    0
    0
    0
    0
    0
    0
    0
    0
    0
    0
    0
    0
    0
    0
    0
    0
    0
    0
    0
    0
    0
    0
    0
    0
    0
    0
    0
    0
    0
    0
    0
    0
    0
    0
    0
    0
    0
    0
    0
    0
    0
    0
    0
    0
    0
    0
    0
    0
    0
    0
    0
    0
    0
    0
    0
    0
    0
    0
    0
    0
    0
    0
    0
    0
    0
    0
    0
    0
    0
    0
    0
    0
    0
    0
    0
    0
    0
    0
    0
    0
    0
    0
    0
    0
    0
    0
    0
    0
    0
    0
    0
    0
    0
    0
    0
    0
    0
    0
    0
    0
    0
    0
    0
    0
    0
    0
    0
    0
    0
    0
    0
    0
    0
    0
    0
    0
    0
    0
    0
    0
    0
    0
    0
    0
    0
    0
    0
    0
    0
    0
    0
    0
    0
    0
    0
    0
    0
    0
    0
    0
    0
    0
    0
    0
    0
    0
    0
    0
    0
    0
    0
    0
    0
    0
    0
    0
    0
    0
    0
    0
    0
    0
    0
    0
    0
    0
    0
    0
    0
    0
    0
    0
    0
    0
    0
    0
    0
    0
    0
    0
    0
    0
    0
    0
    0
    0
    0
    0
    0
    0
    0
    0
    0
    0
    0
    0
    0
    0
    0
    0
    0
    0
    0
    0
    0
    0
    0
    0
    0
    0
    0
    0
    0
    0
    0
    0
    0
    0
    0
    0
    0
    0
    0
    0
    0
    0
    0
    0
    0
    0
    0
    0
    0
    0
    0
    0
    0
    0
    0
    0
    0
    0
    0
    0
    0
    0
    0
    0
    0
    0
    0
    0
    0
    0
    0
    0
    0
    0
    0
    0
    0
    0
    0
    0
    0
    0
    0
    0
    0
    0
    0
    0
    0
    0
    0
    0
    0
    0
    0
    0
    0
    0
    0
    0
    0
    0
    0
    0
    0
    0
    0
    0
    0
    0
    0
    0
    0
    0
    0
    0
    0
    0
    0
    0
    0
    0
    0
    0
    0
    0
    0
    0
    0
    0
    0
    0
    0
    0
    0
    0
    0
    0
    0
    0
    0
    0
    0
    0
    0
    0
    0
    0
    0
    0
    0
    0
    0
    0
    0
    0
    0
    0
    0
    0
    0
    0
    0
    0
    0
    0
    0
    0
    0
    0
    0
    0
    0
    0
    0
    0
    0
    0
    0
    0
    0
    0
    0
    0
    0
    0
    0
    0
    0
    0
    0
    0
    0
    0
    0
    0
    0
    0
    0
    0
    0
    0
    0
    0
    0
    0
    0
    0
    0
    0
    0
    0
    0
    0
    0
    0
    0
    0
    0
    0
    0
    0
    0
    0
    0
    0
    0
    0
    0
    0
    0
    0
    0
    0
    0
    0
    0
    0
    0
    0
    0
    0
    0
    0
    0
    0
    0
    0
    0
    0
    0
    0
    0
    0
    0
    0
    0
    0
    0
    0
    0
    0
    0
    0
    0
    0
    0
    0
    0
    0
    0
    0
    0
    0
    0
    0
    0
    0
    0
    0
    0
    0
    0
    0
    0
    0
    0
    0
    0
    0
    0
    0
    0
    0
    0
    0
    0
    0
    0
    0
    0
    0
    0
    0
    0
    0
    0
    0
    0
    0
    0
    0
    0
    0
    0
    0
    0
    0
    0
    0
    0
    0
    0
    0
    0
    0
    0
    0
    0
    0
    0
    0
    0
    0
    0
    0
    0
    0
    0
    0
    0
    0
    0
    0
    0
    0
    0
    0
    0
    0
    0
    0
    0
    0
    0
    0
    0
    0
    0
    0
    0
    0
    0
    0
    0
    0
    0
    0
    0
    0
    0
    0
    0
    0
    0
    0
    0
    0
    0
    0
    0
    0
    0
    0
    0
    0
    0
    0
    0
    0
    0
    0
    0
    0
    0
    0
    0
    0
    0
    0
    0
    0
    0
    0
    0
    0
    0
    0
    0
    0
    0
    0
    0
    0
    0
    0
    0
    0
    0
    0
    0
    0
    0
    0
    0
    0
    0
    0
    0
    0
    0
    0
    0
    0
    0
    0
    0
    0
    0
    0
    0
    0
    0
    0
    0
    0
    0
    0
    0
    0
    0
    0
    0
    0
    0
    0
    0
    0
    0
    0
    0
    0
    0
    0
    0
    0
    0
    0
    0
    0
    0
    0
    0
    0
    0
    0
    0
    0
    0
    0
    0
    0
    0
    0
    0
    0
    0
    0
    0
    0
    0
    0
    0
    0
    0
    0
    0
    0
    0
    0
    0
    0
    0
    0
    0
    0
    0
    0
    0
    0
    0
    0
    0
    0
    0
    0
    0
    0
    0
    0
    0
    0
    0
    0
    0
    0
    0
    0
    0
    0
    0
    0
    0
    0
    0
    0
    0
    0
    0
    0
    0
    0
    0
    0
    0
    0
    0
    0
    0
    0
    0
    0
    0
    0
    0
    0
    0
    0
    0
    0
    0
    0
    0
    0
    0
    0
    0
    0
    0
    0
    0
    0
    0
    0
    0
    0
    0
    0
    0
    0
    0
    0
    0
    0
    0
    0
    0
    0
    0
    0
    0
    0
    0
    0
    0
    0
    0
    0
    0
    0
    0
    0
    0
    0
    0
    0
    0
    0
    0
    0
    0
    0
    0
    0
    0
    0
    0
    0
    0
    0
    0
    0
    0
    0
    0
    0
    0
    0
    0
    0
    0
    0
    0
    0
    0
    0
    0
    0
    0
    0
    0
    0
    0
    0
    0
    0
    0
    0
    0
    0
    0
    0
    0
    0
    0
    0
    0
    0
    0
    0
    0
    0
    0
    0
    0
    0
    0
    0
    0
    0
    0
    0
    0
    0
    0
    0
    0
    0
    0
    0
    0
    0
    0
    0
    0
    0
    0
    0
    0
    0
    0
    0
    0
    0
    0
    0
    0
    0
    0
    0
    0
    0
    0
    0
    0
    0
    0
    0
    0
    0
    0
    0
    0
    0
    0
    0
    0
    0
    0
    0
    0
    0
    0
    0
    0
    0
    0
    0
    0
    0
    0
    0
    0
    0
    0
    0
    0
    0
    0
    0
    0
    0
    0
    0
    0
    0
    0
    0
    0
    0
    0
    0
    0
    0
    0
    0
    0
    0
    0
    0
    0
    0
    0
    0
    0
    0
    0
    0
    0
    0
    0
    0
    0
    0
    0
    0
    0
    0
    0
    0
    0
    0
    0
    0
    0
    0
    0
    0
    0
    0
    0
    0
    0
    0
    0
    0
    0
    0
    0
    0
    0
    0
    0
    0
    0
    0
    0
    0
    0
    0
    0
    0
    0
    0
    0
    0
    0
    0
    0
    0
    0
    0
    0
    0
    0
    0
    0
    0
    0
    0
    0
    0
    0
    0
    0
    0
    0
    0
    0
    0
    0
    0
    0
    0
    0
    0
    0
    0
    0
    0
    0
    0
    0
    0
    0
    0
    0
    0
    0
    0
    0
    0
    0
    0
    0
    0
    0
    0
    0
    0
    0
    0
    0
    0
    0
    0
    0
    0
    0
    0
    0
    0
    0
    0
    0
    0
    0
    0
    0
    0
    0
    0
    0
    0
    0
    0
    0
    0
    0
    0
    0
    0
    0
    0
    0
    0
    0
    0
    0
    0
    0
    0
    0
    0
    0
    0
    0
    0
    0
    0
    0
    0
    0
    0
    0
    0
    0
    0
    0
    0
    0
    0
    0
    0
    0
    0
    0
    0
    0
    0
    0
    0
    0
    0
    0
    0
    0
    0
    0
    0
    0
    0
    0
    0
    0
    0
    0
    0
    0
    0
    0
    0
    0
    0
    0
    0
    0
    0
    0
    0
    0
    0
    0
    0
    0
    0
    0
    0
    0
    0
    0
    0
    0
    0
    0
    0
    0
    0
    0
    0
    0
    0
    0
    0
    0
    0
    0
    0
    0
    0
    0
    0
    0
    0
    0
    0
    0
    0
    0
    0
    0
    0
    0
    0
    0
    0
    0
    0
    0
    0
    0
    0
    0
    0
    0
    0
    0
    0
    0
    0
    0
    0
    0
    0
    0
    0
    0
    0
    0
    0
    0
    0
    0
    0
    0
    0
    0
    0
    0
    0
    0
    0
    0
    0
    0
    0
    0
    0
    0
    0
    0
    0
    0
    0
    0
    0
    0
    0
    0
    0
    0
    0
    0
    0
    0
    0
    0
    0
    0
    0
    0
    0
    0
    0
    0
    0
    0
    0
    0
    0
    0
    0
    0
    0
    0
    0
    0
    0
    0
    0
    0
    0
    0
    0
    0
    0
    0
    0
    0
    0
    0
    0
    0
    0
    0
    0
    0
    0
    0
    0
    0
    0
    0
    0
    0
    0
    0
    0
    0
    0
    0
    0
    0
    0
    0
    0
    0
    0
    0
    0
    0
    0
    0
    0
    0
    0
    0
    0
    0
    0
    0
    0
    0
    0
    0
    0
    0
    0
    0
    0
    0
    0
    0
    0
    0
    0
    0
    0
    0
    0
    0
    0
    0
    0
    0
    0
    0
    0
    0
    0
    0
    0
    0
    0
    0
    0
    0
    0
    0
    0
    0
    0
    0
    0
    0
    0
    0
    0
    0
    0
    0
    0
    0
    0
    0
    0
    0
    0
    0
    0
    0
    0
    0
    0
    0
    0
    0
    0
    0
    0
    0
    0
    0
    0
    0
    0
    0
    0
    0
    0
    0
    0
    0
    0
    0
    0
    0
    0
    0
    0
    0
    0
    0
    0
    0
    0
    0
    0
    0
    0
    0
    0
    0
    0
    0
    0
    0
    0
    0
    0
    0
    0
    0
    0
    0
    0
    0
    0
    0
    0
    0
    0
    0
    0
    0
    0
    0
    0
    0
    0
    0
    0
    0
    0
    0
    0
    0
    0
    0
    0
    0
    0
    0
    0
    0
    0
    0
    0
    0
    0
    0
    0
    0
    0
    0
    0
    0
    0
    0
    0
    0
    0
    0
    0
    0
    0
    0
    0
    0
    0
    0
    0
    0
    0
    0
    0
    0
    0
    0
    0
    0
    0
    0
    0
    0
    0
    0
    0
    0
    0
    0
    0
    0
    0
    0
    0
    0
    0
    0
    0
    0
    0
    0
    0
    0
    0
    0
    0
    0
    0
    0
    0
    0
    0
    0
    0
    0
    0
    0
    0
    0
    0
    0
    0
    0
    0
    0
    0
    0
    0
    0
    0
    0
    0
    0
    0
    0
    0
    0
    0
    0
    0
    0
    0
    0
    0
    0
    0
    0
    0
    0
    0
    0
    0
    0
    0
    0
    0
    0
    0
    0
    0
    0
    0
    0
    0
    0
    0
    0
    0
    0
    0
    0
    0
    0
    0
    0
    0
    0
    0
    0
    0
    0
    0
    0
    0
    0
    0
    0
    0
    0
    0
    0
    0
    0
    0
    0
    0
    0
    0
    0
    0
    0
    0
    0
    0
    0
    0
    0
    0
    0
    0
    0
    0
    0
    0
    0
    0
    0
    0
    0
    0
    0
    0
    0
    0
    0
    0
    0
    0
    0
    0
    0
    0
    0
    0
    0
    0
    0
    0
    0
    0
    0
    0
    0
    0
    0
    0
    0
    0
    0
    0
    0
    0
    0
    0
    0
    0
    0
    0
    0
    0
    0
    0
    0
    0
    0
    0
    0
    0
    0
    0
    0
    0
    0
    0
    0
    0
    0
    0
    0
    0
    0
    0
    0
    0
    0
    0
    0
    0
    0
    0
    0
    0
    0
    0
    0
    0
    0
    0
    0
    0
    0
    0
    0
    0
    0
    0
    0
    0
    0
    0
    0
    0
    0
    0
    0
    0
    0
    0
    0
    0
    0
    0
    0
    0
    0
    0
    0
    0
    0
    0
    0
    0
    0
    0
    0
    0
    0
    0
    0
    0
    0
    0
    0
    0
    0
    0
    0
    0
    0
    0
    0
    0
    0
    0
    0
    0
    0
    0
    0
    0
    0
    0
    0
    0
    0
    0
    0
    0
    0
    0
    0
    0
    0
    0
    0
    0
    0
    0
    0
    0
    0
    0
    0
    0
    0
    0
    0
    0
    0
    0
    0
    0
    0
    0
    0
    0
    0
    0
    0
    0
    0
    0
    0
    0
    0
    0
    0
    0
    0
    0
    0
    0
    0
    0
    0
    0
    0
    0
    0
    0
    0
    0
    0
    0
    0
    0
    0
    0
    0
    0
    0
    0
    0
    0
    0
    0
    0
    0
    0
    0
    0
    0
    0
    0
    0
    0
    0
    0
    0
    0
    0
    0
    0
    0
    0
    0
    0
    0
    0
    0
    0
    0
    0
    0
    0
    0
    0
    0
    0
    0
    0
    0
    0
    0
    0
    0
    0
    0
    0
    0
    0
    0
    0
    0
    0
    0
    0
    0
    0
    0
    0
    0
    0
    0
    0
    0
    0
    0
    0
    0
    0
    0
    0
    0
    0
    0
    0
    0
    0
    0
    0
    0
    0
    0
    0
    0
    0
    0
    0
    0
    0
    0
    0
    0
    0
    0
    0
    0
    0
    0
    0
    0
    0
    0
    0
    0
    0
    0
    0
    0
    0
    0
    0
    0
    0
    0
    0
    0
    0
    0
    0
    0
    0
    0
    0
    0
    0
    0
    0
    0
    0
    0
    0
    0
    0
    0
    0
    0
    0
    0
    0
    0
    0
    0
    0
    0
    0
    0
    0
    0
    0
    0
    0
    0
    0
    0
    0
    0
    0
    0
    0
    0
    0
    0
    0
    0
    0
    0
    0
    0
    0
    0
    0
    0
    0
    0
    0
    0
    0
    0
    0
    0
    0
    0
    0
    0
    0
    0
    0
    0
    0
    0
    0
    0
    0
    0
    0
    0
    0
    0
    0
    0
    0
    0
    0
    0
    0
    0
    0
    0
    0
    0
    0
    0
    0
    0
    0
    0
    0
    0
    0
    0
    0
    0
    0
    0
    0
    0
    0
    0
    0
    0
    0
    0
    0
    0
    0
    0
    0
    0
    0
    0
    0
    0
    0
    0
    0
    0
    0
    0
    0
    0
    0
    0
    0
    0
    0
    0
    0
    0
    0
    0
    0
    0
    0
    0
    0
    0
    0
    0
    0
    0
    0
    0
    0
    0
    0
    0
    0
    0
    0
    0
    0
    0
    0
    0
    0
    0
    0
    0
    0
    0
    0
    0
    0
    0
    0
    0
    0
    0
    0
    0
    0
    0
    0
    0
    0
    0
    0
    0
    0
    0
    0
    0
    0
    0
    0
    0
    0
    0
    0
    0
    0
    0
    0
    0
    0
    0
    0
    0
    0
    0
    0
    0
    0
    0
    0
    0
    0
    0
    0
    0
    0
    0
    0
    0
    0
    0
    0
    0
    0
    0
    0
    0
    0
    0
    0
    0
    0
    0
    0
    0
    0
    0
    0
    0
    0
    0
    0
    0
    0
    0
    0
    0
    0
    0
    0
    0
    0
    0
    0
