Project Info:
    ACQ Time: 2019- 9-24   9:31:16: 295 .
    Project: tq×ó²à×ãÈýÀïÓÒÅÔ¿ª£¨×òÌìÍ¿ºìÒ©Ë®£©
    Name: 
    Part:  
    Operator:  
    Desc.:  
    Sample Data Acquired.

ACQ Parameters:
    Excited Peroid(ms): 50
    Excited Time(ms): 10
    Acq Delay Time(us): 10
    Gate Time(ms): 20
    Count Num per gate: 100
    Repeat Times: 50
    Acq Gate Times: 1
    Interval per Gate(us): 100
    Channel Number: 2

Data:
    647
    601
    514
    508
    442
    399
    416
    337
    345
    311
    311
    281
    266
    266
    246
    237
    227
    208
    200
    208
    191
    178
    164
    138
    176
    124
    159
    135
    117
    116
    127
    109
    97
    95
    90
    92
    101
    91
    73
    97
    94
    88
    71
    69
    69
    66
    73
    52
    48
    49
    49
    42
    52
    44
    52
    43
    49
    40
    46
    40
    40
    31
    24
    34
    34
    41
    36
    39
    32
    39
    30
    21
    14
    38
    21
    30
    20
    16
    25
    18
    23
    20
    13
    24
    22
    24
    28
    9
    17
    16
    11
    21
    16
    16
    13
    21
    16
    10
    25
    9
    621
    581
    542
    503
    467
    404
    414
    371
    357
    338
    313
    291
    282
    269
    255
    226
    223
    191
    197
    182
    185
    163
    150
    169
    157
    142
    154
    130
    139
    142
    137
    112
    105
    77
    89
    99
    97
    104
    77
    82
    65
    76
    70
    75
    64
    62
    49
    48
    73
    50
    45
    57
    50
    60
    52
    50
    46
    37
    39
    41
    36
    39
    36
    34
    44
    29
    32
    34
    35
    34
    28
    37
    25
    19
    18
    24
    25
    20
    24
    27
    22
    18
    15
    17
    24
    25
    25
    19
    18
    15
    22
    20
    11
    15
    6
    11
    15
    11
    6
    23
    618
    581
    519
    503
    446
    435
    396
    378
    318
    308
    302
    289
    260
    254
    269
    239
    237
    217
    203
    196
    173
    180
    173
    173
    160
    148
    122
    142
    142
    129
    119
    123
    111
    100
    101
    90
    88
    90
    89
    100
    88
    69
    80
    65
    50
    60
    69
    68
    61
    53
    56
    50
    46
    46
    46
    48
    41
    41
    54
    42
    41
    40
    37
    50
    34
    37
    33
    28
    35
    36
    25
    25
    30
    26
    28
    20
    23
    19
    21
    14
    23
    16
    23
    19
    14
    18
    22
    16
    16
    22
    17
    22
    14
    15
    11
    14
    18
    19
    17
    10
    637
    594
    515
    473
    514
    441
    369
    371
    337
    359
    322
    305
    271
    274
    260
    230
    229
    222
    189
    215
    207
    167
    171
    182
    165
    151
    145
    128
    128
    130
    116
    118
    122
    114
    113
    92
    107
    94
    75
    80
    80
    82
    69
    78
    68
    60
    68
    60
    59
    65
    65
    57
    45
    45
    36
    44
    38
    54
    43
    40
    53
    48
    35
    36
    46
    38
    37
    36
    30
    36
    30
    39
    28
    24
    25
    31
    23
    22
    17
    24
    21
    22
    19
    20
    20
    18
    21
    19
    18
    17
    17
    13
    22
    21
    17
    18
    10
    17
    15
    6
    593
    589
    512
    476
    446
    403
    390
    389
    353
    338
    328
    268
    288
    241
    241
    243
    232
    234
    227
    198
    185
    205
    168
    155
    142
    162
    132
    149
    123
    154
    132
    110
    107
    88
    100
    106
    90
    104
    94
    74
    91
    77
    88
    75
    73
    75
    62
    69
    57
    57
    51
    43
    50
    52
    47
    44
    37
    41
    50
    37
    35
    37
    31
    37
    43
    32
    37
    30
    33
    26
    38
    35
    35
    27
    28
    27
    22
    19
    26
    21
    29
    17
    18
    17
    13
    24
    32
    25
    22
    19
    16
    13
    17
    17
    11
    17
    13
    16
    14
    17
    630
    597
    535
    516
    447
    383
    410
    358
    336
    299
    322
    299
    273
    250
    258
    221
    223
    226
    201
    214
    184
    181
    167
    162
    157
    145
    150
    146
    141
    138
    127
    121
    102
    121
    101
    91
    94
    99
    98
    82
    86
    76
    73
    88
    68
    64
    61
    62
    62
    61
    57
    52
    54
    53
    46
    42
    48
    41
    49
    52
    37
    34
    45
    35
    38
    47
    44
    41
    34
    32
    33
    28
    34
    21
    24
    15
    34
    20
    26
    20
    20
    25
    26
    22
    22
    16
    17
    18
    17
    13
    17
    21
    20
    16
    16
    11
    12
    11
    14
    21
    647
    560
    527
    465
    445
    400
    395
    357
    339
    355
    319
    317
    277
    257
    240
    223
    228
    226
    191
    195
    177
    190
    163
    183
    155
    168
    161
    117
    117
    130
    118
    131
    104
    110
    97
    100
    103
    101
    81
    73
    90
    74
    52
    67
    66
    79
    70
    88
    80
    56
    63
    65
    59
    44
    56
    57
    46
    43
    46
    46
    44
    36
    35
    34
    43
    29
    29
    42
    32
    31
    29
    31
    25
    36
    28
    17
    28
    27
    18
    29
    20
    19
    20
    18
    22
    25
    24
    25
    11
    17
    8
    16
    13
    18
    13
    17
    16
    13
    14
    19
    636
    580
    557
    495
    427
    446
    396
    388
    358
    341
    322
    324
    286
    269
    255
    252
    225
    231
    207
    200
    185
    170
    157
    171
    156
    160
    175
    129
    127
    146
    144
    125
    89
    125
    111
    106
    90
    91
    90
    95
    94
    78
    76
    84
    72
    86
    77
    68
    78
    51
    50
    58
    64
    56
    63
    38
    52
    42
    45
    31
    33
    41
    54
    41
    32
    40
    40
    41
    41
    36
    33
    28
    21
    27
    29
    34
    28
    24
    20
    21
    26
    21
    25
    26
    16
    20
    13
    17
    12
    22
    15
    15
    24
    21
    20
    16
    18
    12
    17
    14
    621
    564
    515
    465
    429
    455
    395
    370
    352
    306
    296
    293
    303
    264
    251
    253
    238
    216
    208
    207
    200
    184
    150
    156
    158
    168
    163
    153
    127
    150
    134
    118
    109
    125
    101
    113
    80
    92
    81
    78
    81
    78
    84
    71
    79
    77
    60
    71
    78
    53
    52
    45
    50
    65
    51
    43
    49
    50
    35
    37
    42
    41
    30
    33
    33
    36
    27
    36
    41
    25
    37
    25
    18
    26
    20
    26
    29
    22
    25
    19
    25
    23
    18
    18
    31
    19
    23
    18
    23
    18
    17
    16
    18
    17
    14
    15
    15
    14
    15
    13
    608
    559
    522
    510
    437
    450
    402
    367
    357
    336
    321
    318
    268
    253
    235
    234
    241
    228
    215
    218
    183
    181
    173
    182
    164
    158
    157
    132
    118
    132
    128
    112
    115
    109
    97
    89
    92
    95
    89
    85
    75
    84
    85
    75
    48
    72
    69
    60
    53
    68
    50
    57
    57
    67
    45
    59
    51
    40
    40
    39
    45
    38
    35
    35
    35
    47
    38
    29
    31
    39
    37
    35
    39
    30
    33
    30
    31
    29
    22
    20
    19
    26
    30
    20
    16
    20
    15
    17
    19
    17
    25
    17
    15
    16
    17
    17
    11
    10
    15
    13
    620
    622
    531
    493
    481
    462
    406
    379
    341
    313
    297
    275
    267
    262
    260
    287
    224
    190
    216
    204
    190
    167
    160
    130
    181
    142
    138
    137
    138
    137
    114
    107
    96
    93
    122
    99
    95
    89
    79
    108
    73
    115
    79
    78
    88
    71
    52
    51
    60
    62
    50
    46
    59
    54
    38
    63
    46
    49
    25
    40
    48
    60
    44
    43
    35
    42
    27
    40
    32
    36
    32
    35
    24
    26
    34
    36
    24
    30
    32
    30
    20
    19
    27
    13
    23
    18
    17
    18
    17
    22
    21
    10
    20
    9
    12
    18
    11
    16
    9
    9
    581
    603
    502
    495
    483
    439
    408
    380
    328
    326
    331
    286
    267
    270
    250
    254
    237
    205
    209
    219
    189
    169
    162
    156
    162
    145
    153
    163
    131
    129
    138
    129
    123
    99
    103
    111
    93
    113
    90
    92
    78
    78
    79
    78
    77
    73
    63
    70
    69
    58
    69
    52
    54
    42
    47
    59
    44
    48
    34
    70
    43
    37
    41
    38
    36
    46
    40
    41
    36
    37
    34
    20
    35
    31
    34
    34
    28
    24
    29
    17
    21
    25
    27
    15
    21
    22
    12
    21
    16
    20
    15
    18
    16
    15
    15
    18
    19
    17
    12
    15
    599
    630
    536
    502
    484
    380
    395
    392
    370
    327
    304
    278
    295
    275
    239
    234
    211
    232
    228
    200
    200
    158
    189
    187
    142
    148
    170
    137
    119
    133
    127
    112
    136
    112
    86
    103
    100
    101
    91
    72
    85
    82
    79
    78
    64
    80
    63
    62
    58
    59
    64
    67
    55
    49
    56
    52
    56
    45
    46
    47
    41
    52
    36
    42
    44
    46
    40
    32
    34
    36
    27
    26
    33
    28
    20
    25
    28
    21
    30
    24
    21
    33
    20
    29
    17
    20
    13
    24
    18
    21
    20
    13
    20
    14
    18
    11
    10
    21
    26
    18
    569
    599
    523
    482
    431
    410
    418
    408
    347
    319
    305
    294
    283
    255
    261
    235
    239
    237
    234
    180
    182
    181
    191
    150
    155
    188
    131
    154
    150
    135
    143
    115
    122
    92
    92
    101
    102
    88
    75
    83
    77
    93
    97
    69
    75
    68
    66
    65
    63
    71
    57
    68
    50
    45
    48
    53
    54
    50
    51
    31
    38
    41
    35
    47
    40
    32
    45
    28
    34
    19
    32
    40
    21
    30
    37
    25
    26
    25
    22
    22
    31
    21
    13
    24
    19
    29
    17
    27
    14
    22
    19
    23
    20
    19
    23
    22
    20
    11
    12
    14
    631
    621
    520
    482
    459
    443
    428
    389
    347
    327
    296
    316
    275
    250
    245
    231
    228
    220
    191
    174
    202
    187
    185
    181
    159
    152
    164
    129
    121
    146
    129
    103
    114
    86
    103
    112
    117
    68
    92
    82
    75
    83
    84
    70
    72
    66
    81
    63
    63
    61
    62
    57
    48
    57
    50
    51
    49
    48
    55
    45
    51
    46
    39
    29
    30
    45
    35
    30
    33
    30
    27
    33
    30
    25
    27
    26
    25
    26
    25
    26
    29
    27
    27
    27
    22
    23
    19
    26
    13
    21
    18
    22
    23
    19
    18
    14
    19
    21
    20
    16
    592
    563
    482
    469
    455
    422
    374
    358
    381
    347
    277
    275
    280
    259
    241
    225
    251
    206
    214
    207
    200
    170
    160
    161
    171
    171
    136
    141
    138
    148
    112
    134
    115
    124
    112
    110
    78
    99
    89
    94
    94
    78
    81
    77
    80
    75
    61
    70
    70
    48
    63
    68
    64
    50
    56
    49
    55
    39
    45
    31
    49
    41
    52
    34
    29
    36
    35
    24
    23
    37
    23
    29
    28
    34
    31
    31
    37
    35
    12
    27
    20
    20
    27
    24
    23
    20
    20
    21
    16
    19
    18
    22
    15
    17
    12
    20
    20
    14
    19
    17
    576
    575
    517
    489
    463
    426
    411
    356
    382
    341
    351
    290
    297
    264
    266
    277
    228
    218
    232
    177
    179
    168
    173
    145
    181
    152
    156
    134
    149
    124
    124
    124
    114
    113
    99
    112
    111
    97
    94
    104
    81
    94
    70
    74
    73
    62
    71
    82
    61
    62
    49
    59
    53
    62
    61
    54
    50
    48
    36
    49
    42
    38
    32
    44
    42
    30
    34
    39
    34
    35
    27
    25
    21
    28
    29
    24
    37
    14
    18
    22
    29
    21
    30
    18
    13
    24
    30
    16
    27
    18
    19
    19
    26
    17
    21
    16
    21
    26
    18
    9
    636
    573
    583
    513
    490
    451
    397
    374
    362
    354
    308
    291
    281
    247
    252
    233
    231
    210
    193
    203
    185
    196
    189
    153
    178
    155
    144
    158
    119
    140
    123
    123
    102
    117
    108
    92
    106
    89
    86
    84
    94
    75
    95
    87
    76
    74
    65
    64
    56
    52
    48
    43
    63
    52
    46
    54
    47
    54
    64
    38
    42
    35
    47
    47
    52
    39
    46
    31
    28
    34
    40
    29
    33
    33
    21
    22
    24
    30
    34
    16
    32
    30
    25
    22
    17
    17
    19
    18
    21
    16
    32
    27
    20
    18
    20
    14
    20
    16
    19
    12
    639
    612
    503
    485
    441
    418
    379
    353
    335
    331
    334
    287
    254
    270
    248
    230
    250
    214
    209
    200
    180
    167
    164
    163
    152
    151
    147
    144
    133
    140
    139
    124
    113
    91
    138
    84
    101
    94
    90
    93
    86
    86
    82
    73
    75
    72
    84
    56
    39
    62
    60
    47
    59
    45
    42
    53
    47
    52
    41
    33
    30
    34
    34
    44
    39
    38
    36
    31
    32
    30
    28
    33
    31
    32
    35
    27
    20
    21
    36
    21
    20
    18
    15
    16
    19
    15
    16
    25
    17
    16
    21
    14
    15
    13
    18
    22
    15
    19
    14
    13
    598
    585
    515
    480
    415
    403
    419
    396
    353
    363
    301
    290
    293
    249
    245
    249
    206
    216
    196
    195
    192
    191
    213
    195
    138
    168
    135
    152
    149
    126
    134
    117
    115
    91
    104
    116
    100
    86
    78
    86
    74
    79
    79
    96
    83
    74
    80
    73
    65
    78
    56
    52
    37
    62
    43
    50
    49
    55
    41
    48
    56
    43
    44
    47
    38
    44
    44
    33
    33
    28
    30
    32
    34
    21
    22
    25
    36
    22
    20
    32
    27
    27
    20
    29
    26
    22
    27
    25
    18
    20
    26
    21
    24
    15
    18
    19
    20
    15
    18
    18
    618
    595
    564
    458
    477
    381
    408
    343
    357
    352
    316
    312
    266
    265
    256
    254
    193
    220
    207
    219
    189
    181
    190
    168
    149
    153
    155
    151
    124
    112
    122
    123
    131
    112
    110
    84
    85
    108
    91
    89
    82
    78
    55
    83
    63
    61
    55
    70
    57
    57
    74
    64
    59
    55
    56
    41
    47
    43
    36
    37
    37
    48
    51
    44
    35
    35
    28
    30
    39
    56
    31
    21
    27
    34
    28
    18
    28
    26
    24
    22
    25
    20
    23
    25
    22
    19
    14
    26
    21
    13
    15
    19
    13
    18
    23
    20
    11
    15
    19
    18
    681
    612
    585
    488
    433
    417
    390
    394
    368
    332
    289
    314
    306
    254
    264
    232
    250
    221
    219
    188
    193
    170
    168
    171
    149
    147
    158
    133
    134
    116
    118
    135
    109
    118
    108
    105
    99
    90
    90
    91
    92
    62
    79
    70
    82
    92
    68
    45
    50
    58
    60
    62
    49
    56
    54
    58
    51
    52
    38
    49
    40
    45
    33
    34
    34
    33
    32
    33
    40
    31
    28
    29
    33
    26
    29
    18
    27
    34
    24
    29
    25
    26
    15
    15
    27
    19
    10
    19
    17
    16
    21
    25
    16
    12
    17
    19
    15
    13
    15
    16
    617
    579
    531
    461
    485
    423
    411
    329
    354
    337
    316
    290
    298
    236
    247
    271
    232
    229
    216
    225
    173
    177
    172
    188
    140
    131
    146
    116
    144
    144
    131
    122
    116
    94
    97
    100
    86
    84
    90
    88
    85
    94
    90
    78
    70
    74
    66
    61
    64
    67
    60
    52
    55
    58
    52
    50
    64
    50
    42
    45
    53
    37
    52
    40
    39
    32
    35
    47
    44
    36
    30
    31
    27
    26
    24
    24
    33
    17
    15
    18
    27
    18
    27
    23
    26
    23
    23
    22
    16
    13
    20
    21
    18
    12
    19
    22
    12
    21
    8
    10
    634
    633
    547
    478
    478
    430
    392
    312
    326
    354
    312
    269
    311
    254
    249
    238
    239
    202
    216
    198
    182
    150
    163
    148
    159
    158
    150
    143
    148
    156
    106
    123
    108
    90
    107
    112
    113
    88
    80
    77
    78
    78
    79
    57
    67
    83
    77
    61
    61
    63
    71
    51
    53
    50
    58
    44
    47
    48
    43
    41
    52
    48
    42
    50
    33
    49
    31
    33
    36
    34
    38
    25
    37
    36
    35
    18
    26
    30
    20
    28
    23
    21
    23
    21
    26
    22
    16
    20
    15
    21
    19
    16
    19
    14
    14
    14
    17
    17
    14
    16
    662
    605
    556
    508
    449
    407
    375
    376
    332
    341
    326
    336
    280
    271
    232
    277
    231
    207
    194
    211
    184
    177
    173
    160
    182
    147
    134
    139
    129
    134
    143
    131
    106
    96
    118
    96
    109
    87
    88
    90
    80
    80
    84
    82
    81
    74
    63
    70
    61
    62
    51
    70
    63
    55
    59
    59
    43
    41
    43
    42
    55
    41
    50
    40
    35
    40
    47
    32
    26
    42
    35
    25
    37
    31
    39
    28
    40
    36
    24
    22
    23
    21
    34
    24
    26
    22
    20
    22
    29
    18
    18
    18
    11
    15
    15
    12
    21
    21
    11
    13
    631
    587
    531
    509
    431
    438
    387
    388
    386
    353
    302
    292
    285
    289
    250
    241
    242
    234
    208
    206
    173
    183
    171
    174
    171
    166
    143
    128
    149
    129
    136
    136
    123
    99
    116
    113
    103
    84
    75
    101
    92
    85
    87
    90
    66
    69
    53
    68
    70
    67
    65
    56
    56
    51
    42
    36
    52
    44
    55
    48
    38
    38
    48
    45
    44
    32
    33
    32
    42
    32
    26
    26
    29
    27
    33
    20
    32
    30
    24
    25
    30
    27
    17
    21
    25
    20
    34
    16
    17
    25
    17
    21
    13
    15
    20
    15
    23
    12
    12
    17
    673
    608
    494
    479
    451
    435
    374
    370
    375
    311
    317
    282
    307
    282
    249
    264
    244
    230
    206
    225
    194
    163
    185
    171
    164
    149
    151
    137
    116
    126
    129
    116
    112
    115
    115
    93
    94
    108
    90
    86
    96
    82
    74
    95
    88
    55
    76
    53
    59
    65
    52
    53
    49
    60
    50
    51
    60
    44
    52
    39
    46
    53
    43
    44
    40
    48
    29
    35
    36
    29
    29
    44
    35
    34
    31
    25
    27
    28
    31
    34
    30
    26
    23
    18
    16
    23
    22
    19
    22
    16
    15
    16
    12
    17
    16
    12
    26
    17
    10
    19
    645
    574
    570
    517
    453
    409
    401
    358
    360
    348
    356
    287
    291
    250
    232
    254
    218
    216
    219
    211
    193
    165
    152
    168
    171
    144
    160
    149
    134
    125
    123
    129
    99
    108
    98
    116
    74
    102
    85
    85
    91
    87
    76
    76
    66
    78
    61
    70
    60
    62
    61
    53
    49
    53
    54
    47
    66
    63
    47
    35
    40
    60
    35
    35
    37
    35
    25
    40
    32
    28
    22
    35
    20
    31
    32
    37
    22
    30
    29
    38
    21
    28
    30
    17
    19
    25
    18
    24
    20
    23
    20
    19
    18
    16
    20
    21
    16
    6
    22
    23
    661
    602
    554
    525
    442
    450
    405
    345
    345
    321
    333
    318
    269
    280
    233
    245
    254
    212
    192
    179
    208
    166
    151
    190
    178
    155
    169
    152
    137
    130
    116
    137
    113
    111
    91
    92
    106
    82
    86
    75
    81
    81
    67
    80
    70
    56
    70
    77
    75
    61
    69
    51
    72
    63
    51
    52
    53
    50
    42
    40
    44
    50
    36
    44
    43
    39
    25
    31
    32
    30
    27
    33
    36
    33
    31
    26
    21
    34
    21
    31
    32
    21
    28
    20
    23
    26
    20
    14
    19
    20
    16
    14
    22
    17
    13
    10
    15
    9
    12
    11
    630
    631
    541
    482
    422
    401
    389
    384
    329
    330
    309
    295
    283
    255
    204
    266
    227
    210
    208
    179
    178
    211
    175
    157
    169
    162
    150
    166
    135
    139
    118
    132
    120
    112
    99
    94
    109
    96
    92
    106
    84
    98
    83
    82
    78
    53
    57
    62
    66
    54
    49
    55
    62
    66
    52
    47
    50
    37
    40
    38
    51
    40
    44
    36
    33
    30
    45
    43
    33
    35
    38
    33
    26
    31
    33
    35
    19
    31
    19
    30
    18
    26
    27
    26
    16
    12
    21
    20
    22
    18
    19
    14
    16
    26
    13
    14
    20
    14
    17
    16
    657
    620
    543
    479
    467
    434
    425
    366
    342
    317
    300
    297
    278
    248
    269
    240
    213
    209
    201
    204
    196
    190
    165
    153
    162
    162
    122
    130
    132
    142
    109
    120
    100
    102
    110
    91
    96
    88
    97
    80
    95
    75
    83
    88
    71
    89
    73
    59
    55
    53
    71
    56
    59
    59
    51
    49
    59
    48
    56
    40
    52
    34
    43
    40
    45
    46
    26
    32
    38
    38
    31
    28
    38
    26
    32
    36
    23
    21
    26
    22
    30
    32
    14
    27
    24
    21
    23
    26
    21
    22
    17
    26
    16
    15
    14
    17
    15
    19
    8
    15
    623
    572
    507
    491
    457
    436
    413
    316
    377
    339
    320
    337
    267
    272
    270
    238
    215
    215
    210
    199
    181
    198
    169
    150
    158
    153
    151
    150
    165
    152
    139
    130
    114
    100
    114
    110
    97
    89
    93
    116
    95
    73
    81
    83
    66
    63
    64
    64
    60
    66
    72
    62
    51
    55
    48
    47
    39
    35
    44
    43
    54
    43
    40
    34
    48
    43
    31
    33
    33
    29
    41
    35
    25
    28
    31
    17
    29
    26
    26
    24
    20
    26
    23
    24
    22
    27
    18
    22
    17
    20
    15
    18
    15
    21
    15
    13
    19
    13
    22
    17
    624
    571
    523
    531
    434
    432
    417
    387
    357
    301
    300
    297
    299
    261
    257
    222
    244
    222
    211
    208
    197
    200
    177
    160
    167
    155
    155
    155
    124
    132
    128
    121
    126
    111
    132
    111
    89
    84
    86
    106
    66
    104
    73
    60
    76
    74
    81
    70
    54
    60
    67
    62
    52
    51
    58
    49
    43
    34
    53
    44
    37
    47
    45
    34
    36
    29
    35
    38
    28
    41
    33
    32
    21
    25
    41
    23
    29
    31
    19
    34
    28
    26
    24
    19
    24
    30
    14
    25
    22
    20
    25
    19
    21
    25
    21
    20
    24
    16
    21
    12
    668
    629
    578
    459
    460
    455
    369
    342
    365
    340
    312
    288
    282
    273
    246
    238
    230
    231
    209
    207
    180
    210
    189
    157
    175
    137
    151
    157
    146
    114
    125
    135
    121
    106
    120
    109
    86
    89
    116
    85
    89
    89
    83
    64
    80
    69
    63
    66
    68
    61
    54
    71
    45
    59
    52
    55
    52
    61
    40
    44
    28
    39
    37
    45
    37
    32
    35
    31
    36
    34
    31
    33
    31
    33
    16
    30
    23
    32
    19
    21
    31
    26
    25
    28
    18
    22
    21
    18
    28
    23
    28
    20
    13
    17
    18
    14
    25
    18
    22
    20
    621
    558
    520
    483
    416
    396
    411
    364
    351
    368
    299
    287
    290
    262
    258
    246
    236
    230
    208
    220
    204
    194
    198
    163
    145
    134
    147
    134
    135
    114
    119
    119
    100
    109
    97
    117
    104
    106
    103
    101
    96
    92
    67
    87
    58
    68
    65
    74
    74
    78
    66
    68
    55
    60
    49
    58
    39
    35
    51
    50
    44
    51
    42
    36
    44
    35
    21
    35
    30
    33
    34
    37
    39
    31
    36
    34
    28
    32
    31
    26
    25
    36
    19
    27
    18
    14
    27
    19
    17
    25
    17
    22
    19
    10
    22
    14
    22
    20
    16
    13
    651
    635
    525
    494
    436
    417
    420
    366
    364
    336
    331
    320
    270
    296
    285
    233
    219
    215
    219
    219
    190
    204
    178
    161
    145
    161
    148
    147
    148
    140
    112
    123
    100
    121
    129
    117
    91
    88
    85
    91
    59
    91
    80
    73
    75
    65
    77
    73
    57
    51
    44
    41
    73
    68
    50
    43
    49
    50
    49
    43
    53
    59
    41
    40
    28
    38
    45
    39
    37
    45
    28
    34
    37
    25
    23
    32
    25
    22
    29
    25
    31
    24
    17
    22
    22
    14
    24
    25
    14
    24
    20
    17
    16
    10
    16
    21
    13
    16
    18
    13
    639
    566
    531
    510
    458
    425
    388
    401
    338
    309
    296
    299
    298
    262
    247
    258
    219
    216
    209
    220
    180
    158
    167
    164
    170
    148
    164
    154
    136
    114
    118
    117
    114
    115
    108
    96
    97
    99
    95
    93
    79
    81
    65
    89
    78
    77
    72
    70
    69
    68
    53
    73
    56
    57
    55
    43
    47
    55
    42
    53
    47
    39
    50
    43
    30
    40
    41
    37
    38
    32
    28
    36
    34
    17
    23
    40
    31
    30
    22
    25
    26
    26
    24
    18
    27
    27
    27
    19
    30
    25
    18
    15
    19
    26
    24
    17
    11
    19
    12
    20
    611
    612
    519
    519
    450
    417
    407
    387
    364
    336
    328
    301
    253
    283
    238
    237
    220
    225
    231
    191
    205
    181
    202
    159
    167
    167
    154
    131
    141
    146
    132
    109
    115
    108
    122
    107
    90
    93
    105
    94
    90
    72
    65
    74
    77
    68
    71
    70
    67
    54
    76
    54
    55
    51
    61
    53
    36
    45
    60
    46
    49
    45
    34
    34
    26
    37
    39
    43
    28
    32
    32
    28
    31
    34
    36
    30
    37
    31
    20
    23
    34
    10
    28
    25
    27
    24
    22
    22
    25
    26
    25
    16
    16
    18
    15
    14
    17
    15
    17
    16
    650
    588
    552
    505
    504
    414
    403
    381
    369
    348
    308
    308
    275
    258
    220
    239
    239
    195
    212
    199
    171
    184
    191
    164
    158
    177
    144
    133
    137
    118
    132
    116
    118
    122
    117
    107
    99
    84
    98
    92
    83
    83
    93
    88
    67
    72
    74
    60
    61
    72
    57
    55
    61
    56
    52
    52
    52
    43
    46
    45
    34
    34
    43
    35
    39
    31
    30
    36
    21
    33
    32
    26
    35
    30
    28
    31
    25
    24
    24
    17
    21
    20
    21
    21
    13
    26
    19
    25
    24
    14
    23
    12
    19
    20
    18
    19
    19
    15
    15
    13
    607
    541
    569
    503
    473
    437
    381
    345
    328
    295
    282
    299
    259
    279
    252
    227
    234
    188
    214
    200
    215
    182
    169
    199
    139
    140
    142
    155
    134
    136
    121
    127
    114
    89
    116
    89
    92
    110
    87
    85
    68
    90
    76
    72
    84
    74
    69
    59
    66
    61
    51
    61
    61
    58
    48
    54
    43
    49
    48
    47
    37
    40
    45
    26
    36
    28
    34
    30
    34
    30
    32
    28
    31
    24
    33
    31
    33
    31
    25
    19
    28
    30
    28
    23
    22
    24
    21
    14
    20
    14
    21
    20
    16
    16
    17
    13
    17
    11
    15
    19
    624
    568
    561
    482
    469
    435
    407
    392
    331
    377
    290
    285
    276
    291
    282
    258
    243
    204
    196
    208
    170
    196
    179
    166
    183
    164
    165
    140
    132
    127
    120
    131
    107
    111
    122
    99
    103
    94
    97
    87
    79
    79
    96
    64
    69
    86
    56
    56
    70
    52
    60
    60
    43
    52
    55
    55
    58
    55
    54
    51
    46
    48
    53
    34
    33
    35
    39
    33
    39
    37
    43
    27
    34
    19
    29
    21
    29
    22
    31
    23
    15
    27
    25
    24
    23
    22
    16
    21
    23
    18
    23
    15
    11
    12
    15
    17
    25
    12
    12
    19
    619
    573
    522
    501
    492
    445
    417
    399
    354
    334
    321
    336
    258
    243
    263
    244
    236
    226
    204
    212
    187
    181
    171
    176
    151
    148
    156
    167
    136
    121
    140
    133
    117
    116
    113
    119
    88
    101
    86
    88
    98
    81
    74
    85
    80
    78
    98
    71
    73
    57
    80
    55
    65
    59
    54
    51
    37
    53
    35
    53
    49
    41
    33
    40
    32
    39
    36
    39
    47
    37
    30
    20
    30
    32
    34
    18
    27
    24
    26
    31
    23
    34
    24
    31
    19
    25
    27
    17
    20
    26
    17
    14
    14
    19
    24
    13
    13
    9
    14
    17
    617
    594
    591
    533
    478
    419
    440
    385
    334
    316
    303
    297
    292
    273
    244
    261
    261
    194
    232
    203
    203
    190
    199
    174
    168
    151
    149
    142
    129
    106
    125
    122
    108
    105
    109
    90
    106
    108
    82
    83
    82
    86
    87
    72
    88
    76
    70
    65
    86
    74
    69
    59
    52
    61
    53
    45
    44
    36
    47
    44
    40
    49
    44
    44
    31
    43
    37
    31
    42
    28
    28
    31
    37
    23
    24
    35
    23
    20
    26
    29
    29
    24
    34
    20
    22
    18
    16
    23
    24
    11
    21
    15
    16
    16
    10
    22
    19
    15
    15
    14
    623
    614
    558
    481
    460
    411
    421
    395
    349
    312
    303
    315
    294
    268
    271
    223
    213
    194
    178
    215
    191
    169
    185
    180
    174
    152
    156
    124
    140
    126
    114
    114
    113
    118
    110
    100
    100
    97
    69
    84
    93
    81
    77
    71
    73
    67
    74
    73
    71
    79
    56
    68
    48
    61
    52
    54
    39
    49
    43
    43
    36
    46
    36
    55
    39
    34
    41
    32
    28
    38
    27
    34
    24
    27
    25
    20
    30
    28
    25
    26
    16
    18
    23
    22
    19
    23
    18
    26
    18
    17
    23
    16
    15
    15
    18
    17
    4
    18
    16
    11
    636
    618
    518
    458
    409
    443
    385
    397
    348
    337
    291
    298
    300
    282
    255
    262
    239
    201
    211
    197
    193
    167
    176
    164
    155
    162
    137
    137
    127
    129
    144
    129
    115
    123
    87
    110
    93
    99
    90
    75
    85
    83
    91
    69
    81
    73
    77
    69
    68
    60
    56
    63
    58
    45
    60
    41
    37
    61
    37
    36
    35
    50
    40
    36
    39
    31
    31
    31
    38
    42
    37
    38
    34
    25
    29
    18
    30
    31
    32
    23
    28
    27
    24
    24
    25
    16
    20
    24
    18
    14
    23
    22
    13
    10
    25
    16
    22
    18
    20
    17
    626
    595
    472
    473
    456
    431
    388
    371
    372
    325
    322
    258
    287
    280
    249
    268
    223
    219
    209
    201
    184
    166
    165
    177
    179
    152
    133
    122
    144
    152
    116
    130
    110
    100
    111
    103
    113
    94
    110
    80
    89
    90
    78
    81
    85
    69
    82
    65
    66
    56
    59
    55
    66
    54
    51
    49
    40
    38
    39
    50
    45
    49
    36
    38
    27
    48
    56
    31
    27
    36
    29
    28
    33
    32
    26
    31
    21
    25
    26
    25
    21
    20
    21
    25
    21
    31
    16
    18
    20
    20
    23
    15
    20
    16
    20
    15
    12
    17
    13
    11
    592
    611
    532
    507
    504
    412
    426
    367
    356
    348
    342
    282
    269
    236
    254
    240
    234
    232
    211
    214
    197
    191
    177
    158
    161
    146
    152
    109
    135
    119
    118
    126
    114
    120
    105
    116
    94
    108
    106
    85
    85
    95
    72
    75
    103
    84
    74
    58
    44
    58
    58
    64
    60
    50
    54
    53
    56
    53
    31
    38
    46
    42
    37
    52
    45
    28
    37
    38
    43
    42
    43
    33
    30
    17
    31
    27
    42
    37
    27
    29
    25
    28
    27
    26
    21
    26
    19
    21
    14
    14
    26
    27
    23
    12
    22
    16
    14
    12
    16
    16
    661
    620
    545
    538
    453
    415
    389
    395
    384
    282
    305
    292
    292
    305
    291
    234
    229
    232
    234
    197
    203
    171
    190
    173
    157
    152
    153
    152
    138
    126
    137
    124
    97
    114
    123
    92
    96
    86
    95
    72
    83
    87
    88
    78
    79
    62
    74
    70
    57
    60
    57
    52
    65
    67
    61
    52
    57
    48
    38
    44
    50
    29
    36
    31
    27
    39
    42
    26
    30
    32
    31
    29
    33
    33
    26
    28
    31
    26
    26
    23
    31
    28
    25
    18
    18
    27
    18
    24
    26
    20
    19
    24
    22
    17
    17
    22
    13
    12
    12
    18
    603
    543
    492
    464
    460
    427
    419
    391
    360
    320
    324
    301
    253
    260
    263
    236
    249
    216
    196
    205
    187
    174
    167
    218
    166
    160
    148
    144
    138
    127
    116
    141
    116
    94
    97
    112
    102
    102
    81
    92
    75
    76
    91
    89
    76
    71
    62
    70
    70
    54
    61
    71
    49
    60
    55
    43
    49
    54
    41
    41
    45
    50
    52
    41
    41
    37
    32
    36
    29
    36
    41
    45
    23
    19
    23
    29
    26
    25
    26
    22
    17
    19
    16
    16
    24
    18
    20
    15
    19
    21
    23
    25
    18
    14
    22
    16
    19
    11
    15
    12
    607
    604
    545
    476
    465
    410
    386
    365
    327
    328
    340
    293
    258
    269
    232
    252
    251
    232
    218
    198
    172
    170
    168
    149
    185
    164
    141
    152
    124
    147
    120
    108
    141
    127
    122
    103
    112
    116
    93
    85
    77
    105
    79
    79
    72
    70
    70
    64
    66
    59
    62
    68
    74
    46
    61
    53
    37
    45
    41
    47
    47
    41
    41
    40
    41
    29
    46
    36
    31
    33
    28
    33
    31
    27
    27
    27
    30
    30
    21
    26
    18
    23
    20
    24
    26
    26
    27
    17
    23
    23
    24
    20
    19
    16
    17
    18
    22
    16
    12
    13

Data:
    0
    0
    0
    0
    0
    0
    0
    0
    0
    0
    0
    0
    0
    0
    0
    0
    0
    0
    0
    0
    0
    0
    0
    0
    0
    0
    0
    0
    0
    0
    0
    0
    0
    0
    0
    0
    0
    0
    0
    0
    0
    0
    0
    0
    0
    0
    0
    0
    0
    0
    0
    0
    0
    0
    0
    0
    0
    0
    0
    0
    0
    0
    0
    0
    0
    0
    0
    0
    0
    0
    0
    0
    0
    0
    0
    0
    0
    0
    0
    0
    0
    0
    0
    0
    0
    0
    0
    0
    0
    0
    0
    0
    0
    0
    0
    0
    0
    0
    0
    0
    0
    0
    0
    0
    0
    0
    0
    0
    0
    0
    0
    0
    0
    0
    0
    0
    0
    0
    0
    0
    0
    0
    0
    0
    0
    0
    0
    0
    0
    0
    0
    0
    0
    0
    0
    0
    0
    0
    0
    0
    0
    0
    0
    0
    0
    0
    0
    0
    0
    0
    0
    0
    0
    0
    0
    0
    0
    0
    0
    0
    0
    0
    0
    0
    0
    0
    0
    0
    0
    0
    0
    0
    0
    0
    0
    0
    0
    0
    0
    0
    0
    0
    0
    0
    0
    0
    0
    0
    0
    0
    0
    0
    0
    0
    0
    0
    0
    0
    0
    0
    0
    0
    0
    0
    0
    0
    0
    0
    0
    0
    0
    0
    0
    0
    0
    0
    0
    0
    0
    0
    0
    0
    0
    0
    0
    0
    0
    0
    0
    0
    0
    0
    0
    0
    0
    0
    0
    0
    0
    0
    0
    0
    0
    0
    0
    0
    0
    0
    0
    0
    0
    0
    0
    0
    0
    0
    0
    0
    0
    0
    0
    0
    0
    0
    0
    0
    0
    0
    0
    0
    0
    0
    0
    0
    0
    0
    0
    0
    0
    0
    0
    0
    0
    0
    0
    0
    0
    0
    0
    0
    0
    0
    0
    0
    0
    0
    0
    0
    0
    0
    0
    0
    0
    0
    0
    0
    0
    0
    0
    0
    0
    0
    0
    0
    0
    0
    0
    0
    0
    0
    0
    0
    0
    0
    0
    0
    0
    0
    0
    0
    0
    0
    0
    0
    0
    0
    0
    0
    0
    0
    0
    0
    0
    0
    0
    0
    0
    0
    0
    0
    0
    0
    0
    0
    0
    0
    0
    0
    0
    0
    0
    0
    0
    0
    0
    0
    0
    0
    0
    0
    0
    0
    0
    0
    0
    0
    0
    0
    0
    0
    0
    0
    0
    0
    0
    0
    0
    0
    0
    0
    0
    0
    0
    0
    0
    0
    0
    0
    0
    0
    0
    0
    0
    0
    0
    0
    0
    0
    0
    0
    0
    0
    0
    0
    0
    0
    0
    0
    0
    0
    0
    0
    0
    0
    0
    0
    0
    0
    0
    0
    0
    0
    0
    0
    0
    0
    0
    0
    0
    0
    0
    0
    0
    0
    0
    0
    0
    0
    0
    0
    0
    0
    0
    0
    0
    0
    0
    0
    0
    0
    0
    0
    0
    0
    0
    0
    0
    0
    0
    0
    0
    0
    0
    0
    0
    0
    0
    0
    0
    0
    0
    0
    0
    0
    0
    0
    0
    0
    0
    0
    0
    0
    0
    0
    0
    0
    0
    0
    0
    0
    0
    0
    0
    0
    0
    0
    0
    0
    0
    0
    0
    0
    0
    0
    0
    0
    0
    0
    0
    0
    0
    0
    0
    0
    0
    0
    0
    0
    0
    0
    0
    0
    0
    0
    0
    0
    0
    0
    0
    0
    0
    0
    0
    0
    0
    0
    0
    0
    0
    0
    0
    0
    0
    0
    0
    0
    0
    0
    0
    0
    0
    0
    0
    0
    0
    0
    0
    0
    0
    0
    0
    0
    0
    0
    0
    0
    0
    0
    0
    0
    0
    0
    0
    0
    0
    0
    0
    0
    0
    0
    0
    0
    0
    0
    0
    0
    0
    0
    0
    0
    0
    0
    0
    0
    0
    0
    0
    0
    0
    0
    0
    0
    0
    0
    0
    0
    0
    0
    0
    0
    0
    0
    0
    0
    0
    0
    0
    0
    0
    0
    0
    0
    0
    0
    0
    0
    0
    0
    0
    0
    0
    0
    0
    0
    0
    0
    0
    0
    0
    0
    0
    0
    0
    0
    0
    0
    0
    0
    0
    0
    0
    0
    0
    0
    0
    0
    0
    0
    0
    0
    0
    0
    0
    0
    0
    0
    0
    0
    0
    0
    0
    0
    0
    0
    0
    0
    0
    0
    0
    0
    0
    0
    0
    0
    0
    0
    0
    0
    0
    0
    0
    0
    0
    0
    0
    0
    0
    0
    0
    0
    0
    0
    0
    0
    0
    0
    0
    0
    0
    0
    0
    0
    0
    0
    0
    0
    0
    0
    0
    0
    0
    0
    0
    0
    0
    0
    0
    0
    0
    0
    0
    0
    0
    0
    0
    0
    0
    0
    0
    0
    0
    0
    0
    0
    0
    0
    0
    0
    0
    0
    0
    0
    0
    0
    0
    0
    0
    0
    0
    0
    0
    0
    0
    0
    0
    0
    0
    0
    0
    0
    0
    0
    0
    0
    0
    0
    0
    0
    0
    0
    0
    0
    0
    0
    0
    0
    0
    0
    0
    0
    0
    0
    0
    0
    0
    0
    0
    0
    0
    0
    0
    0
    0
    0
    0
    0
    0
    0
    0
    0
    0
    0
    0
    0
    0
    0
    0
    0
    0
    0
    0
    0
    0
    0
    0
    0
    0
    0
    0
    0
    0
    0
    0
    0
    0
    0
    0
    0
    0
    0
    0
    0
    0
    0
    0
    0
    0
    0
    0
    0
    0
    0
    0
    0
    0
    0
    0
    0
    0
    0
    0
    0
    0
    0
    0
    0
    0
    0
    0
    0
    0
    0
    0
    0
    0
    0
    0
    0
    0
    0
    0
    0
    0
    0
    0
    0
    0
    0
    0
    0
    0
    0
    0
    0
    0
    0
    0
    0
    0
    0
    0
    0
    0
    0
    0
    0
    0
    0
    0
    0
    0
    0
    0
    0
    0
    0
    0
    0
    0
    0
    0
    0
    0
    0
    0
    0
    0
    0
    0
    0
    0
    0
    0
    0
    0
    0
    0
    0
    0
    0
    0
    0
    0
    0
    0
    0
    0
    0
    0
    0
    0
    0
    0
    0
    0
    0
    0
    0
    0
    0
    0
    0
    0
    0
    0
    0
    0
    0
    0
    0
    0
    0
    0
    0
    0
    0
    0
    0
    0
    0
    0
    0
    0
    0
    0
    0
    0
    0
    0
    0
    0
    0
    0
    0
    0
    0
    0
    0
    0
    0
    0
    0
    0
    0
    0
    0
    0
    0
    0
    0
    0
    0
    0
    0
    0
    0
    0
    0
    0
    0
    0
    0
    0
    0
    0
    0
    0
    0
    0
    0
    0
    0
    0
    0
    0
    0
    0
    0
    0
    0
    0
    0
    0
    0
    0
    0
    0
    0
    0
    0
    0
    0
    0
    0
    0
    0
    0
    0
    0
    0
    0
    0
    0
    0
    0
    0
    0
    0
    0
    0
    0
    0
    0
    0
    0
    0
    0
    0
    0
    0
    0
    0
    0
    0
    0
    0
    0
    0
    0
    0
    0
    0
    0
    0
    0
    0
    0
    0
    0
    0
    0
    0
    0
    0
    0
    0
    0
    0
    0
    0
    0
    0
    0
    0
    0
    0
    0
    0
    0
    0
    0
    0
    0
    0
    0
    0
    0
    0
    0
    0
    0
    0
    0
    0
    0
    0
    0
    0
    0
    0
    0
    0
    0
    0
    0
    0
    0
    0
    0
    0
    0
    0
    0
    0
    0
    0
    0
    0
    0
    0
    0
    0
    0
    0
    0
    0
    0
    0
    0
    0
    0
    0
    0
    0
    0
    0
    0
    0
    0
    0
    0
    0
    0
    0
    0
    0
    0
    0
    0
    0
    0
    0
    0
    0
    0
    0
    0
    0
    0
    0
    0
    0
    0
    0
    0
    0
    0
    0
    0
    0
    0
    0
    0
    0
    0
    0
    0
    0
    0
    0
    0
    0
    0
    0
    0
    0
    0
    0
    0
    0
    0
    0
    0
    0
    0
    0
    0
    0
    0
    0
    0
    0
    0
    0
    0
    0
    0
    0
    0
    0
    0
    0
    0
    0
    0
    0
    0
    0
    0
    0
    0
    0
    0
    0
    0
    0
    0
    0
    0
    0
    0
    0
    0
    0
    0
    0
    0
    0
    0
    0
    0
    0
    0
    0
    0
    0
    0
    0
    0
    0
    0
    0
    0
    0
    0
    0
    0
    0
    0
    0
    0
    0
    0
    0
    0
    0
    0
    0
    0
    0
    0
    0
    0
    0
    0
    0
    0
    0
    0
    0
    0
    0
    0
    0
    0
    0
    0
    0
    0
    0
    0
    0
    0
    0
    0
    0
    0
    0
    0
    0
    0
    0
    0
    0
    0
    0
    0
    0
    0
    0
    0
    0
    0
    0
    0
    0
    0
    0
    0
    0
    0
    0
    0
    0
    0
    0
    0
    0
    0
    0
    0
    0
    0
    0
    0
    0
    0
    0
    0
    0
    0
    0
    0
    0
    0
    0
    0
    0
    0
    0
    0
    0
    0
    0
    0
    0
    0
    0
    0
    0
    0
    0
    0
    0
    0
    0
    0
    0
    0
    0
    0
    0
    0
    0
    0
    0
    0
    0
    0
    0
    0
    0
    0
    0
    0
    0
    0
    0
    0
    0
    0
    0
    0
    0
    0
    0
    0
    0
    0
    0
    0
    0
    0
    0
    0
    0
    0
    0
    0
    0
    0
    0
    0
    0
    0
    0
    0
    0
    0
    0
    0
    0
    0
    0
    0
    0
    0
    0
    0
    0
    0
    0
    0
    0
    0
    0
    0
    0
    0
    0
    0
    0
    0
    0
    0
    0
    0
    0
    0
    0
    0
    0
    0
    0
    0
    0
    0
    0
    0
    0
    0
    0
    0
    0
    0
    0
    0
    0
    0
    0
    0
    0
    0
    0
    0
    0
    0
    0
    0
    0
    0
    0
    0
    0
    0
    0
    0
    0
    0
    0
    0
    0
    0
    0
    0
    0
    0
    0
    0
    0
    0
    0
    0
    0
    0
    0
    0
    0
    0
    0
    0
    0
    0
    0
    0
    0
    0
    0
    0
    0
    0
    0
    0
    0
    0
    0
    0
    0
    0
    0
    0
    0
    0
    0
    0
    0
    0
    0
    0
    0
    0
    0
    0
    0
    0
    0
    0
    0
    0
    0
    0
    0
    0
    0
    0
    0
    0
    0
    0
    0
    0
    0
    0
    0
    0
    0
    0
    0
    0
    0
    0
    0
    0
    0
    0
    0
    0
    0
    0
    0
    0
    0
    0
    0
    0
    0
    0
    0
    0
    0
    0
    0
    0
    0
    0
    0
    0
    0
    0
    0
    0
    0
    0
    0
    0
    0
    0
    0
    0
    0
    0
    0
    0
    0
    0
    0
    0
    0
    0
    0
    0
    0
    0
    0
    0
    0
    0
    0
    0
    0
    0
    0
    0
    0
    0
    0
    0
    0
    0
    0
    0
    0
    0
    0
    0
    0
    0
    0
    0
    0
    0
    0
    0
    0
    0
    0
    0
    0
    0
    0
    0
    0
    0
    0
    0
    0
    0
    0
    0
    0
    0
    0
    0
    0
    0
    0
    0
    0
    0
    0
    0
    0
    0
    0
    0
    0
    0
    0
    0
    0
    0
    0
    0
    0
    0
    0
    0
    0
    0
    0
    0
    0
    0
    0
    0
    0
    0
    0
    0
    0
    0
    0
    0
    0
    0
    0
    0
    0
    0
    0
    0
    0
    0
    0
    0
    0
    0
    0
    0
    0
    0
    0
    0
    0
    0
    0
    0
    0
    0
    0
    0
    0
    0
    0
    0
    0
    0
    0
    0
    0
    0
    0
    0
    0
    0
    0
    0
    0
    0
    0
    0
    0
    0
    0
    0
    0
    0
    0
    0
    0
    0
    0
    0
    0
    0
    0
    0
    0
    0
    0
    0
    0
    0
    0
    0
    0
    0
    0
    0
    0
    0
    0
    0
    0
    0
    0
    0
    0
    0
    0
    0
    0
    0
    0
    0
    0
    0
    0
    0
    0
    0
    0
    0
    0
    0
    0
    0
    0
    0
    0
    0
    0
    0
    0
    0
    0
    0
    0
    0
    0
    0
    0
    0
    0
    0
    0
    0
    0
    0
    0
    0
    0
    0
    0
    0
    0
    0
    0
    0
    0
    0
    0
    0
    0
    0
    0
    0
    0
    0
    0
    0
    0
    0
    0
    0
    0
    0
    0
    0
    0
    0
    0
    0
    0
    0
    0
    0
    0
    0
    0
    0
    0
    0
    0
    0
    0
    0
    0
    0
    0
    0
    0
    0
    0
    0
    0
    0
    0
    0
    0
    0
    0
    0
    0
    0
    0
    0
    0
    0
    0
    0
    0
    0
    0
    0
    0
    0
    0
    0
    0
    0
    0
    0
    0
    0
    0
    0
    0
    0
    0
    0
    0
    0
    0
    0
    0
    0
    0
    0
    0
    0
    0
    0
    0
    0
    0
    0
    0
    0
    0
    0
    0
    0
    0
    0
    0
    0
    0
    0
    0
    0
    0
    0
    0
    0
    0
    0
    0
    0
    0
    0
    0
    0
    0
    0
    0
    0
    0
    0
    0
    0
    0
    0
    0
    0
    0
    0
    0
    0
    0
    0
    0
    0
    0
    0
    0
    0
    0
    0
    0
    0
    0
    0
    0
    0
    0
    0
    0
    0
    0
    0
    0
    0
    0
    0
    0
    0
    0
    0
    0
    0
    0
    0
    0
    0
    0
    0
    0
    0
    0
    0
    0
    0
    0
    0
    0
    0
    0
    0
    0
    0
    0
    0
    0
    0
    0
    0
    0
    0
    0
    0
    0
    0
    0
    0
    0
    0
    0
    0
    0
    0
    0
    0
    0
    0
    0
    0
    0
    0
    0
    0
    0
    0
    0
    0
    0
    0
    0
    0
    0
    0
    0
    0
    0
    0
    0
    0
    0
    0
    0
    0
    0
    0
    0
    0
    0
    0
    0
    0
    0
    0
    0
    0
    0
    0
    0
    0
    0
    0
    0
    0
    0
    0
    0
    0
    0
    0
    0
    0
    0
    0
    0
    0
    0
    0
    0
    0
    0
    0
    0
    0
    0
    0
    0
    0
    0
    0
    0
    0
    0
    0
    0
    0
    0
    0
    0
    0
    0
    0
    0
    0
    0
    0
    0
    0
    0
    0
    0
    0
    0
    0
    0
    0
    0
    0
    0
    0
    0
    0
    0
    0
    0
    0
    0
    0
    0
    0
    0
    0
    0
    0
    0
    0
    0
    0
    0
    0
    0
    0
    0
    0
    0
    0
    0
    0
    0
    0
    0
    0
    0
    0
    0
    0
    0
    0
    0
    0
    0
    0
    0
    0
    0
    0
    0
    0
    0
    0
    0
    0
    0
    0
    0
    0
    0
    0
    0
    0
    0
    0
    0
    0
    0
    0
    0
    0
    0
    0
    0
    0
    0
    0
    0
    0
    0
    0
    0
    0
    0
    0
    0
    0
    0
    0
    0
    0
    0
    0
    0
    0
    0
    0
    0
    0
    0
    0
    0
    0
    0
    0
    0
    0
    0
    0
    0
    0
    0
    0
    0
    0
    0
    0
    0
    0
    0
    0
    0
    0
    0
    0
    0
    0
    0
    0
    0
    0
    0
    0
    0
    0
    0
    0
    0
    0
    0
    0
    0
    0
    0
    0
    0
    0
    0
    0
    0
    0
    0
    0
    0
    0
    0
    0
    0
    0
    0
    0
    0
    0
    0
    0
    0
    0
    0
    0
    0
    0
    0
    0
    0
    0
    0
    0
    0
    0
    0
    0
    0
    0
    0
    0
    0
    0
    0
    0
    0
    0
    0
    0
    0
    0
    0
    0
    0
    0
    0
    0
    0
    0
    0
    0
    0
    0
    0
    0
    0
    0
    0
    0
    0
    0
    0
    0
    0
    0
    0
    0
    0
    0
    0
    0
    0
    0
    0
    0
    0
    0
    0
    0
    0
    0
    0
    0
    0
    0
    0
    0
    0
    0
    0
    0
    0
    0
    0
    0
    0
    0
    0
    0
    0
    0
    0
    0
    0
    0
    0
    0
    0
    0
    0
    0
    0
    0
    0
    0
    0
    0
    0
    0
    0
    0
    0
    0
    0
    0
    0
    0
    0
    0
    0
    0
    0
    0
    0
    0
    0
    0
    0
    0
    0
    0
    0
    0
    0
    0
    0
    0
    0
    0
    0
    0
    0
    0
    0
    0
    0
    0
    0
    0
    0
    0
    0
    0
    0
    0
    0
    0
    0
    0
    0
    0
    0
    0
    0
    0
    0
    0
    0
    0
    0
    0
    0
    0
    0
    0
    0
    0
    0
    0
    0
    0
    0
    0
    0
    0
    0
    0
    0
    0
    0
    0
    0
    0
    0
    0
    0
    0
    0
    0
    0
    0
    0
    0
    0
    0
    0
    0
    0
    0
    0
    0
    0
    0
    0
    0
    0
    0
    0
    0
    0
    0
    0
    0
    0
    0
    0
    0
    0
    0
    0
    0
    0
    0
    0
    0
    0
    0
    0
    0
    0
    0
    0
    0
    0
    0
    0
    0
    0
    0
    0
    0
    0
    0
    0
    0
    0
    0
    0
    0
    0
    0
    0
    0
    0
    0
    0
    0
    0
    0
    0
    0
    0
    0
    0
    0
    0
    0
    0
    0
    0
    0
    0
    0
    0
    0
    0
    0
    0
    0
    0
    0
    0
    0
    0
    0
    0
    0
    0
    0
    0
    0
    0
    0
    0
    0
    0
    0
    0
    0
    0
    0
    0
    0
    0
    0
    0
    0
    0
    0
    0
    0
    0
    0
    0
    0
    0
    0
    0
    0
    0
    0
    0
    0
    0
    0
    0
    0
    0
    0
    0
    0
    0
    0
    0
    0
    0
    0
    0
    0
    0
    0
    0
    0
    0
    0
    0
    0
    0
    0
    0
    0
    0
    0
    0
    0
    0
    0
    0
    0
    0
    0
    0
    0
    0
    0
    0
    0
    0
    0
    0
    0
    0
    0
    0
    0
    0
    0
    0
    0
    0
    0
    0
    0
    0
    0
    0
    0
    0
    0
    0
    0
    0
    0
    0
    0
    0
    0
    0
    0
    0
    0
    0
    0
    0
    0
    0
    0
    0
    0
    0
    0
    0
    0
    0
    0
    0
    0
    0
    0
    0
    0
    0
    0
    0
    0
    0
    0
    0
    0
    0
    0
    0
    0
    0
    0
    0
    0
    0
    0
    0
    0
    0
    0
    0
    0
    0
    0
    0
    0
    0
    0
    0
    0
    0
    0
    0
    0
    0
    0
    0
    0
    0
    0
    0
    0
    0
    0
    0
    0
    0
    0
    0
    0
    0
    0
    0
    0
    0
    0
    0
    0
    0
    0
    0
    0
    0
    0
    0
    0
    0
    0
    0
    0
    0
    0
    0
    0
    0
    0
    0
    0
    0
    0
    0
    0
    0
    0
    0
    0
    0
    0
    0
    0
    0
    0
    0
    0
    0
    0
    0
    0
    0
    0
    0
    0
    0
    0
    0
    0
    0
    0
    0
    0
    0
    0
    0
    0
    0
    0
    0
    0
    0
    0
    0
    0
    0
    0
    0
    0
    0
    0
    0
    0
    0
    0
    0
    0
    0
    0
    0
    0
    0
    0
    0
    0
    0
    0
    0
    0
    0
    0
    0
    0
    0
    0
    0
    0
    0
    0
    0
    0
    0
    0
    0
    0
    0
    0
    0
    0
    0
    0
    0
    0
    0
    0
    0
    0
    0
    0
    0
    0
    0
    0
    0
    0
    0
    0
    0
    0
    0
    0
    0
    0
    0
    0
    0
    0
    0
    0
    0
    0
    0
    0
    0
    0
    0
    0
    0
    0
    0
    0
    0
    0
    0
    0
    0
    0
    0
    0
    0
    0
    0
    0
    0
    0
    0
    0
    0
    0
    0
    0
    0
    0
    0
    0
    0
    0
    0
    0
    0
    0
    0
    0
    0
    0
    0
    0
    0
    0
    0
    0
    0
    0
    0
    0
    0
    0
    0
    0
    0
    0
    0
    0
    0
    0
    0
    0
    0
    0
    0
    0
    0
    0
    0
    0
    0
    0
    0
    0
    0
    0
    0
    0
    0
    0
    0
    0
    0
    0
    0
    0
    0
    0
    0
    0
    0
    0
    0
    0
    0
    0
    0
    0
    0
    0
    0
    0
    0
    0
    0
    0
    0
    0
    0
    0
    0
    0
    0
    0
    0
    0
    0
    0
    0
    0
    0
    0
    0
    0
    0
    0
    0
    0
    0
    0
    0
    0
    0
    0
    0
    0
    0
    0
    0
    0
    0
    0
    0
    0
    0
    0
    0
    0
    0
    0
    0
    0
    0
    0
    0
    0
    0
    0
    0
    0
    0
    0
    0
    0
    0
    0
    0
    0
    0
    0
    0
    0
    0
    0
    0
    0
    0
    0
    0
    0
    0
    0
    0
    0
    0
    0
    0
    0
    0
    0
    0
    0
    0
    0
    0
    0
    0
    0
    0
    0
    0
    0
    0
    0
    0
    0
    0
    0
    0
    0
    0
    0
    0
    0
    0
    0
    0
    0
    0
    0
    0
    0
    0
    0
    0
    0
    0
    0
    0
    0
    0
    0
    0
    0
    0
    0
    0
    0
    0
    0
    0
    0
    0
    0
    0
    0
    0
    0
    0
    0
    0
    0
    0
    0
    0
    0
    0
    0
    0
    0
    0
    0
    0
    0
    0
    0
    0
    0
    0
    0
    0
    0
    0
    0
    0
    0
    0
    0
    0
    0
    0
    0
    0
    0
    0
    0
    0
    0
    0
    0
    0
    0
    0
    0
    0
    0
    0
    0
    0
    0
    0
    0
    0
    0
    0
    0
    0
    0
    0
    0
    0
    0
    0
    0
    0
    0
    0
    0
    0
    0
    0
    0
    0
    0
    0
    0
    0
    0
    0
    0
    0
    0
    0
    0
    0
    0
    0
    0
    0
    0
    0
    0
    0
    0
    0
    0
    0
    0
    0
    0
    0
    0
    0
    0
    0
    0
    0
    0
    0
    0
    0
    0
    0
    0
    0
    0
    0
    0
    0
    0
    0
    0
    0
    0
    0
    0
    0
    0
    0
    0
    0
    0
    0
    0
    0
    0
    0
    0
    0
    0
    0
    0
    0
    0
    0
    0
    0
    0
    0
    0
    0
    0
    0
    0
    0
    0
    0
    0
    0
    0
    0
    0
    0
    0
    0
    0
    0
    0
    0
    0
    0
    0
    0
    0
    0
    0
    0
    0
    0
    0
    0
    0
    0
    0
    0
    0
    0
    0
    0
    0
    0
    0
    0
    0
    0
    0
    0
    0
    0
    0
    0
    0
    0
    0
    0
    0
    0
    0
    0
    0
    0
    0
    0
    0
    0
    0
    0
    0
    0
    0
    0
    0
    0
    0
    0
    0
    0
    0
    0
    0
    0
    0
    0
    0
    0
    0
    0
    0
    0
    0
    0
    0
    0
    0
    0
    0
    0
    0
    0
    0
    0
    0
    0
    0
    0
    0
    0
    0
    0
    0
    0
    0
    0
    0
    0
    0
    0
    0
    0
    0
    0
    0
    0
    0
    0
    0
    0
    0
    0
    0
    0
    0
    0
    0
    0
    0
    0
    0
    0
    0
    0
    0
    0
    0
    0
    0
    0
    0
    0
    0
    0
    0
    0
    0
    0
    0
    0
    0
    0
    0
    0
    0
    0
    0
    0
    0
    0
    0
    0
    0
    0
    0
    0
    0
    0
    0
    0
    0
    0
    0
    0
    0
    0
    0
    0
    0
    0
    0
    0
    0
    0
    0
    0
    0
    0
    0
    0
    0
    0
    0
    0
    0
    0
    0
    0
    0
    0
    0
    0
    0
    0
    0
    0
    0
    0
    0
    0
    0
    0
    0
    0
    0
    0
    0
    0
    0
    0
    0
    0
    0
    0
    0
    0
    0
    0
    0
    0
    0
    0
    0
    0
    0
    0
    0
    0
    0
    0
    0
    0
    0
    0
    0
    0
    0
    0
    0
    0
    0
    0
    0
    0
    0
    0
    0
    0
    0
    0
    0
    0
    0
    0
    0
    0
    0
    0
    0
    0
    0
    0
    0
    0
    0
    0
    0
    0
    0
    0
    0
    0
    0
    0
    0
    0
    0
    0
    0
    0
    0
    0
    0
    0
    0
    0
    0
    0
    0
    0
    0
    0
    0
    0
    0
    0
    0
    0
    0
    0
    0
    0
    0
    0
    0
    0
    0
    0
    0
    0
    0
    0
    0
    0
    0
    0
    0
    0
    0
    0
    0
    0
    0
    0
    0
    0
    0
    0
    0
    0
    0
    0
    0
    0
    0
    0
    0
    0
    0
    0
    0
    0
    0
    0
    0
    0
    0
    0
    0
    0
    0
    0
    0
    0
    0
    0
    0
    0
    0
    0
    0
    0
    0
    0
    0
    0
    0
    0
    0
    0
    0
    0
    0
    0
    0
    0
    0
    0
    0
    0
    0
    0
    0
    0
    0
    0
    0
    0
    0
    0
    0
    0
    0
    0
    0
    0
    0
    0
    0
    0
    0
    0
    0
    0
    0
    0
    0
    0
    0
    0
    0
    0
    0
    0
    0
    0
    0
    0
    0
    0
    0
    0
    0
    0
    0
    0
    0
    0
    0
    0
    0
    0
    0
    0
    0
    0
    0
    0
    0
    0
    0
    0
    0
    0
    0
    0
    0
    0
    0
    0
    0
    0
    0
    0
    0
    0
    0
    0
    0
    0
    0
    0
    0
    0
    0
    0
    0
    0
    0
    0
    0
    0
    0
    0
    0
    0
    0
    0
    0
    0
    0
    0
    0
    0
    0
    0
    0
    0
    0
    0
    0
    0
    0
    0
    0
    0
    0
    0
    0
    0
    0
    0
    0
    0
    0
    0
    0
    0
    0
    0
    0
    0
    0
    0
    0
    0
    0
    0
    0
    0
    0
    0
    0
    0
    0
    0
    0
    0
    0
    0
    0
    0
    0
    0
    0
    0
    0
    0
    0
    0
    0
    0
    0
    0
    0
    0
    0
    0
    0
    0
    0
    0
    0
    0
    0
    0
    0
    0
    0
    0
    0
    0
    0
    0
    0
    0
    0
    0
    0
    0
    0
    0
    0
    0
    0
    0
    0
    0
    0
    0
    0
    0
    0
    0
    0
    0
    0
    0
    0
    0
    0
    0
    0
    0
    0
    0
    0
    0
    0
    0
    0
    0
    0
    0
    0
    0
    0
    0
    0
    0
    0
    0
    0
    0
    0
    0
    0
    0
    0
    0
    0
    0
    0
    0
    0
    0
    0
    0
    0
    0
    0
    0
    0
    0
    0
    0
    0
    0
    0
    0
    0
    0
    0
    0
    0
    0
    0
    0
    0
    0
    0
    0
    0
    0
    0
    0
    0
    0
    0
    0
    0
    0
    0
    0
    0
    0
    0
    0
    0
    0
    0
    0
    0
    0
    0
    0
    0
    0
    0
    0
    0
    0
    0
    0
    0
    0
    0
    0
    0
    0
    0
    0
    0
    0
    0
    0
    0
    0
    0
    0
    0
    0
    0
    0
    0
    0
    0
    0
    0
    0
    0
    0
    0
    0
    0
    0
    0
    0
    0
    0
    0
    0
    0
    0
    0
    0
    0
    0
    0
    0
    0
    0
    0
    0
    0
    0
    0
    0
    0
    0
    0
    0
    0
    0
    0
    0
    0
    0
    0
    0
    0
    0
    0
    0
    0
    0
    0
    0
    0
    0
    0
    0
    0
    0
    0
    0
    0
    0
    0
    0
    0
    0
    0
    0
    0
    0
    0
    0
    0
    0
    0
    0
    0
    0
    0
    0
    0
    0
    0
    0
    0
    0
    0
    0
    0
    0
    0
    0
    0
    0
    0
    0
    0
    0
    0
    0
    0
    0
    0
    0
    0
    0
    0
    0
    0
    0
    0
    0
    0
    0
    0
    0
    0
    0
    0
    0
    0
    0
    0
    0
    0
    0
    0
    0
    0
    0
    0
    0
    0
    0
    0
    0
    0
    0
    0
    0
    0
    0
    0
    0
    0
    0
    0
    0
    0
    0
    0
    0
    0
    0
    0
    0
    0
    0
    0
    0
    0
    0
    0
    0
    0
    0
    0
    0
    0
    0
    0
    0
    0
    0
    0
    0
    0
    0
    0
    0
    0
    0
    0
    0
    0
    0
    0
    0
    0
    0
    0
    0
    0
    0
    0
    0
    0
    0
    0
    0
    0
    0
    0
    0
    0
    0
    0
    0
    0
    0
    0
    0
    0
    0
    0
    0
    0
    0
    0
    0
    0
    0
    0
    0
    0
    0
    0
    0
    0
    0
    0
    0
    0
    0
    0
    0
    0
    0
    0
    0
    0
    0
    0
    0
    0
    0
    0
    0
    0
    0
    0
    0
    0
    0
    0
    0
    0
    0
    0
    0
    0
    0
    0
    0
    0
    0
    0
    0
    0
    0
    0
    0
    0
    0
    0
    0
    0
    0
    0
    0
    0
    0
    0
    0
    0
    0
    0
    0
    0
    0
    0
    0
    0
    0
    0
    0
    0
    0
    0
    0
    0
    0
    0
    0
    0
    0
    0
    0
    0
    0
    0
    0
    0
    0
    0
    0
    0
    0
    0
    0
    0
    0
    0
    0
    0
    0
    0
    0
    0
    0
    0
    0
    0
    0
    0
    0
    0
    0
    0
    0
    0
    0
    0
    0
    0
    0
    0
    0
    0
    0
    0
    0
    0
    0
    0
    0
    0
    0
    0
    0
    0
    0
    0
    0
    0
    0
    0
    0
    0
    0
    0
    0
    0
    0
    0
    0
    0
    0
    0
    0
    0
    0
    0
    0
    0
    0
    0
    0
    0
    0
    0
    0
    0
    0
    0
    0
    0
    0
    0
    0
    0
    0
    0
    0
    0
    0
    0
    0
    0
    0
    0
    0
    0
    0
    0
    0
    0
    0
    0
    0
    0
    0
    0
    0
    0
    0
    0
    0
    0
    0
    0
    0
    0
    0
    0
    0
    0
    0
    0
    0
    0
    0
    0
    0
    0
    0
    0
    0
    0
    0
    0
    0
    0
    0
    0
    0
    0
    0
    0
    0
    0
    0
    0
    0
    0
    0
    0
    0
    0
    0
    0
    0
    0
    0
    0
    0
    0
    0
    0
    0
    0
    0
    0
    0
    0
    0
    0
    0
    0
    0
    0
    0
    0
    0
    0
    0
    0
    0
    0
    0
    0
    0
    0
    0
    0
    0
    0
    0
    0
    0
    0
    0
    0
    0
    0
    0
    0
    0
    0
    0
    0
    0
    0
    0
    0
    0
    0
    0
    0
    0
    0
    0
    0
    0
    0
    0
    0
    0
    0
    0
    0
    0
    0
    0
    0
    0
    0
    0
    0
    0
    0
    0
    0
    0
    0
    0
    0
    0
    0
    0
    0
    0
    0
    0
    0
    0
    0
    0
    0
    0
    0
    0
    0
    0
    0
    0
    0
    0
    0
    0
    0
    0
    0
    0
    0
    0
    0
    0
    0
    0
    0
    0
    0
    0
    0
    0
    0
    0
    0
    0
    0
    0
    0
    0
    0
    0
    0
    0
    0
    0
    0
    0
    0
    0
    0
    0
    0
    0
    0
    0
    0
    0
    0
    0
    0
    0
    0
    0
    0
    0
    0
    0
    0
    0
    0
    0
    0
    0
    0
    0
    0
    0
    0
    0
    0
    0
    0
    0
    0
    0
    0
    0
    0
    0
    0
    0
    0
    0
    0
    0
    0
    0
    0
    0
    0
    0
    0
    0
    0
    0
    0
    0
    0
    0
    0
    0
    0
    0
    0
    0
    0
    0
    0
    0
    0
    0
    0
    0
    0
    0
    0
    0
    0
    0
    0
    0
    0
    0
    0
    0
    0
    0
    0
    0
    0
    0
    0
    0
    0
    0
    0
    0
    0
    0
    0
    0
    0
    0
    0
    0
    0
    0
    0
    0
    0
    0
    0
    0
    0
    0
    0
    0
    0
    0
    0
    0
    0
    0
    0
    0
    0
    0
    0
    0
    0
    0
    0
    0
    0
    0
    0
    0
    0
    0
    0
    0
    0
    0
    0
    0
    0
    0
    0
    0
    0
    0
    0
    0
    0
    0
    0
    0
    0
    0
    0
    0
    0
    0
    0
    0
    0
    0
    0
    0
    0
    0
    0
    0
    0
    0
    0
    0
    0
    0
    0
    0
    0
    0
    0
    0
    0
    0
    0
    0
    0
    0
    0
    0
    0
    0
    0
    0
    0
    0
    0
    0
    0
    0
    0
    0
    0
    0
    0
    0
    0
    0
    0
    0
    0
    0
    0
    0
    0
    0
    0
    0
    0
    0
    0
    0
    0
    0
    0
    0
    0
    0
    0
    0
    0
    0
    0
    0
    0
    0
    0
    0
    0
    0
    0
    0
    0
    0
    0
    0
