Project Info:
    ACQ Time: 2019- 9-24   9:29:10: 765 .
    Project: tq左侧足三里（加深红药水）
    Name: 
    Part:  
    Operator:  
    Desc.:  
    Sample Data Acquired.

ACQ Parameters:
    Excited Peroid(ms): 50
    Excited Time(ms): 10
    Acq Delay Time(us): 10
    Gate Time(ms): 20
    Count Num per gate: 100
    Repeat Times: 50
    Acq Gate Times: 1
    Interval per Gate(us): 100
    Channel Number: 2

Data:
    420
    373
    320
    305
    237
    220
    235
    200
    192
    181
    161
    163
    163
    133
    109
    129
    137
    102
    101
    97
    97
    100
    73
    86
    73
    79
    74
    63
    75
    58
    41
    74
    60
    54
    44
    42
    34
    53
    49
    60
    32
    33
    35
    51
    28
    41
    35
    27
    20
    25
    16
    17
    12
    29
    23
    26
    25
    16
    21
    13
    18
    19
    29
    16
    15
    16
    14
    11
    14
    10
    12
    14
    11
    12
    16
    14
    10
    9
    12
    11
    8
    7
    13
    7
    10
    8
    10
    6
    11
    9
    4
    5
    5
    7
    10
    10
    11
    6
    3
    7
    365
    347
    336
    289
    271
    246
    212
    174
    177
    180
    172
    144
    144
    152
    125
    143
    119
    126
    119
    91
    86
    88
    83
    80
    71
    70
    72
    68
    84
    63
    66
    60
    51
    42
    53
    57
    55
    52
    56
    30
    41
    46
    42
    41
    37
    41
    28
    21
    31
    35
    39
    21
    22
    28
    22
    35
    22
    29
    13
    23
    12
    18
    19
    17
    9
    17
    12
    15
    13
    15
    21
    13
    15
    8
    14
    13
    15
    20
    16
    8
    11
    12
    9
    6
    11
    7
    12
    16
    7
    6
    15
    9
    9
    1
    11
    9
    7
    7
    7
    6
    367
    345
    299
    311
    261
    232
    208
    239
    225
    162
    171
    156
    169
    146
    117
    133
    102
    101
    103
    98
    87
    90
    89
    97
    63
    84
    67
    67
    59
    66
    76
    69
    49
    58
    55
    47
    42
    38
    37
    31
    47
    41
    32
    51
    30
    29
    51
    33
    30
    20
    31
    28
    20
    19
    27
    20
    18
    25
    24
    16
    20
    21
    16
    15
    24
    17
    20
    15
    15
    15
    14
    14
    14
    17
    17
    12
    8
    6
    13
    7
    13
    8
    14
    8
    8
    6
    9
    7
    11
    9
    6
    5
    6
    8
    4
    10
    2
    5
    7
    6
    381
    374
    308
    296
    259
    221
    220
    188
    187
    164
    164
    190
    170
    140
    117
    110
    126
    106
    120
    110
    95
    96
    90
    80
    91
    56
    93
    82
    68
    57
    55
    51
    67
    56
    47
    47
    48
    50
    39
    40
    42
    38
    30
    39
    40
    42
    32
    27
    40
    27
    28
    32
    23
    30
    28
    22
    26
    19
    28
    21
    19
    12
    14
    19
    20
    17
    21
    6
    13
    8
    14
    19
    15
    17
    13
    14
    12
    8
    6
    6
    9
    12
    12
    6
    10
    10
    5
    10
    22
    11
    5
    4
    12
    7
    6
    11
    6
    5
    10
    4
    366
    323
    307
    258
    253
    221
    222
    175
    188
    178
    158
    159
    136
    125
    125
    147
    104
    98
    101
    114
    103
    88
    91
    87
    82
    90
    74
    79
    56
    58
    67
    62
    60
    62
    62
    41
    45
    24
    51
    49
    35
    34
    27
    33
    31
    30
    27
    35
    36
    34
    23
    27
    28
    25
    21
    23
    31
    18
    23
    16
    16
    24
    22
    20
    25
    13
    20
    12
    9
    10
    11
    10
    14
    21
    5
    14
    11
    14
    17
    14
    8
    10
    10
    6
    11
    1
    12
    10
    9
    12
    9
    5
    5
    11
    9
    12
    8
    4
    3
    5
    360
    330
    306
    279
    267
    229
    212
    204
    196
    162
    159
    163
    151
    159
    113
    121
    131
    120
    129
    101
    100
    78
    101
    94
    73
    78
    81
    82
    64
    67
    64
    52
    62
    59
    48
    56
    42
    44
    48
    47
    43
    37
    38
    34
    37
    32
    24
    41
    29
    26
    28
    20
    32
    22
    29
    20
    17
    22
    22
    15
    29
    16
    14
    21
    12
    14
    25
    18
    17
    15
    20
    13
    18
    11
    14
    14
    11
    9
    17
    7
    8
    9
    9
    12
    12
    18
    15
    8
    11
    9
    6
    9
    8
    8
    14
    6
    1
    11
    8
    10
    365
    370
    310
    286
    232
    216
    227
    209
    189
    194
    200
    170
    156
    136
    123
    123
    131
    125
    104
    119
    96
    110
    98
    70
    80
    78
    71
    70
    75
    65
    72
    64
    66
    55
    58
    52
    44
    42
    42
    35
    37
    33
    46
    47
    37
    27
    31
    35
    36
    29
    31
    26
    33
    21
    19
    21
    24
    29
    29
    23
    24
    18
    21
    23
    23
    26
    21
    20
    14
    11
    9
    9
    19
    19
    13
    15
    8
    9
    8
    16
    16
    5
    11
    11
    9
    6
    9
    12
    11
    4
    7
    11
    13
    8
    6
    7
    6
    13
    7
    5
    369
    349
    283
    257
    237
    226
    215
    207
    186
    190
    162
    152
    157
    150
    136
    132
    106
    103
    81
    97
    92
    102
    88
    96
    75
    85
    75
    50
    75
    63
    58
    65
    43
    58
    61
    38
    41
    48
    51
    38
    43
    37
    36
    28
    23
    24
    29
    24
    27
    25
    34
    33
    29
    23
    13
    21
    27
    30
    18
    18
    26
    21
    16
    18
    19
    16
    18
    13
    17
    13
    14
    9
    23
    21
    12
    14
    10
    19
    10
    19
    13
    10
    16
    9
    6
    10
    5
    9
    6
    6
    9
    5
    9
    12
    3
    9
    6
    5
    7
    6
    404
    354
    281
    275
    251
    232
    242
    197
    180
    172
    160
    135
    148
    131
    132
    133
    114
    134
    102
    124
    93
    79
    83
    92
    80
    72
    91
    77
    71
    59
    65
    67
    55
    58
    49
    54
    49
    45
    49
    46
    43
    38
    52
    31
    34
    39
    24
    18
    32
    22
    27
    25
    32
    31
    23
    26
    30
    21
    21
    18
    21
    19
    25
    23
    15
    22
    21
    15
    10
    18
    14
    15
    12
    14
    18
    19
    12
    9
    12
    10
    13
    10
    15
    10
    13
    7
    6
    3
    5
    9
    12
    12
    12
    6
    8
    12
    6
    10
    16
    8
    413
    348
    317
    270
    277
    248
    222
    218
    181
    168
    191
    155
    155
    150
    139
    127
    116
    119
    132
    107
    92
    104
    90
    82
    87
    77
    68
    63
    69
    71
    57
    64
    76
    57
    62
    47
    56
    32
    43
    34
    44
    43
    35
    48
    44
    39
    35
    36
    33
    24
    35
    33
    22
    29
    30
    23
    26
    27
    18
    24
    16
    27
    21
    25
    21
    22
    12
    16
    11
    11
    19
    15
    11
    16
    13
    19
    9
    20
    10
    15
    9
    17
    12
    11
    15
    11
    6
    6
    10
    7
    6
    10
    13
    6
    9
    11
    5
    9
    12
    7
    382
    351
    316
    275
    220
    240
    227
    207
    189
    176
    185
    181
    160
    130
    132
    140
    118
    110
    125
    90
    122
    85
    85
    92
    67
    92
    80
    85
    54
    84
    79
    57
    53
    50
    53
    51
    39
    44
    49
    37
    53
    47
    42
    43
    39
    35
    40
    38
    34
    34
    29
    26
    27
    24
    22
    25
    19
    17
    20
    14
    24
    17
    29
    24
    13
    11
    18
    16
    16
    23
    8
    26
    15
    13
    18
    13
    8
    18
    20
    12
    12
    7
    8
    12
    7
    7
    14
    7
    9
    8
    7
    9
    11
    9
    10
    12
    5
    11
    3
    7
    350
    375
    292
    268
    255
    227
    257
    202
    204
    171
    171
    169
    152
    145
    152
    160
    109
    117
    122
    100
    84
    91
    89
    76
    76
    80
    66
    76
    66
    72
    58
    68
    62
    60
    44
    56
    58
    55
    49
    48
    35
    45
    41
    40
    37
    46
    38
    38
    42
    33
    43
    17
    33
    19
    27
    22
    23
    32
    21
    23
    20
    30
    16
    17
    14
    14
    18
    22
    15
    20
    7
    7
    12
    16
    15
    17
    9
    7
    9
    7
    12
    12
    13
    9
    5
    6
    7
    10
    8
    8
    7
    6
    4
    5
    7
    3
    9
    9
    6
    7
    373
    326
    300
    262
    259
    244
    213
    222
    175
    174
    148
    158
    143
    138
    131
    112
    113
    115
    117
    93
    120
    88
    99
    92
    80
    77
    62
    89
    67
    59
    63
    64
    49
    59
    57
    69
    58
    39
    56
    47
    45
    32
    33
    46
    44
    24
    32
    31
    29
    31
    20
    31
    26
    14
    21
    31
    23
    22
    28
    34
    18
    17
    18
    13
    20
    8
    18
    12
    16
    7
    18
    11
    9
    14
    11
    11
    11
    15
    13
    10
    10
    13
    9
    12
    9
    13
    7
    8
    12
    17
    11
    13
    9
    13
    7
    5
    10
    7
    4
    8
    376
    372
    295
    291
    254
    224
    216
    185
    171
    177
    175
    156
    159
    144
    117
    135
    146
    86
    108
    99
    84
    100
    88
    86
    80
    89
    79
    63
    70
    52
    72
    52
    56
    54
    43
    44
    52
    53
    40
    40
    53
    42
    52
    41
    37
    31
    30
    42
    27
    26
    30
    25
    21
    21
    34
    23
    27
    29
    20
    22
    12
    27
    25
    19
    24
    21
    21
    17
    20
    13
    14
    19
    17
    14
    14
    12
    12
    6
    9
    6
    7
    11
    9
    16
    6
    11
    13
    10
    6
    9
    7
    7
    7
    5
    3
    7
    13
    9
    7
    4
    359
    344
    290
    283
    259
    244
    225
    221
    173
    181
    173
    164
    134
    167
    139
    137
    131
    112
    120
    97
    113
    91
    72
    82
    79
    73
    91
    73
    81
    56
    51
    73
    56
    54
    39
    38
    50
    52
    36
    43
    35
    52
    50
    29
    36
    24
    51
    35
    26
    34
    40
    21
    21
    30
    23
    15
    33
    24
    29
    29
    23
    14
    23
    15
    17
    19
    15
    20
    17
    15
    10
    14
    15
    15
    11
    11
    14
    7
    18
    10
    12
    8
    10
    9
    10
    6
    12
    12
    7
    10
    12
    8
    8
    3
    5
    6
    3
    9
    10
    8
    380
    330
    301
    302
    270
    243
    216
    231
    199
    159
    181
    148
    161
    144
    131
    138
    107
    118
    115
    116
    95
    116
    95
    93
    89
    72
    72
    74
    76
    77
    67
    59
    63
    63
    48
    46
    48
    39
    52
    43
    50
    43
    39
    48
    32
    32
    36
    26
    24
    28
    33
    35
    30
    30
    22
    22
    26
    24
    19
    21
    21
    18
    21
    13
    23
    20
    13
    22
    18
    19
    13
    12
    12
    12
    15
    16
    16
    8
    15
    6
    14
    10
    15
    11
    8
    9
    8
    16
    6
    10
    14
    14
    8
    10
    7
    11
    7
    8
    4
    10
    373
    318
    302
    255
    261
    234
    210
    229
    210
    172
    179
    162
    153
    165
    124
    127
    143
    127
    112
    104
    117
    91
    112
    77
    81
    83
    66
    72
    56
    68
    65
    46
    45
    55
    53
    56
    46
    43
    41
    39
    37
    44
    48
    29
    43
    35
    29
    34
    33
    35
    29
    33
    31
    35
    23
    24
    22
    21
    15
    15
    20
    17
    26
    21
    18
    17
    24
    18
    19
    12
    11
    21
    18
    11
    12
    9
    9
    11
    12
    9
    14
    13
    11
    13
    18
    8
    8
    10
    9
    7
    12
    9
    12
    8
    6
    6
    6
    12
    7
    6
    393
    376
    329
    309
    273
    236
    240
    229
    183
    180
    170
    166
    153
    144
    131
    133
    108
    128
    119
    111
    119
    104
    79
    89
    97
    79
    75
    80
    93
    81
    61
    58
    72
    54
    45
    57
    43
    45
    57
    53
    42
    31
    33
    48
    35
    35
    32
    31
    28
    42
    29
    27
    26
    35
    21
    25
    18
    41
    21
    21
    24
    18
    28
    23
    15
    21
    17
    15
    12
    14
    11
    21
    19
    15
    8
    17
    17
    10
    15
    16
    9
    10
    13
    8
    17
    9
    12
    8
    13
    7
    7
    5
    10
    6
    14
    12
    6
    8
    6
    6
    383
    336
    295
    288
    269
    254
    198
    216
    193
    197
    161
    180
    146
    147
    139
    102
    128
    127
    115
    94
    89
    99
    83
    85
    84
    85
    78
    81
    73
    63
    71
    54
    69
    51
    53
    64
    51
    48
    51
    46
    64
    53
    46
    44
    33
    28
    28
    28
    29
    29
    39
    33
    33
    42
    30
    20
    29
    27
    21
    21
    29
    24
    17
    13
    16
    19
    20
    15
    14
    16
    15
    12
    12
    10
    14
    8
    15
    20
    12
    5
    8
    21
    9
    10
    13
    6
    9
    11
    10
    9
    9
    8
    8
    8
    14
    6
    11
    9
    6
    6
    398
    333
    305
    293
    267
    250
    260
    225
    210
    192
    195
    163
    152
    141
    145
    151
    120
    131
    114
    84
    119
    89
    104
    90
    88
    86
    70
    80
    82
    55
    62
    54
    57
    55
    63
    51
    46
    54
    42
    44
    36
    42
    49
    42
    45
    52
    37
    40
    33
    30
    29
    19
    26
    31
    31
    21
    23
    18
    22
    24
    17
    29
    21
    23
    26
    21
    21
    23
    21
    15
    20
    13
    16
    12
    23
    11
    21
    12
    9
    10
    13
    7
    11
    10
    7
    7
    10
    14
    14
    22
    6
    8
    9
    6
    8
    2
    9
    13
    8
    9
    399
    385
    328
    308
    264
    233
    211
    181
    198
    179
    162
    175
    142
    146
    136
    147
    91
    120
    125
    98
    100
    104
    91
    98
    100
    87
    73
    75
    82
    70
    60
    65
    57
    59
    54
    49
    62
    52
    54
    52
    50
    53
    42
    42
    37
    40
    54
    36
    29
    25
    29
    31
    25
    33
    26
    24
    22
    25
    15
    28
    20
    21
    24
    19
    12
    19
    24
    19
    19
    22
    15
    12
    15
    9
    16
    13
    15
    9
    13
    10
    16
    19
    6
    13
    11
    11
    2
    16
    12
    10
    10
    11
    7
    7
    5
    10
    6
    11
    5
    5
    413
    354
    312
    278
    271
    245
    240
    179
    200
    165
    167
    179
    162
    135
    138
    134
    121
    109
    126
    100
    103
    87
    82
    90
    69
    77
    77
    63
    79
    61
    55
    64
    78
    64
    49
    51
    46
    54
    44
    51
    42
    39
    42
    47
    33
    41
    33
    35
    22
    40
    27
    34
    31
    32
    29
    31
    22
    27
    18
    35
    23
    23
    22
    18
    19
    21
    7
    14
    18
    18
    12
    16
    13
    8
    12
    14
    14
    12
    7
    14
    15
    20
    9
    7
    9
    13
    16
    12
    6
    10
    8
    5
    4
    9
    13
    9
    4
    10
    7
    8
    389
    358
    337
    261
    252
    239
    216
    202
    164
    171
    171
    154
    139
    140
    170
    157
    125
    146
    100
    104
    112
    85
    86
    81
    94
    73
    71
    82
    64
    70
    64
    64
    52
    76
    64
    53
    49
    49
    67
    41
    47
    41
    41
    41
    39
    36
    40
    27
    21
    26
    24
    38
    24
    29
    30
    23
    21
    32
    19
    23
    26
    19
    37
    21
    18
    16
    19
    25
    19
    16
    20
    12
    12
    17
    11
    12
    13
    18
    15
    9
    11
    6
    12
    12
    9
    11
    14
    9
    12
    10
    10
    14
    7
    9
    7
    7
    9
    4
    14
    13
    382
    351
    297
    316
    246
    218
    230
    212
    192
    166
    177
    161
    147
    154
    127
    136
    107
    104
    106
    123
    124
    85
    85
    84
    99
    81
    72
    85
    70
    63
    65
    64
    66
    64
    60
    64
    48
    49
    54
    46
    33
    27
    40
    42
    27
    30
    37
    30
    30
    33
    22
    35
    27
    29
    17
    35
    19
    23
    27
    22
    24
    19
    23
    22
    14
    23
    18
    13
    12
    17
    14
    23
    16
    11
    15
    19
    14
    19
    13
    11
    14
    9
    10
    8
    17
    14
    7
    13
    12
    10
    12
    11
    10
    5
    5
    6
    10
    9
    7
    8
    404
    347
    342
    276
    273
    244
    228
    208
    193
    166
    169
    162
    158
    133
    132
    124
    136
    119
    98
    102
    109
    103
    103
    94
    92
    78
    74
    69
    73
    57
    64
    62
    59
    64
    61
    53
    44
    48
    54
    56
    40
    43
    40
    35
    36
    33
    36
    34
    27
    40
    27
    27
    31
    29
    23
    27
    27
    16
    31
    19
    20
    24
    21
    20
    11
    19
    21
    17
    17
    14
    12
    20
    23
    12
    11
    13
    10
    11
    19
    7
    12
    10
    12
    12
    8
    11
    14
    15
    5
    10
    11
    9
    6
    7
    11
    10
    8
    5
    5
    7
    372
    332
    330
    273
    250
    224
    247
    195
    208
    184
    171
    145
    145
    150
    136
    128
    134
    129
    114
    106
    96
    91
    94
    99
    97
    88
    79
    62
    54
    70
    62
    71
    69
    69
    54
    51
    62
    58
    44
    51
    47
    44
    36
    28
    36
    43
    33
    34
    34
    23
    31
    27
    27
    27
    25
    18
    24
    25
    20
    23
    29
    23
    23
    25
    22
    22
    14
    19
    20
    21
    14
    14
    17
    16
    14
    12
    12
    12
    11
    13
    11
    7
    10
    16
    11
    10
    12
    8
    9
    9
    8
    9
    6
    9
    9
    7
    12
    13
    5
    10
    394
    365
    321
    277
    282
    254
    224
    176
    178
    188
    185
    161
    166
    117
    132
    122
    120
    98
    107
    109
    112
    106
    94
    81
    80
    75
    78
    73
    70
    81
    64
    61
    61
    66
    60
    54
    61
    46
    61
    44
    48
    50
    41
    40
    38
    39
    38
    41
    27
    25
    34
    27
    39
    32
    25
    24
    30
    21
    22
    23
    12
    24
    22
    20
    17
    13
    21
    12
    17
    22
    18
    15
    24
    17
    15
    13
    11
    14
    12
    12
    8
    10
    19
    11
    13
    10
    12
    14
    12
    6
    10
    6
    10
    14
    3
    11
    9
    5
    6
    8
    381
    376
    287
    295
    257
    241
    200
    206
    202
    176
    161
    162
    164
    153
    147
    130
    107
    129
    94
    106
    90
    97
    82
    74
    87
    84
    85
    84
    65
    65
    69
    68
    62
    72
    66
    47
    50
    52
    50
    42
    54
    43
    46
    46
    38
    36
    28
    47
    30
    36
    24
    30
    27
    33
    31
    19
    16
    18
    19
    30
    26
    23
    22
    14
    21
    27
    9
    24
    14
    19
    24
    11
    21
    12
    16
    14
    11
    11
    13
    10
    17
    13
    14
    11
    9
    14
    17
    13
    10
    9
    14
    8
    9
    9
    7
    11
    13
    5
    4
    8
    402
    373
    313
    273
    251
    246
    207
    219
    183
    161
    161
    154
    137
    149
    135
    145
    128
    118
    103
    120
    97
    99
    87
    76
    82
    67
    55
    68
    87
    76
    69
    50
    58
    54
    53
    37
    44
    41
    41
    47
    40
    50
    37
    43
    40
    32
    40
    39
    25
    39
    34
    39
    30
    29
    30
    30
    23
    16
    21
    20
    25
    24
    18
    24
    22
    22
    16
    16
    21
    18
    15
    13
    23
    16
    15
    14
    24
    12
    13
    13
    16
    15
    12
    15
    9
    8
    14
    12
    10
    12
    8
    9
    6
    7
    11
    7
    4
    11
    12
    7
    380
    353
    354
    274
    269
    225
    213
    241
    196
    198
    168
    152
    149
    138
    139
    148
    130
    112
    107
    97
    104
    88
    99
    86
    103
    66
    98
    66
    66
    67
    80
    72
    59
    53
    61
    52
    53
    57
    44
    43
    48
    39
    44
    39
    51
    37
    34
    33
    35
    37
    31
    28
    27
    23
    27
    25
    23
    30
    31
    23
    19
    27
    18
    19
    15
    11
    20
    15
    16
    20
    14
    8
    25
    16
    16
    12
    13
    11
    12
    5
    7
    12
    15
    6
    9
    11
    4
    9
    4
    9
    13
    14
    13
    10
    7
    5
    6
    13
    3
    8
    369
    377
    325
    280
    246
    251
    220
    197
    199
    189
    179
    154
    170
    150
    126
    148
    118
    107
    117
    95
    110
    100
    111
    102
    78
    70
    64
    76
    67
    66
    81
    70
    67
    59
    56
    53
    54
    53
    62
    44
    46
    48
    42
    40
    45
    29
    52
    25
    37
    40
    39
    34
    32
    12
    19
    24
    22
    16
    29
    33
    13
    21
    13
    21
    11
    21
    17
    12
    17
    12
    15
    13
    15
    16
    21
    14
    10
    12
    11
    10
    12
    12
    7
    10
    13
    4
    18
    9
    4
    9
    4
    7
    10
    8
    4
    7
    12
    9
    7
    7
    426
    380
    328
    256
    288
    217
    226
    187
    223
    161
    189
    176
    172
    145
    143
    126
    128
    113
    95
    116
    103
    102
    97
    93
    85
    81
    101
    82
    71
    72
    60
    58
    68
    62
    62
    73
    58
    58
    59
    48
    44
    37
    38
    39
    39
    37
    37
    39
    28
    36
    33
    33
    37
    27
    32
    30
    35
    25
    17
    17
    13
    17
    25
    20
    16
    22
    28
    22
    17
    18
    17
    18
    16
    12
    17
    25
    18
    14
    19
    18
    12
    17
    14
    9
    14
    11
    9
    18
    8
    12
    16
    10
    12
    13
    11
    15
    7
    5
    3
    10
    383
    366
    319
    266
    274
    223
    242
    214
    193
    199
    169
    168
    157
    160
    145
    135
    129
    128
    130
    115
    89
    97
    102
    85
    80
    82
    74
    97
    76
    76
    76
    57
    52
    73
    73
    55
    53
    53
    50
    46
    38
    47
    46
    46
    44
    41
    36
    29
    34
    30
    29
    32
    26
    27
    29
    27
    30
    27
    24
    24
    26
    13
    24
    23
    15
    18
    21
    25
    21
    16
    19
    18
    14
    14
    18
    23
    16
    10
    9
    13
    15
    8
    7
    9
    9
    11
    9
    12
    7
    13
    11
    13
    6
    7
    6
    9
    9
    9
    5
    2
    377
    336
    309
    289
    268
    223
    217
    215
    184
    171
    178
    166
    150
    159
    144
    146
    118
    113
    120
    105
    94
    102
    95
    83
    85
    75
    83
    79
    83
    58
    53
    67
    64
    62
    59
    47
    30
    49
    52
    41
    51
    44
    54
    46
    48
    46
    41
    40
    31
    31
    31
    26
    28
    21
    32
    24
    25
    18
    16
    20
    16
    19
    9
    14
    26
    16
    11
    20
    12
    15
    18
    15
    11
    16
    15
    11
    13
    8
    7
    12
    7
    16
    9
    13
    10
    6
    6
    5
    5
    12
    10
    11
    17
    8
    9
    7
    9
    15
    8
    6
    353
    396
    329
    266
    280
    242
    228
    211
    201
    182
    187
    179
    160
    142
    118
    133
    121
    133
    116
    114
    95
    110
    86
    90
    93
    81
    71
    87
    58
    61
    60
    43
    64
    57
    53
    46
    48
    51
    52
    38
    59
    35
    44
    34
    44
    29
    36
    30
    28
    33
    27
    26
    21
    23
    28
    26
    26
    13
    20
    29
    20
    25
    21
    17
    22
    18
    14
    17
    19
    14
    19
    14
    13
    10
    13
    11
    10
    10
    17
    10
    11
    10
    13
    13
    16
    14
    10
    13
    7
    14
    7
    9
    12
    6
    12
    11
    12
    5
    8
    11
    384
    367
    288
    280
    248
    220
    199
    210
    177
    191
    160
    144
    166
    153
    129
    138
    126
    116
    122
    110
    91
    101
    96
    78
    95
    80
    76
    78
    70
    71
    70
    56
    63
    59
    62
    61
    65
    53
    57
    46
    39
    55
    40
    37
    46
    29
    40
    33
    35
    31
    29
    33
    28
    23
    18
    20
    24
    17
    26
    22
    21
    28
    29
    14
    16
    27
    12
    12
    14
    20
    19
    16
    17
    10
    10
    14
    16
    10
    16
    13
    6
    16
    7
    9
    11
    17
    14
    14
    8
    13
    12
    9
    7
    5
    9
    12
    5
    6
    7
    9
    358
    328
    295
    254
    256
    207
    246
    203
    214
    172
    165
    170
    159
    146
    123
    130
    128
    109
    100
    114
    93
    87
    120
    93
    73
    83
    78
    91
    70
    71
    57
    65
    59
    70
    63
    61
    68
    57
    52
    48
    46
    52
    31
    35
    42
    41
    27
    27
    33
    37
    31
    31
    30
    30
    22
    29
    26
    24
    30
    33
    19
    17
    18
    22
    21
    15
    22
    17
    22
    17
    27
    20
    17
    19
    10
    14
    13
    17
    6
    11
    10
    8
    11
    10
    10
    9
    15
    12
    9
    7
    16
    10
    7
    5
    13
    10
    13
    8
    6
    3
    378
    329
    300
    280
    274
    234
    222
    190
    206
    190
    175
    151
    152
    112
    126
    135
    127
    106
    110
    109
    106
    98
    117
    105
    75
    106
    76
    69
    80
    77
    61
    71
    75
    61
    58
    72
    53
    46
    43
    48
    33
    51
    52
    34
    28
    43
    37
    40
    22
    32
    27
    30
    32
    21
    27
    19
    25
    24
    20
    23
    16
    27
    21
    19
    17
    13
    18
    15
    24
    15
    18
    19
    13
    10
    17
    16
    13
    12
    11
    11
    11
    8
    10
    10
    10
    13
    13
    13
    14
    11
    6
    8
    11
    15
    8
    8
    6
    6
    9
    4
    382
    403
    286
    278
    267
    224
    240
    217
    200
    170
    185
    176
    146
    121
    147
    127
    114
    118
    115
    103
    91
    100
    92
    76
    77
    82
    83
    87
    65
    63
    65
    64
    53
    53
    67
    61
    48
    49
    51
    44
    49
    35
    40
    52
    40
    34
    40
    30
    31
    35
    31
    29
    25
    30
    26
    33
    27
    21
    18
    21
    26
    25
    24
    24
    18
    26
    21
    19
    14
    12
    21
    15
    12
    16
    21
    9
    16
    10
    14
    10
    12
    17
    10
    7
    14
    8
    16
    14
    10
    8
    5
    5
    7
    8
    10
    6
    5
    10
    11
    10
    401
    354
    333
    298
    281
    239
    200
    183
    194
    181
    153
    172
    133
    173
    134
    122
    124
    120
    117
    112
    114
    100
    98
    75
    79
    80
    99
    92
    70
    78
    57
    65
    60
    63
    59
    42
    54
    51
    49
    47
    52
    53
    30
    31
    37
    43
    50
    36
    33
    32
    31
    30
    27
    23
    31
    24
    30
    26
    21
    24
    26
    18
    20
    13
    16
    19
    21
    21
    11
    8
    7
    16
    9
    16
    17
    10
    14
    17
    13
    20
    8
    10
    9
    11
    13
    11
    7
    11
    16
    13
    11
    9
    12
    5
    15
    10
    4
    7
    5
    4
    368
    344
    294
    278
    218
    231
    232
    198
    212
    194
    167
    186
    153
    153
    135
    115
    125
    104
    109
    121
    95
    96
    83
    78
    98
    84
    86
    90
    58
    71
    72
    56
    57
    58
    59
    50
    43
    50
    48
    41
    34
    41
    29
    37
    40
    28
    43
    35
    25
    35
    22
    29
    30
    29
    30
    33
    23
    25
    20
    19
    14
    16
    21
    20
    25
    27
    26
    19
    19
    10
    15
    15
    13
    18
    17
    10
    11
    17
    12
    9
    16
    12
    9
    15
    12
    10
    14
    12
    8
    11
    10
    5
    18
    8
    3
    8
    11
    11
    7
    10
    372
    338
    307
    314
    281
    250
    238
    205
    206
    189
    170
    165
    177
    140
    115
    133
    107
    114
    112
    103
    91
    73
    118
    90
    99
    84
    72
    91
    57
    83
    67
    58
    67
    70
    53
    52
    54
    35
    43
    42
    49
    40
    42
    33
    34
    41
    34
    37
    22
    33
    31
    35
    31
    21
    28
    27
    25
    21
    23
    18
    18
    19
    15
    15
    20
    18
    16
    16
    19
    30
    22
    19
    15
    15
    13
    17
    15
    21
    21
    16
    16
    16
    12
    8
    9
    10
    18
    12
    10
    16
    12
    8
    11
    10
    10
    4
    6
    6
    12
    8
    394
    358
    320
    300
    266
    244
    206
    208
    180
    180
    176
    170
    133
    144
    146
    148
    140
    126
    116
    121
    111
    105
    109
    94
    86
    84
    64
    78
    83
    81
    55
    50
    60
    57
    69
    56
    61
    53
    50
    39
    40
    46
    35
    42
    34
    40
    44
    31
    33
    35
    35
    39
    30
    31
    18
    25
    28
    29
    26
    18
    29
    16
    17
    22
    18
    18
    14
    18
    22
    21
    22
    16
    13
    21
    18
    11
    8
    14
    15
    8
    13
    9
    9
    12
    5
    16
    13
    10
    10
    6
    8
    11
    10
    4
    3
    9
    8
    6
    6
    9
    397
    358
    321
    279
    274
    239
    218
    219
    207
    195
    183
    164
    176
    134
    148
    122
    128
    116
    112
    115
    105
    107
    89
    76
    78
    71
    74
    84
    73
    73
    67
    58
    56
    56
    57
    58
    52
    48
    57
    42
    42
    48
    33
    38
    35
    50
    43
    33
    33
    23
    29
    35
    22
    27
    25
    26
    26
    25
    15
    21
    24
    28
    28
    22
    22
    17
    18
    18
    19
    15
    17
    16
    17
    17
    16
    10
    16
    17
    13
    15
    14
    9
    10
    5
    15
    13
    7
    9
    9
    11
    7
    8
    11
    12
    13
    12
    12
    6
    8
    8
    408
    344
    323
    270
    244
    233
    203
    219
    169
    194
    167
    150
    137
    168
    150
    116
    112
    115
    93
    105
    104
    94
    87
    96
    89
    65
    76
    71
    63
    79
    65
    63
    63
    64
    60
    58
    57
    45
    46
    49
    41
    54
    44
    41
    40
    41
    33
    34
    34
    29
    33
    27
    24
    38
    32
    21
    26
    24
    20
    21
    24
    17
    14
    22
    21
    19
    20
    22
    19
    16
    13
    17
    13
    21
    18
    20
    15
    12
    18
    14
    14
    12
    11
    12
    13
    13
    11
    6
    5
    10
    14
    11
    8
    10
    10
    8
    9
    6
    10
    9
    391
    333
    324
    260
    252
    244
    201
    205
    185
    165
    188
    180
    175
    129
    133
    131
    132
    103
    109
    118
    88
    99
    108
    86
    87
    74
    81
    82
    56
    72
    74
    85
    73
    51
    50
    62
    54
    48
    42
    40
    42
    39
    51
    29
    30
    43
    29
    37
    32
    39
    38
    34
    30
    37
    21
    33
    28
    23
    20
    15
    24
    20
    22
    25
    20
    21
    23
    28
    15
    17
    20
    10
    7
    20
    18
    19
    16
    8
    11
    15
    14
    10
    13
    22
    13
    15
    10
    14
    12
    10
    10
    10
    12
    7
    11
    10
    12
    8
    10
    16
    392
    349
    280
    242
    254
    267
    217
    189
    193
    204
    161
    170
    147
    150
    139
    122
    135
    115
    124
    132
    119
    88
    83
    92
    69
    76
    94
    66
    69
    63
    60
    70
    63
    62
    54
    55
    47
    49
    45
    46
    31
    53
    40
    41
    35
    38
    43
    31
    32
    34
    31
    28
    23
    30
    36
    23
    31
    24
    30
    27
    20
    20
    19
    23
    18
    24
    19
    13
    16
    19
    13
    19
    18
    16
    16
    17
    14
    8
    15
    9
    8
    13
    11
    8
    9
    11
    9
    9
    14
    8
    8
    8
    7
    13
    6
    8
    6
    6
    8
    7
    386
    350
    299
    275
    257
    241
    206
    188
    183
    179
    194
    161
    144
    164
    138
    117
    118
    120
    110
    108
    118
    100
    99
    92
    102
    82
    101
    77
    66
    71
    74
    63
    55
    51
    49
    47
    52
    50
    39
    38
    45
    35
    58
    34
    35
    43
    47
    42
    30
    32
    32
    14
    40
    24
    28
    23
    29
    20
    13
    26
    18
    19
    15
    26
    24
    16
    17
    10
    15
    15
    16
    12
    16
    12
    13
    13
    9
    16
    9
    11
    15
    15
    12
    6
    8
    9
    17
    13
    10
    7
    12
    10
    12
    11
    6
    7
    9
    11
    12
    9
    359
    354
    344
    290
    255
    252
    207
    212
    203
    187
    179
    157
    139
    161
    137
    124
    119
    130
    101
    98
    96
    98
    87
    86
    93
    79
    87
    72
    65
    67
    67
    64
    63
    55
    55
    62
    57
    54
    52
    63
    36
    43
    31
    37
    35
    37
    31
    38
    32
    39
    29
    23
    35
    33
    28
    32
    30
    19
    33
    23
    24
    20
    28
    17
    18
    19
    13
    22
    30
    16
    10
    25
    14
    21
    16
    15
    19
    18
    5
    12
    23
    10
    10
    13
    11
    12
    9
    12
    3
    10
    14
    10
    14
    10
    12
    6
    10
    11
    5
    5
    366
    369
    281
    281
    278
    242
    236
    194
    205
    198
    179
    154
    155
    130
    136
    136
    110
    129
    108
    109
    107
    95
    83
    86
    94
    69
    84
    58
    62
    79
    81
    57
    67
    52
    44
    51
    39
    53
    39
    45
    37
    45
    43
    43
    32
    38
    25
    44
    33
    30
    31
    20
    24
    46
    28
    28
    27
    17
    21
    29
    21
    21
    25
    21
    15
    20
    23
    17
    14
    20
    18
    17
    13
    18
    11
    11
    11
    12
    7
    10
    16
    14
    12
    8
    8
    6
    6
    12
    11
    7
    7
    9
    8
    11
    8
    8
    7
    11
    10
    10

Data:
    0
    0
    0
    0
    0
    0
    0
    0
    0
    0
    0
    0
    0
    0
    0
    0
    0
    0
    0
    0
    0
    0
    0
    0
    0
    0
    0
    0
    0
    0
    0
    0
    0
    0
    0
    0
    0
    0
    0
    0
    0
    0
    0
    0
    0
    0
    0
    0
    0
    0
    0
    0
    0
    0
    0
    0
    0
    0
    0
    0
    0
    0
    0
    0
    0
    0
    0
    0
    0
    0
    0
    0
    0
    0
    0
    0
    0
    0
    0
    0
    0
    0
    0
    0
    0
    0
    0
    0
    0
    0
    0
    0
    0
    0
    0
    0
    0
    0
    0
    0
    0
    0
    0
    0
    0
    0
    0
    0
    0
    0
    0
    0
    0
    0
    0
    0
    0
    0
    0
    0
    0
    0
    0
    0
    0
    0
    0
    0
    0
    0
    0
    0
    0
    0
    0
    0
    0
    0
    0
    0
    0
    0
    0
    0
    0
    0
    0
    0
    0
    0
    0
    0
    0
    0
    0
    0
    0
    0
    0
    0
    0
    0
    0
    0
    0
    0
    0
    0
    0
    0
    0
    0
    0
    0
    0
    0
    0
    0
    0
    0
    0
    0
    0
    0
    0
    0
    0
    0
    0
    0
    0
    0
    0
    0
    0
    0
    0
    0
    0
    0
    0
    0
    0
    0
    0
    0
    0
    0
    0
    0
    0
    0
    0
    0
    0
    0
    0
    0
    0
    0
    0
    0
    0
    0
    0
    0
    0
    0
    0
    0
    0
    0
    0
    0
    0
    0
    0
    0
    0
    0
    0
    0
    0
    0
    0
    0
    0
    0
    0
    0
    0
    0
    0
    0
    0
    0
    0
    0
    0
    0
    0
    0
    0
    0
    0
    0
    0
    0
    0
    0
    0
    0
    0
    0
    0
    0
    0
    0
    0
    0
    0
    0
    0
    0
    0
    0
    0
    0
    0
    0
    0
    0
    0
    0
    0
    0
    0
    0
    0
    0
    0
    0
    0
    0
    0
    0
    0
    0
    0
    0
    0
    0
    0
    0
    0
    0
    0
    0
    0
    0
    0
    0
    0
    0
    0
    0
    0
    0
    0
    0
    0
    0
    0
    0
    0
    0
    0
    0
    0
    0
    0
    0
    0
    0
    0
    0
    0
    0
    0
    0
    0
    0
    0
    0
    0
    0
    0
    0
    0
    0
    0
    0
    0
    0
    0
    0
    0
    0
    0
    0
    0
    0
    0
    0
    0
    0
    0
    0
    0
    0
    0
    0
    0
    0
    0
    0
    0
    0
    0
    0
    0
    0
    0
    0
    0
    0
    0
    0
    0
    0
    0
    0
    0
    0
    0
    0
    0
    0
    0
    0
    0
    0
    0
    0
    0
    0
    0
    0
    0
    0
    0
    0
    0
    0
    0
    0
    0
    0
    0
    0
    0
    0
    0
    0
    0
    0
    0
    0
    0
    0
    0
    0
    0
    0
    0
    0
    0
    0
    0
    0
    0
    0
    0
    0
    0
    0
    0
    0
    0
    0
    0
    0
    0
    0
    0
    0
    0
    0
    0
    0
    0
    0
    0
    0
    0
    0
    0
    0
    0
    0
    0
    0
    0
    0
    0
    0
    0
    0
    0
    0
    0
    0
    0
    0
    0
    0
    0
    0
    0
    0
    0
    0
    0
    0
    0
    0
    0
    0
    0
    0
    0
    0
    0
    0
    0
    0
    0
    0
    0
    0
    0
    0
    0
    0
    0
    0
    0
    0
    0
    0
    0
    0
    0
    0
    0
    0
    0
    0
    0
    0
    0
    0
    0
    0
    0
    0
    0
    0
    0
    0
    0
    0
    0
    0
    0
    0
    0
    0
    0
    0
    0
    0
    0
    0
    0
    0
    0
    0
    0
    0
    0
    0
    0
    0
    0
    0
    0
    0
    0
    0
    0
    0
    0
    0
    0
    0
    0
    0
    0
    0
    0
    0
    0
    0
    0
    0
    0
    0
    0
    0
    0
    0
    0
    0
    0
    0
    0
    0
    0
    0
    0
    0
    0
    0
    0
    0
    0
    0
    0
    0
    0
    0
    0
    0
    0
    0
    0
    0
    0
    0
    0
    0
    0
    0
    0
    0
    0
    0
    0
    0
    0
    0
    0
    0
    0
    0
    0
    0
    0
    0
    0
    0
    0
    0
    0
    0
    0
    0
    0
    0
    0
    0
    0
    0
    0
    0
    0
    0
    0
    0
    0
    0
    0
    0
    0
    0
    0
    0
    0
    0
    0
    0
    0
    0
    0
    0
    0
    0
    0
    0
    0
    0
    0
    0
    0
    0
    0
    0
    0
    0
    0
    0
    0
    0
    0
    0
    0
    0
    0
    0
    0
    0
    0
    0
    0
    0
    0
    0
    0
    0
    0
    0
    0
    0
    0
    0
    0
    0
    0
    0
    0
    0
    0
    0
    0
    0
    0
    0
    0
    0
    0
    0
    0
    0
    0
    0
    0
    0
    0
    0
    0
    0
    0
    0
    0
    0
    0
    0
    0
    0
    0
    0
    0
    0
    0
    0
    0
    0
    0
    0
    0
    0
    0
    0
    0
    0
    0
    0
    0
    0
    0
    0
    0
    0
    0
    0
    0
    0
    0
    0
    0
    0
    0
    0
    0
    0
    0
    0
    0
    0
    0
    0
    0
    0
    0
    0
    0
    0
    0
    0
    0
    0
    0
    0
    0
    0
    0
    0
    0
    0
    0
    0
    0
    0
    0
    0
    0
    0
    0
    0
    0
    0
    0
    0
    0
    0
    0
    0
    0
    0
    0
    0
    0
    0
    0
    0
    0
    0
    0
    0
    0
    0
    0
    0
    0
    0
    0
    0
    0
    0
    0
    0
    0
    0
    0
    0
    0
    0
    0
    0
    0
    0
    0
    0
    0
    0
    0
    0
    0
    0
    0
    0
    0
    0
    0
    0
    0
    0
    0
    0
    0
    0
    0
    0
    0
    0
    0
    0
    0
    0
    0
    0
    0
    0
    0
    0
    0
    0
    0
    0
    0
    0
    0
    0
    0
    0
    0
    0
    0
    0
    0
    0
    0
    0
    0
    0
    0
    0
    0
    0
    0
    0
    0
    0
    0
    0
    0
    0
    0
    0
    0
    0
    0
    0
    0
    0
    0
    0
    0
    0
    0
    0
    0
    0
    0
    0
    0
    0
    0
    0
    0
    0
    0
    0
    0
    0
    0
    0
    0
    0
    0
    0
    0
    0
    0
    0
    0
    0
    0
    0
    0
    0
    0
    0
    0
    0
    0
    0
    0
    0
    0
    0
    0
    0
    0
    0
    0
    0
    0
    0
    0
    0
    0
    0
    0
    0
    0
    0
    0
    0
    0
    0
    0
    0
    0
    0
    0
    0
    0
    0
    0
    0
    0
    0
    0
    0
    0
    0
    0
    0
    0
    0
    0
    0
    0
    0
    0
    0
    0
    0
    0
    0
    0
    0
    0
    0
    0
    0
    0
    0
    0
    0
    0
    0
    0
    0
    0
    0
    0
    0
    0
    0
    0
    0
    0
    0
    0
    0
    0
    0
    0
    0
    0
    0
    0
    0
    0
    0
    0
    0
    0
    0
    0
    0
    0
    0
    0
    0
    0
    0
    0
    0
    0
    0
    0
    0
    0
    0
    0
    0
    0
    0
    0
    0
    0
    0
    0
    0
    0
    0
    0
    0
    0
    0
    0
    0
    0
    0
    0
    0
    0
    0
    0
    0
    0
    0
    0
    0
    0
    0
    0
    0
    0
    0
    0
    0
    0
    0
    0
    0
    0
    0
    0
    0
    0
    0
    0
    0
    0
    0
    0
    0
    0
    0
    0
    0
    0
    0
    0
    0
    0
    0
    0
    0
    0
    0
    0
    0
    0
    0
    0
    0
    0
    0
    0
    0
    0
    0
    0
    0
    0
    0
    0
    0
    0
    0
    0
    0
    0
    0
    0
    0
    0
    0
    0
    0
    0
    0
    0
    0
    0
    0
    0
    0
    0
    0
    0
    0
    0
    0
    0
    0
    0
    0
    0
    0
    0
    0
    0
    0
    0
    0
    0
    0
    0
    0
    0
    0
    0
    0
    0
    0
    0
    0
    0
    0
    0
    0
    0
    0
    0
    0
    0
    0
    0
    0
    0
    0
    0
    0
    0
    0
    0
    0
    0
    0
    0
    0
    0
    0
    0
    0
    0
    0
    0
    0
    0
    0
    0
    0
    0
    0
    0
    0
    0
    0
    0
    0
    0
    0
    0
    0
    0
    0
    0
    0
    0
    0
    0
    0
    0
    0
    0
    0
    0
    0
    0
    0
    0
    0
    0
    0
    0
    0
    0
    0
    0
    0
    0
    0
    0
    0
    0
    0
    0
    0
    0
    0
    0
    0
    0
    0
    0
    0
    0
    0
    0
    0
    0
    0
    0
    0
    0
    0
    0
    0
    0
    0
    0
    0
    0
    0
    0
    0
    0
    0
    0
    0
    0
    0
    0
    0
    0
    0
    0
    0
    0
    0
    0
    0
    0
    0
    0
    0
    0
    0
    0
    0
    0
    0
    0
    0
    0
    0
    0
    0
    0
    0
    0
    0
    0
    0
    0
    0
    0
    0
    0
    0
    0
    0
    0
    0
    0
    0
    0
    0
    0
    0
    0
    0
    0
    0
    0
    0
    0
    0
    0
    0
    0
    0
    0
    0
    0
    0
    0
    0
    0
    0
    0
    0
    0
    0
    0
    0
    0
    0
    0
    0
    0
    0
    0
    0
    0
    0
    0
    0
    0
    0
    0
    0
    0
    0
    0
    0
    0
    0
    0
    0
    0
    0
    0
    0
    0
    0
    0
    0
    0
    0
    0
    0
    0
    0
    0
    0
    0
    0
    0
    0
    0
    0
    0
    0
    0
    0
    0
    0
    0
    0
    0
    0
    0
    0
    0
    0
    0
    0
    0
    0
    0
    0
    0
    0
    0
    0
    0
    0
    0
    0
    0
    0
    0
    0
    0
    0
    0
    0
    0
    0
    0
    0
    0
    0
    0
    0
    0
    0
    0
    0
    0
    0
    0
    0
    0
    0
    0
    0
    0
    0
    0
    0
    0
    0
    0
    0
    0
    0
    0
    0
    0
    0
    0
    0
    0
    0
    0
    0
    0
    0
    0
    0
    0
    0
    0
    0
    0
    0
    0
    0
    0
    0
    0
    0
    0
    0
    0
    0
    0
    0
    0
    0
    0
    0
    0
    0
    0
    0
    0
    0
    0
    0
    0
    0
    0
    0
    0
    0
    0
    0
    0
    0
    0
    0
    0
    0
    0
    0
    0
    0
    0
    0
    0
    0
    0
    0
    0
    0
    0
    0
    0
    0
    0
    0
    0
    0
    0
    0
    0
    0
    0
    0
    0
    0
    0
    0
    0
    0
    0
    0
    0
    0
    0
    0
    0
    0
    0
    0
    0
    0
    0
    0
    0
    0
    0
    0
    0
    0
    0
    0
    0
    0
    0
    0
    0
    0
    0
    0
    0
    0
    0
    0
    0
    0
    0
    0
    0
    0
    0
    0
    0
    0
    0
    0
    0
    0
    0
    0
    0
    0
    0
    0
    0
    0
    0
    0
    0
    0
    0
    0
    0
    0
    0
    0
    0
    0
    0
    0
    0
    0
    0
    0
    0
    0
    0
    0
    0
    0
    0
    0
    0
    0
    0
    0
    0
    0
    0
    0
    0
    0
    0
    0
    0
    0
    0
    0
    0
    0
    0
    0
    0
    0
    0
    0
    0
    0
    0
    0
    0
    0
    0
    0
    0
    0
    0
    0
    0
    0
    0
    0
    0
    0
    0
    0
    0
    0
    0
    0
    0
    0
    0
    0
    0
    0
    0
    0
    0
    0
    0
    0
    0
    0
    0
    0
    0
    0
    0
    0
    0
    0
    0
    0
    0
    0
    0
    0
    0
    0
    0
    0
    0
    0
    0
    0
    0
    0
    0
    0
    0
    0
    0
    0
    0
    0
    0
    0
    0
    0
    0
    0
    0
    0
    0
    0
    0
    0
    0
    0
    0
    0
    0
    0
    0
    0
    0
    0
    0
    0
    0
    0
    0
    0
    0
    0
    0
    0
    0
    0
    0
    0
    0
    0
    0
    0
    0
    0
    0
    0
    0
    0
    0
    0
    0
    0
    0
    0
    0
    0
    0
    0
    0
    0
    0
    0
    0
    0
    0
    0
    0
    0
    0
    0
    0
    0
    0
    0
    0
    0
    0
    0
    0
    0
    0
    0
    0
    0
    0
    0
    0
    0
    0
    0
    0
    0
    0
    0
    0
    0
    0
    0
    0
    0
    0
    0
    0
    0
    0
    0
    0
    0
    0
    0
    0
    0
    0
    0
    0
    0
    0
    0
    0
    0
    0
    0
    0
    0
    0
    0
    0
    0
    0
    0
    0
    0
    0
    0
    0
    0
    0
    0
    0
    0
    0
    0
    0
    0
    0
    0
    0
    0
    0
    0
    0
    0
    0
    0
    0
    0
    0
    0
    0
    0
    0
    0
    0
    0
    0
    0
    0
    0
    0
    0
    0
    0
    0
    0
    0
    0
    0
    0
    0
    0
    0
    0
    0
    0
    0
    0
    0
    0
    0
    0
    0
    0
    0
    0
    0
    0
    0
    0
    0
    0
    0
    0
    0
    0
    0
    0
    0
    0
    0
    0
    0
    0
    0
    0
    0
    0
    0
    0
    0
    0
    0
    0
    0
    0
    0
    0
    0
    0
    0
    0
    0
    0
    0
    0
    0
    0
    0
    0
    0
    0
    0
    0
    0
    0
    0
    0
    0
    0
    0
    0
    0
    0
    0
    0
    0
    0
    0
    0
    0
    0
    0
    0
    0
    0
    0
    0
    0
    0
    0
    0
    0
    0
    0
    0
    0
    0
    0
    0
    0
    0
    0
    0
    0
    0
    0
    0
    0
    0
    0
    0
    0
    0
    0
    0
    0
    0
    0
    0
    0
    0
    0
    0
    0
    0
    0
    0
    0
    0
    0
    0
    0
    0
    0
    0
    0
    0
    0
    0
    0
    0
    0
    0
    0
    0
    0
    0
    0
    0
    0
    0
    0
    0
    0
    0
    0
    0
    0
    0
    0
    0
    0
    0
    0
    0
    0
    0
    0
    0
    0
    0
    0
    0
    0
    0
    0
    0
    0
    0
    0
    0
    0
    0
    0
    0
    0
    0
    0
    0
    0
    0
    0
    0
    0
    0
    0
    0
    0
    0
    0
    0
    0
    0
    0
    0
    0
    0
    0
    0
    0
    0
    0
    0
    0
    0
    0
    0
    0
    0
    0
    0
    0
    0
    0
    0
    0
    0
    0
    0
    0
    0
    0
    0
    0
    0
    0
    0
    0
    0
    0
    0
    0
    0
    0
    0
    0
    0
    0
    0
    0
    0
    0
    0
    0
    0
    0
    0
    0
    0
    0
    0
    0
    0
    0
    0
    0
    0
    0
    0
    0
    0
    0
    0
    0
    0
    0
    0
    0
    0
    0
    0
    0
    0
    0
    0
    0
    0
    0
    0
    0
    0
    0
    0
    0
    0
    0
    0
    0
    0
    0
    0
    0
    0
    0
    0
    0
    0
    0
    0
    0
    0
    0
    0
    0
    0
    0
    0
    0
    0
    0
    0
    0
    0
    0
    0
    0
    0
    0
    0
    0
    0
    0
    0
    0
    0
    0
    0
    0
    0
    0
    0
    0
    0
    0
    0
    0
    0
    0
    0
    0
    0
    0
    0
    0
    0
    0
    0
    0
    0
    0
    0
    0
    0
    0
    0
    0
    0
    0
    0
    0
    0
    0
    0
    0
    0
    0
    0
    0
    0
    0
    0
    0
    0
    0
    0
    0
    0
    0
    0
    0
    0
    0
    0
    0
    0
    0
    0
    0
    0
    0
    0
    0
    0
    0
    0
    0
    0
    0
    0
    0
    0
    0
    0
    0
    0
    0
    0
    0
    0
    0
    0
    0
    0
    0
    0
    0
    0
    0
    0
    0
    0
    0
    0
    0
    0
    0
    0
    0
    0
    0
    0
    0
    0
    0
    0
    0
    0
    0
    0
    0
    0
    0
    0
    0
    0
    0
    0
    0
    0
    0
    0
    0
    0
    0
    0
    0
    0
    0
    0
    0
    0
    0
    0
    0
    0
    0
    0
    0
    0
    0
    0
    0
    0
    0
    0
    0
    0
    0
    0
    0
    0
    0
    0
    0
    0
    0
    0
    0
    0
    0
    0
    0
    0
    0
    0
    0
    0
    0
    0
    0
    0
    0
    0
    0
    0
    0
    0
    0
    0
    0
    0
    0
    0
    0
    0
    0
    0
    0
    0
    0
    0
    0
    0
    0
    0
    0
    0
    0
    0
    0
    0
    0
    0
    0
    0
    0
    0
    0
    0
    0
    0
    0
    0
    0
    0
    0
    0
    0
    0
    0
    0
    0
    0
    0
    0
    0
    0
    0
    0
    0
    0
    0
    0
    0
    0
    0
    0
    0
    0
    0
    0
    0
    0
    0
    0
    0
    0
    0
    0
    0
    0
    0
    0
    0
    0
    0
    0
    0
    0
    0
    0
    0
    0
    0
    0
    0
    0
    0
    0
    0
    0
    0
    0
    0
    0
    0
    0
    0
    0
    0
    0
    0
    0
    0
    0
    0
    0
    0
    0
    0
    0
    0
    0
    0
    0
    0
    0
    0
    0
    0
    0
    0
    0
    0
    0
    0
    0
    0
    0
    0
    0
    0
    0
    0
    0
    0
    0
    0
    0
    0
    0
    0
    0
    0
    0
    0
    0
    0
    0
    0
    0
    0
    0
    0
    0
    0
    0
    0
    0
    0
    0
    0
    0
    0
    0
    0
    0
    0
    0
    0
    0
    0
    0
    0
    0
    0
    0
    0
    0
    0
    0
    0
    0
    0
    0
    0
    0
    0
    0
    0
    0
    0
    0
    0
    0
    0
    0
    0
    0
    0
    0
    0
    0
    0
    0
    0
    0
    0
    0
    0
    0
    0
    0
    0
    0
    0
    0
    0
    0
    0
    0
    0
    0
    0
    0
    0
    0
    0
    0
    0
    0
    0
    0
    0
    0
    0
    0
    0
    0
    0
    0
    0
    0
    0
    0
    0
    0
    0
    0
    0
    0
    0
    0
    0
    0
    0
    0
    0
    0
    0
    0
    0
    0
    0
    0
    0
    0
    0
    0
    0
    0
    0
    0
    0
    0
    0
    0
    0
    0
    0
    0
    0
    0
    0
    0
    0
    0
    0
    0
    0
    0
    0
    0
    0
    0
    0
    0
    0
    0
    0
    0
    0
    0
    0
    0
    0
    0
    0
    0
    0
    0
    0
    0
    0
    0
    0
    0
    0
    0
    0
    0
    0
    0
    0
    0
    0
    0
    0
    0
    0
    0
    0
    0
    0
    0
    0
    0
    0
    0
    0
    0
    0
    0
    0
    0
    0
    0
    0
    0
    0
    0
    0
    0
    0
    0
    0
    0
    0
    0
    0
    0
    0
    0
    0
    0
    0
    0
    0
    0
    0
    0
    0
    0
    0
    0
    0
    0
    0
    0
    0
    0
    0
    0
    0
    0
    0
    0
    0
    0
    0
    0
    0
    0
    0
    0
    0
    0
    0
    0
    0
    0
    0
    0
    0
    0
    0
    0
    0
    0
    0
    0
    0
    0
    0
    0
    0
    0
    0
    0
    0
    0
    0
    0
    0
    0
    0
    0
    0
    0
    0
    0
    0
    0
    0
    0
    0
    0
    0
    0
    0
    0
    0
    0
    0
    0
    0
    0
    0
    0
    0
    0
    0
    0
    0
    0
    0
    0
    0
    0
    0
    0
    0
    0
    0
    0
    0
    0
    0
    0
    0
    0
    0
    0
    0
    0
    0
    0
    0
    0
    0
    0
    0
    0
    0
    0
    0
    0
    0
    0
    0
    0
    0
    0
    0
    0
    0
    0
    0
    0
    0
    0
    0
    0
    0
    0
    0
    0
    0
    0
    0
    0
    0
    0
    0
    0
    0
    0
    0
    0
    0
    0
    0
    0
    0
    0
    0
    0
    0
    0
    0
    0
    0
    0
    0
    0
    0
    0
    0
    0
    0
    0
    0
    0
    0
    0
    0
    0
    0
    0
    0
    0
    0
    0
    0
    0
    0
    0
    0
    0
    0
    0
    0
    0
    0
    0
    0
    0
    0
    0
    0
    0
    0
    0
    0
    0
    0
    0
    0
    0
    0
    0
    0
    0
    0
    0
    0
    0
    0
    0
    0
    0
    0
    0
    0
    0
    0
    0
    0
    0
    0
    0
    0
    0
    0
    0
    0
    0
    0
    0
    0
    0
    0
    0
    0
    0
    0
    0
    0
    0
    0
    0
    0
    0
    0
    0
    0
    0
    0
    0
    0
    0
    0
    0
    0
    0
    0
    0
    0
    0
    0
    0
    0
    0
    0
    0
    0
    0
    0
    0
    0
    0
    0
    0
    0
    0
    0
    0
    0
    0
    0
    0
    0
    0
    0
    0
    0
    0
    0
    0
    0
    0
    0
    0
    0
    0
    0
    0
    0
    0
    0
    0
    0
    0
    0
    0
    0
    0
    0
    0
    0
    0
    0
    0
    0
    0
    0
    0
    0
    0
    0
    0
    0
    0
    0
    0
    0
    0
    0
    0
    0
    0
    0
    0
    0
    0
    0
    0
    0
    0
    0
    0
    0
    0
    0
    0
    0
    0
    0
    0
    0
    0
    0
    0
    0
    0
    0
    0
    0
    0
    0
    0
    0
    0
    0
    0
    0
    0
    0
    0
    0
    0
    0
    0
    0
    0
    0
    0
    0
    0
    0
    0
    0
    0
    0
    0
    0
    0
    0
    0
    0
    0
    0
    0
    0
    0
    0
    0
    0
    0
    0
    0
    0
    0
    0
    0
    0
    0
    0
    0
    0
    0
    0
    0
    0
    0
    0
    0
    0
    0
    0
    0
    0
    0
    0
    0
    0
    0
    0
    0
    0
    0
    0
    0
    0
    0
    0
    0
    0
    0
    0
    0
    0
    0
    0
    0
    0
    0
    0
    0
    0
    0
    0
    0
    0
    0
    0
    0
    0
    0
    0
    0
    0
    0
    0
    0
    0
    0
    0
    0
    0
    0
    0
    0
    0
    0
    0
    0
    0
    0
    0
    0
    0
    0
    0
    0
    0
    0
    0
    0
    0
    0
    0
    0
    0
    0
    0
    0
    0
    0
    0
    0
    0
    0
    0
    0
    0
    0
    0
    0
    0
    0
    0
    0
    0
    0
    0
    0
    0
    0
    0
    0
    0
    0
    0
    0
    0
    0
    0
    0
    0
    0
    0
    0
    0
    0
    0
    0
    0
    0
    0
    0
    0
    0
    0
    0
    0
    0
    0
    0
    0
    0
    0
    0
    0
    0
    0
    0
    0
    0
    0
    0
    0
    0
    0
    0
    0
    0
    0
    0
    0
    0
    0
    0
    0
    0
    0
    0
    0
    0
    0
    0
    0
    0
    0
    0
    0
    0
    0
    0
    0
    0
    0
    0
    0
    0
    0
    0
    0
    0
    0
    0
    0
    0
    0
    0
    0
    0
    0
    0
    0
    0
    0
    0
    0
    0
    0
    0
    0
    0
    0
    0
    0
    0
    0
    0
    0
    0
    0
    0
    0
    0
    0
    0
    0
    0
    0
    0
    0
    0
    0
    0
    0
    0
    0
    0
    0
    0
    0
    0
    0
    0
    0
    0
    0
    0
    0
    0
    0
    0
    0
    0
    0
    0
    0
    0
    0
    0
    0
    0
    0
    0
    0
    0
    0
    0
    0
    0
    0
    0
    0
    0
    0
    0
    0
    0
    0
    0
    0
    0
    0
    0
    0
    0
    0
    0
    0
    0
    0
    0
    0
    0
    0
    0
    0
    0
    0
    0
    0
    0
    0
    0
    0
    0
    0
    0
    0
    0
    0
    0
    0
    0
    0
    0
    0
    0
    0
    0
    0
    0
    0
    0
    0
    0
    0
    0
    0
    0
    0
    0
    0
    0
    0
    0
    0
    0
    0
    0
    0
    0
    0
    0
    0
    0
    0
    0
    0
    0
    0
    0
    0
    0
    0
    0
    0
    0
    0
    0
    0
    0
    0
    0
    0
    0
    0
    0
    0
    0
    0
    0
    0
    0
    0
    0
    0
    0
    0
    0
    0
    0
    0
    0
    0
    0
    0
    0
    0
    0
    0
    0
    0
    0
    0
    0
    0
    0
    0
    0
    0
    0
    0
    0
    0
    0
    0
    0
    0
    0
    0
    0
    0
    0
    0
    0
    0
    0
    0
    0
    0
    0
    0
    0
    0
    0
    0
    0
    0
    0
    0
    0
    0
    0
    0
    0
    0
    0
    0
    0
    0
    0
    0
    0
    0
    0
    0
    0
    0
    0
    0
    0
    0
    0
    0
    0
    0
    0
    0
    0
    0
    0
    0
    0
    0
    0
    0
    0
    0
    0
    0
    0
    0
    0
    0
    0
    0
    0
    0
    0
    0
    0
    0
    0
    0
    0
    0
    0
    0
    0
    0
    0
    0
    0
    0
    0
    0
    0
    0
    0
    0
    0
    0
    0
    0
    0
    0
    0
    0
    0
    0
    0
    0
    0
    0
    0
    0
    0
    0
    0
    0
    0
    0
    0
    0
    0
    0
    0
    0
    0
    0
    0
    0
    0
    0
    0
    0
    0
    0
    0
    0
    0
    0
    0
    0
    0
    0
    0
    0
    0
    0
    0
    0
    0
    0
    0
    0
    0
    0
    0
    0
    0
    0
    0
    0
    0
    0
    0
    0
    0
    0
    0
    0
    0
    0
    0
    0
    0
    0
    0
    0
    0
    0
    0
    0
    0
    0
    0
    0
    0
    0
    0
    0
    0
    0
    0
    0
    0
    0
    0
    0
    0
    0
    0
    0
    0
    0
    0
    0
    0
    0
    0
    0
    0
    0
    0
    0
    0
    0
    0
    0
    0
    0
    0
    0
    0
    0
    0
    0
    0
    0
    0
    0
    0
    0
    0
    0
    0
    0
    0
    0
    0
    0
    0
    0
    0
    0
    0
    0
    0
    0
    0
    0
    0
    0
    0
    0
    0
    0
    0
    0
    0
    0
    0
    0
    0
    0
    0
    0
    0
    0
    0
    0
    0
    0
    0
    0
    0
    0
    0
    0
    0
    0
    0
    0
    0
    0
    0
    0
    0
    0
    0
    0
    0
    0
    0
    0
    0
    0
    0
    0
    0
    0
    0
    0
    0
    0
    0
    0
    0
    0
    0
    0
    0
    0
    0
    0
    0
    0
    0
    0
    0
    0
    0
    0
    0
    0
    0
    0
    0
    0
    0
    0
    0
    0
    0
    0
    0
    0
    0
    0
    0
    0
    0
    0
    0
    0
    0
    0
    0
    0
    0
    0
    0
    0
    0
    0
    0
    0
    0
    0
    0
    0
    0
    0
    0
    0
    0
    0
    0
    0
    0
    0
    0
    0
    0
    0
    0
    0
    0
    0
    0
    0
    0
    0
    0
    0
    0
    0
    0
    0
    0
    0
    0
    0
    0
    0
    0
    0
    0
    0
    0
    0
    0
    0
    0
    0
    0
    0
    0
    0
    0
    0
    0
    0
    0
    0
    0
    0
    0
    0
    0
    0
    0
    0
    0
    0
    0
    0
    0
    0
    0
    0
    0
    0
    0
    0
    0
    0
    0
    0
    0
    0
    0
    0
    0
    0
    0
    0
    0
    0
    0
    0
    0
    0
    0
    0
    0
    0
    0
    0
    0
    0
    0
    0
    0
    0
    0
    0
    0
    0
    0
    0
    0
    0
    0
    0
    0
    0
    0
    0
    0
    0
    0
    0
    0
    0
    0
    0
    0
    0
    0
    0
    0
    0
    0
    0
    0
    0
    0
    0
    0
    0
    0
    0
    0
    0
    0
    0
    0
    0
    0
    0
    0
    0
    0
    0
    0
    0
    0
    0
    0
    0
    0
    0
    0
    0
    0
    0
    0
    0
    0
    0
    0
    0
    0
    0
    0
    0
    0
    0
    0
    0
    0
    0
    0
    0
    0
    0
    0
    0
    0
    0
    0
    0
    0
    0
    0
    0
    0
    0
    0
    0
    0
    0
    0
    0
    0
    0
    0
    0
    0
    0
    0
    0
    0
    0
    0
    0
    0
    0
    0
    0
    0
    0
    0
    0
    0
    0
    0
    0
    0
    0
    0
    0
    0
    0
    0
    0
    0
    0
    0
    0
    0
    0
    0
    0
    0
    0
    0
    0
    0
    0
    0
    0
    0
    0
    0
    0
    0
    0
    0
    0
    0
    0
    0
    0
    0
    0
    0
    0
    0
    0
    0
    0
    0
    0
    0
    0
    0
    0
    0
    0
    0
    0
    0
    0
    0
    0
    0
    0
    0
    0
    0
    0
    0
    0
    0
    0
    0
    0
    0
    0
    0
    0
    0
    0
    0
    0
    0
    0
    0
    0
    0
    0
    0
    0
    0
    0
    0
    0
    0
    0
    0
    0
    0
    0
    0
    0
    0
    0
    0
    0
    0
    0
    0
    0
    0
    0
    0
    0
    0
    0
    0
    0
    0
    0
    0
    0
    0
    0
    0
    0
    0
    0
    0
    0
    0
    0
    0
    0
    0
    0
    0
    0
    0
    0
    0
    0
    0
    0
    0
    0
    0
    0
    0
    0
    0
    0
    0
    0
    0
    0
    0
    0
    0
    0
    0
    0
    0
    0
    0
    0
    0
    0
    0
    0
    0
    0
    0
    0
    0
    0
    0
    0
    0
    0
    0
    0
    0
    0
    0
    0
    0
    0
    0
    0
    0
    0
    0
    0
    0
    0
    0
    0
    0
    0
    0
    0
    0
    0
    0
    0
    0
    0
    0
    0
    0
    0
    0
    0
    0
    0
    0
    0
    0
    0
    0
    0
    0
    0
    0
    0
    0
    0
    0
    0
    0
    0
    0
    0
    0
    0
    0
    0
    0
    0
    0
    0
    0
    0
    0
    0
    0
    0
    0
    0
    0
    0
    0
    0
    0
    0
    0
    0
    0
    0
    0
    0
    0
    0
    0
    0
    0
    0
    0
    0
    0
    0
    0
    0
    0
    0
    0
    0
    0
    0
    0
    0
    0
    0
    0
    0
    0
    0
    0
    0
    0
    0
    0
    0
    0
    0
    0
    0
    0
    0
    0
    0
    0
    0
    0
    0
    0
    0
    0
    0
    0
    0
    0
    0
    0
    0
    0
    0
    0
    0
    0
    0
    0
    0
    0
    0
    0
    0
    0
    0
    0
    0
    0
    0
    0
    0
    0
    0
    0
    0
    0
    0
    0
    0
    0
    0
    0
    0
    0
    0
    0
    0
    0
    0
    0
    0
    0
    0
    0
    0
    0
    0
    0
    0
    0
    0
    0
    0
    0
    0
    0
    0
    0
    0
    0
    0
    0
    0
    0
    0
    0
    0
    0
    0
    0
    0
    0
    0
    0
    0
    0
    0
    0
    0
    0
    0
    0
    0
    0
    0
    0
    0
    0
    0
    0
    0
    0
    0
    0
    0
    0
    0
    0
    0
    0
    0
    0
    0
    0
    0
    0
    0
    0
    0
    0
    0
    0
    0
    0
    0
    0
    0
    0
    0
    0
    0
    0
    0
    0
    0
    0
    0
    0
    0
    0
    0
    0
    0
    0
    0
    0
    0
    0
    0
    0
    0
    0
    0
    0
    0
    0
    0
    0
    0
    0
    0
    0
    0
    0
    0
    0
    0
    0
    0
    0
    0
    0
    0
    0
    0
    0
    0
    0
    0
    0
    0
    0
    0
    0
    0
    0
    0
    0
    0
    0
    0
    0
    0
    0
    0
    0
    0
    0
    0
    0
    0
    0
    0
    0
    0
    0
    0
    0
    0
    0
    0
    0
    0
    0
    0
    0
    0
    0
    0
    0
    0
    0
    0
    0
    0
    0
    0
    0
    0
    0
    0
    0
    0
    0
    0
    0
    0
    0
    0
    0
    0
    0
    0
    0
    0
    0
    0
    0
    0
    0
    0
    0
    0
    0
    0
    0
    0
    0
    0
    0
    0
    0
    0
    0
    0
    0
    0
    0
    0
    0
    0
    0
    0
    0
    0
    0
    0
    0
    0
    0
    0
    0
    0
    0
    0
    0
    0
    0
    0
    0
    0
    0
    0
    0
    0
    0
    0
    0
    0
    0
    0
    0
    0
    0
    0
    0
    0
    0
    0
    0
    0
    0
    0
    0
    0
    0
    0
    0
    0
    0
    0
    0
    0
    0
    0
    0
    0
    0
    0
    0
    0
    0
    0
    0
    0
    0
    0
    0
    0
    0
    0
    0
    0
    0
    0
    0
    0
    0
    0
    0
    0
    0
    0
    0
    0
    0
    0
    0
    0
    0
    0
    0
    0
    0
    0
    0
    0
    0
    0
    0
    0
    0
    0
    0
    0
    0
    0
    0
    0
    0
    0
    0
    0
    0
    0
    0
    0
    0
    0
    0
    0
    0
    0
    0
    0
    0
    0
    0
    0
    0
    0
    0
    0
    0
    0
    0
    0
    0
    0
    0
    0
    0
    0
    0
    0
    0
    0
    0
    0
    0
    0
    0
