Project Info:
    ACQ Time: 2019- 9-24   9:32:53: 615 .
    Project: tq左侧足三里（加深涂红药水）
    Name: 
    Part:  
    Operator:  
    Desc.:  
    Sample Data Acquired.

ACQ Parameters:
    Excited Peroid(ms): 50
    Excited Time(ms): 10
    Acq Delay Time(us): 10
    Gate Time(ms): 20
    Count Num per gate: 100
    Repeat Times: 50
    Acq Gate Times: 1
    Interval per Gate(us): 100
    Channel Number: 2

Data:
    331
    303
    263
    247
    236
    230
    198
    175
    206
    120
    164
    142
    128
    126
    111
    105
    94
    108
    112
    99
    106
    77
    71
    62
    81
    72
    57
    73
    65
    49
    46
    53
    34
    59
    42
    42
    42
    34
    38
    38
    31
    28
    32
    38
    27
    32
    24
    29
    28
    32
    27
    26
    25
    21
    28
    20
    20
    13
    16
    22
    16
    13
    27
    17
    18
    10
    22
    15
    9
    13
    7
    18
    10
    6
    7
    12
    9
    13
    14
    11
    6
    9
    11
    6
    7
    8
    6
    7
    4
    10
    6
    5
    9
    6
    4
    8
    6
    12
    8
    5
    358
    305
    288
    273
    220
    223
    185
    186
    160
    123
    163
    131
    127
    106
    126
    116
    112
    98
    91
    107
    87
    88
    96
    62
    87
    71
    65
    77
    80
    49
    57
    55
    55
    45
    47
    48
    44
    52
    34
    26
    33
    37
    36
    29
    25
    31
    32
    28
    21
    18
    19
    26
    23
    26
    13
    15
    19
    17
    18
    14
    15
    13
    14
    18
    15
    16
    13
    11
    12
    18
    11
    18
    10
    8
    14
    7
    12
    8
    7
    11
    3
    9
    8
    8
    5
    10
    11
    11
    4
    8
    4
    9
    8
    2
    8
    8
    4
    7
    8
    9
    362
    323
    291
    263
    205
    224
    172
    182
    188
    158
    169
    165
    136
    116
    97
    108
    102
    99
    85
    76
    87
    80
    85
    66
    64
    53
    72
    67
    57
    66
    63
    48
    58
    47
    41
    44
    51
    44
    43
    44
    46
    24
    33
    31
    37
    30
    34
    24
    28
    34
    20
    31
    16
    27
    21
    17
    30
    23
    17
    24
    18
    24
    19
    14
    17
    12
    13
    13
    11
    14
    15
    9
    9
    16
    13
    14
    13
    10
    7
    12
    8
    17
    9
    12
    10
    11
    9
    7
    12
    6
    10
    7
    12
    9
    6
    8
    8
    7
    6
    5
    361
    322
    258
    277
    212
    226
    184
    155
    173
    153
    133
    145
    140
    130
    124
    106
    96
    91
    96
    88
    92
    79
    75
    88
    59
    61
    73
    64
    56
    64
    74
    51
    47
    37
    37
    39
    42
    31
    38
    35
    33
    33
    32
    29
    32
    26
    26
    38
    27
    24
    26
    15
    29
    19
    17
    23
    22
    20
    19
    18
    22
    14
    16
    12
    11
    14
    11
    9
    16
    16
    12
    13
    10
    15
    12
    15
    9
    11
    9
    9
    10
    9
    9
    5
    7
    7
    7
    4
    9
    6
    9
    10
    8
    7
    2
    6
    6
    7
    5
    7
    349
    314
    278
    231
    215
    217
    191
    184
    192
    162
    159
    151
    134
    136
    105
    105
    103
    110
    84
    90
    90
    77
    77
    84
    80
    68
    78
    70
    55
    63
    76
    53
    47
    46
    54
    57
    42
    35
    43
    30
    42
    30
    33
    34
    32
    29
    26
    29
    26
    22
    26
    30
    19
    22
    18
    22
    23
    12
    28
    20
    15
    16
    16
    16
    22
    15
    14
    19
    13
    10
    12
    8
    10
    13
    12
    11
    13
    12
    9
    11
    15
    4
    8
    9
    9
    7
    8
    8
    5
    4
    8
    12
    8
    10
    7
    5
    8
    8
    5
    7
    347
    315
    282
    251
    241
    197
    171
    185
    150
    162
    159
    152
    127
    122
    136
    104
    115
    98
    90
    107
    92
    90
    76
    86
    94
    58
    60
    74
    74
    56
    42
    61
    59
    61
    48
    48
    46
    31
    41
    42
    29
    37
    35
    35
    31
    38
    26
    33
    37
    27
    32
    22
    35
    25
    15
    27
    20
    22
    21
    17
    11
    19
    20
    31
    14
    13
    16
    17
    11
    15
    11
    13
    11
    17
    14
    10
    5
    13
    9
    12
    14
    14
    9
    14
    6
    6
    11
    7
    4
    9
    3
    4
    7
    10
    1
    5
    8
    12
    4
    3
    369
    299
    288
    249
    245
    208
    193
    168
    172
    150
    151
    148
    151
    128
    128
    108
    103
    109
    103
    113
    84
    89
    83
    79
    79
    58
    82
    71
    65
    55
    50
    63
    43
    36
    46
    48
    44
    41
    40
    46
    37
    31
    37
    34
    35
    38
    23
    39
    23
    27
    29
    29
    30
    27
    21
    15
    21
    21
    16
    17
    15
    17
    14
    26
    28
    21
    11
    19
    15
    14
    21
    9
    8
    14
    9
    14
    15
    8
    13
    12
    9
    14
    12
    3
    7
    7
    7
    11
    6
    6
    6
    5
    14
    4
    5
    4
    6
    3
    11
    8
    309
    333
    297
    260
    223
    226
    212
    180
    166
    160
    145
    135
    133
    128
    132
    121
    105
    94
    102
    100
    67
    82
    74
    81
    83
    66
    51
    62
    72
    60
    71
    50
    64
    52
    38
    61
    32
    30
    50
    52
    33
    35
    32
    31
    24
    27
    19
    29
    34
    21
    31
    27
    23
    19
    25
    20
    23
    22
    23
    13
    20
    15
    15
    15
    14
    16
    17
    11
    15
    8
    12
    7
    7
    12
    12
    15
    7
    13
    13
    9
    15
    10
    7
    12
    10
    11
    12
    8
    15
    5
    5
    9
    6
    5
    8
    4
    8
    12
    4
    2
    336
    324
    278
    252
    246
    204
    208
    186
    158
    159
    155
    147
    127
    120
    134
    114
    116
    89
    91
    97
    88
    76
    63
    69
    72
    86
    67
    57
    70
    62
    49
    61
    62
    45
    53
    39
    44
    44
    42
    43
    35
    42
    27
    30
    33
    21
    32
    32
    21
    30
    22
    22
    23
    19
    26
    22
    16
    17
    15
    11
    17
    18
    20
    15
    10
    24
    14
    18
    10
    9
    13
    10
    7
    15
    14
    19
    15
    11
    11
    10
    8
    9
    7
    8
    2
    9
    8
    9
    13
    3
    5
    6
    6
    4
    7
    9
    9
    4
    6
    5
    342
    292
    278
    270
    210
    209
    190
    190
    168
    151
    138
    169
    136
    132
    117
    108
    105
    115
    94
    94
    96
    98
    72
    79
    81
    68
    67
    64
    57
    58
    58
    51
    50
    46
    40
    47
    54
    41
    45
    35
    50
    38
    27
    38
    35
    34
    39
    25
    33
    33
    25
    22
    28
    27
    29
    20
    19
    27
    29
    12
    14
    18
    26
    18
    9
    6
    15
    17
    10
    16
    8
    13
    17
    12
    10
    14
    13
    13
    16
    6
    6
    13
    9
    8
    10
    8
    11
    13
    7
    7
    6
    13
    3
    8
    7
    5
    5
    10
    8
    6
    337
    313
    263
    258
    244
    230
    193
    179
    193
    167
    157
    146
    140
    133
    117
    133
    107
    123
    97
    110
    102
    96
    79
    74
    69
    64
    76
    77
    50
    55
    57
    48
    53
    58
    52
    36
    46
    55
    44
    33
    42
    44
    41
    28
    34
    42
    26
    16
    28
    32
    17
    18
    24
    23
    22
    27
    19
    19
    16
    23
    19
    14
    25
    12
    13
    16
    10
    14
    10
    10
    13
    15
    9
    7
    11
    7
    6
    8
    12
    10
    8
    12
    8
    16
    9
    9
    6
    8
    11
    4
    9
    2
    8
    5
    6
    4
    7
    7
    6
    8
    333
    293
    300
    234
    232
    184
    227
    158
    169
    161
    140
    152
    109
    129
    92
    114
    106
    89
    95
    109
    96
    87
    66
    64
    85
    76
    58
    57
    54
    49
    50
    49
    52
    37
    55
    45
    48
    42
    39
    46
    38
    40
    29
    38
    28
    30
    37
    29
    29
    26
    29
    35
    27
    19
    22
    12
    24
    22
    23
    22
    16
    15
    20
    19
    18
    13
    14
    13
    20
    17
    18
    17
    18
    8
    14
    14
    10
    9
    10
    8
    10
    7
    13
    9
    9
    13
    13
    5
    2
    6
    7
    6
    6
    7
    4
    7
    8
    8
    4
    9
    367
    346
    289
    218
    238
    214
    206
    188
    159
    163
    139
    140
    142
    123
    109
    120
    111
    105
    96
    85
    100
    107
    91
    75
    79
    77
    60
    70
    63
    68
    60
    51
    57
    52
    45
    47
    41
    52
    31
    43
    39
    39
    32
    32
    31
    30
    34
    31
    27
    28
    28
    22
    27
    14
    27
    29
    18
    21
    26
    16
    20
    12
    19
    19
    10
    23
    10
    17
    16
    19
    13
    14
    7
    13
    12
    10
    9
    6
    12
    12
    6
    10
    11
    8
    12
    6
    7
    11
    9
    9
    6
    10
    11
    8
    4
    6
    8
    4
    7
    6
    334
    321
    284
    242
    254
    217
    202
    190
    175
    155
    148
    153
    139
    147
    121
    143
    105
    98
    109
    83
    95
    92
    88
    77
    86
    60
    52
    50
    72
    61
    55
    57
    52
    44
    46
    52
    43
    48
    41
    47
    35
    33
    29
    37
    33
    26
    32
    24
    25
    24
    21
    14
    23
    18
    25
    22
    20
    23
    19
    12
    25
    18
    19
    17
    16
    19
    14
    15
    12
    16
    13
    16
    9
    8
    10
    6
    8
    9
    18
    8
    7
    11
    9
    8
    10
    12
    8
    9
    10
    4
    6
    7
    11
    9
    8
    5
    8
    8
    7
    5
    366
    320
    304
    246
    240
    229
    204
    159
    179
    154
    155
    146
    106
    134
    124
    99
    110
    113
    106
    93
    80
    97
    87
    74
    70
    72
    58
    69
    56
    59
    51
    54
    56
    65
    48
    45
    53
    29
    46
    46
    37
    30
    38
    35
    40
    36
    21
    33
    19
    36
    27
    28
    23
    29
    33
    20
    17
    25
    14
    18
    21
    20
    18
    21
    12
    8
    22
    15
    15
    23
    17
    13
    11
    11
    9
    14
    7
    12
    11
    8
    13
    8
    14
    7
    11
    16
    7
    6
    12
    6
    5
    6
    8
    4
    8
    4
    2
    11
    8
    6
    371
    332
    282
    264
    236
    224
    191
    183
    164
    165
    155
    129
    129
    140
    129
    106
    98
    104
    90
    86
    96
    92
    88
    91
    78
    73
    66
    76
    53
    69
    70
    49
    41
    47
    63
    55
    38
    37
    46
    43
    50
    25
    33
    31
    39
    41
    37
    32
    27
    28
    27
    17
    33
    15
    14
    19
    29
    20
    27
    15
    21
    15
    15
    13
    20
    23
    12
    24
    21
    16
    10
    17
    10
    15
    12
    17
    15
    14
    12
    7
    15
    6
    11
    9
    8
    7
    12
    11
    8
    12
    3
    8
    5
    3
    5
    5
    7
    5
    10
    9
    348
    296
    269
    264
    242
    236
    199
    196
    169
    152
    172
    144
    178
    106
    139
    149
    129
    96
    95
    97
    80
    94
    77
    67
    77
    82
    66
    78
    56
    67
    59
    47
    65
    51
    58
    37
    39
    44
    36
    35
    36
    39
    31
    36
    35
    38
    24
    34
    24
    27
    20
    28
    23
    24
    29
    26
    24
    30
    20
    27
    26
    23
    15
    19
    20
    15
    14
    13
    25
    12
    20
    11
    13
    11
    12
    11
    5
    16
    13
    13
    17
    8
    18
    4
    10
    11
    11
    8
    8
    9
    13
    7
    6
    14
    11
    13
    8
    5
    11
    6
    345
    320
    262
    271
    242
    206
    192
    180
    188
    158
    152
    138
    141
    132
    113
    113
    126
    127
    95
    101
    87
    104
    98
    73
    70
    62
    71
    61
    66
    51
    46
    55
    47
    46
    49
    38
    35
    42
    55
    48
    41
    33
    24
    32
    33
    29
    36
    28
    39
    25
    32
    23
    24
    16
    11
    17
    30
    22
    20
    18
    27
    17
    13
    13
    18
    15
    9
    14
    19
    13
    7
    10
    14
    17
    11
    11
    9
    11
    16
    7
    10
    8
    10
    9
    13
    8
    17
    6
    10
    11
    17
    11
    7
    9
    13
    6
    6
    4
    5
    6
    345
    355
    284
    258
    220
    226
    188
    182
    183
    180
    148
    145
    145
    133
    130
    133
    109
    111
    104
    80
    96
    86
    84
    82
    85
    65
    69
    73
    69
    76
    65
    44
    59
    45
    52
    42
    48
    42
    41
    47
    44
    27
    37
    37
    40
    37
    21
    29
    36
    26
    19
    35
    28
    30
    19
    22
    23
    17
    19
    17
    20
    14
    24
    19
    17
    19
    23
    12
    5
    11
    15
    19
    14
    10
    9
    11
    9
    10
    19
    12
    5
    11
    7
    13
    15
    16
    8
    4
    6
    7
    2
    6
    13
    10
    9
    9
    9
    7
    7
    8
    339
    341
    301
    241
    250
    202
    213
    178
    178
    162
    150
    144
    134
    135
    103
    99
    133
    109
    92
    97
    113
    86
    92
    86
    90
    77
    78
    49
    65
    59
    58
    59
    50
    38
    50
    52
    42
    44
    30
    44
    57
    51
    27
    43
    37
    40
    34
    30
    30
    32
    31
    22
    27
    14
    28
    17
    27
    16
    17
    19
    22
    24
    14
    24
    14
    5
    13
    27
    13
    15
    10
    16
    24
    12
    15
    17
    16
    10
    9
    7
    16
    9
    8
    16
    10
    11
    8
    8
    13
    6
    9
    7
    4
    5
    9
    4
    9
    7
    6
    5
    358
    338
    311
    242
    225
    202
    218
    195
    153
    171
    172
    130
    152
    124
    133
    116
    112
    107
    112
    100
    87
    105
    84
    73
    80
    61
    64
    67
    58
    63
    71
    47
    63
    45
    43
    48
    42
    41
    37
    48
    38
    39
    32
    37
    35
    37
    23
    30
    24
    24
    24
    27
    26
    34
    21
    20
    21
    24
    15
    16
    18
    21
    13
    17
    21
    16
    9
    15
    15
    23
    13
    16
    20
    13
    11
    7
    12
    10
    19
    12
    10
    9
    11
    7
    8
    4
    9
    9
    7
    9
    11
    13
    14
    2
    6
    8
    12
    5
    8
    8
    315
    308
    279
    272
    241
    214
    180
    189
    176
    151
    162
    156
    136
    135
    125
    112
    115
    114
    100
    95
    97
    81
    94
    71
    75
    65
    54
    71
    75
    55
    63
    64
    62
    52
    45
    50
    57
    45
    46
    42
    39
    24
    33
    38
    28
    38
    20
    18
    30
    25
    32
    29
    28
    19
    24
    23
    18
    19
    24
    19
    22
    17
    13
    17
    29
    13
    21
    11
    12
    14
    28
    13
    18
    17
    12
    11
    14
    13
    13
    13
    15
    15
    7
    7
    4
    7
    12
    6
    5
    6
    2
    10
    7
    12
    8
    7
    8
    5
    10
    8
    339
    329
    293
    263
    261
    198
    192
    205
    185
    144
    163
    170
    127
    133
    137
    117
    116
    113
    118
    99
    82
    87
    85
    86
    85
    70
    76
    78
    64
    66
    57
    50
    52
    50
    55
    47
    43
    44
    39
    29
    33
    30
    32
    32
    50
    32
    26
    29
    34
    20
    31
    25
    22
    25
    27
    17
    17
    21
    22
    25
    18
    15
    13
    21
    19
    14
    19
    19
    11
    15
    14
    10
    9
    12
    16
    6
    11
    17
    9
    11
    6
    7
    7
    9
    13
    6
    11
    6
    14
    8
    10
    7
    7
    6
    7
    5
    5
    4
    0
    7
    333
    317
    288
    270
    239
    212
    191
    179
    194
    176
    162
    128
    146
    125
    113
    103
    107
    113
    92
    89
    99
    88
    81
    85
    71
    67
    65
    66
    72
    72
    68
    53
    47
    62
    35
    48
    46
    44
    41
    42
    41
    43
    35
    19
    36
    41
    40
    33
    34
    32
    21
    28
    26
    29
    21
    28
    22
    17
    23
    20
    14
    19
    18
    25
    18
    13
    19
    17
    9
    12
    19
    13
    11
    9
    10
    19
    12
    11
    7
    11
    10
    16
    13
    9
    6
    7
    8
    7
    8
    8
    8
    12
    9
    10
    9
    4
    10
    10
    8
    6
    337
    300
    267
    270
    235
    193
    202
    186
    162
    152
    151
    166
    142
    126
    138
    134
    101
    86
    101
    98
    97
    87
    68
    74
    75
    58
    65
    65
    64
    63
    66
    55
    65
    43
    50
    40
    38
    35
    46
    42
    32
    48
    34
    26
    34
    29
    20
    41
    41
    31
    26
    31
    19
    19
    27
    35
    24
    19
    11
    27
    25
    13
    16
    19
    21
    14
    15
    14
    13
    13
    14
    12
    8
    12
    6
    8
    15
    11
    11
    10
    13
    5
    16
    7
    11
    14
    11
    8
    7
    10
    4
    11
    4
    7
    3
    9
    8
    6
    6
    8
    326
    336
    314
    246
    231
    212
    208
    165
    167
    169
    154
    152
    145
    139
    111
    120
    94
    110
    112
    101
    86
    91
    87
    80
    66
    70
    82
    73
    66
    65
    51
    44
    62
    47
    54
    42
    40
    55
    42
    41
    42
    41
    28
    36
    34
    37
    38
    24
    28
    34
    25
    31
    11
    20
    25
    21
    23
    22
    27
    18
    21
    17
    19
    17
    16
    16
    18
    13
    21
    13
    8
    9
    16
    13
    13
    7
    12
    8
    11
    9
    19
    14
    7
    11
    13
    10
    5
    9
    4
    8
    7
    14
    9
    10
    7
    8
    10
    6
    14
    7
    364
    316
    267
    292
    241
    231
    210
    169
    175
    149
    189
    146
    155
    141
    128
    117
    116
    102
    98
    92
    86
    76
    88
    97
    84
    80
    55
    67
    73
    77
    55
    72
    50
    60
    43
    56
    63
    36
    38
    43
    27
    39
    47
    33
    35
    30
    28
    39
    30
    29
    27
    26
    15
    21
    24
    28
    23
    32
    29
    17
    13
    19
    11
    11
    14
    13
    8
    16
    11
    11
    11
    9
    11
    14
    10
    7
    4
    9
    12
    15
    12
    14
    12
    9
    14
    10
    14
    11
    8
    5
    6
    11
    3
    9
    11
    9
    5
    4
    9
    7
    337
    326
    286
    233
    231
    211
    215
    190
    191
    180
    151
    134
    145
    134
    126
    119
    116
    108
    115
    99
    92
    92
    72
    98
    81
    79
    78
    61
    87
    58
    53
    45
    52
    49
    57
    38
    42
    55
    46
    37
    32
    40
    44
    41
    36
    40
    38
    39
    24
    26
    31
    28
    23
    16
    29
    20
    32
    15
    20
    24
    21
    22
    21
    13
    14
    22
    23
    16
    17
    18
    11
    19
    10
    14
    19
    13
    13
    12
    8
    10
    8
    19
    11
    4
    11
    7
    12
    9
    14
    10
    6
    8
    6
    8
    5
    11
    8
    2
    7
    8
    346
    307
    292
    247
    237
    219
    205
    208
    182
    167
    153
    158
    134
    145
    130
    119
    106
    112
    90
    90
    88
    80
    82
    78
    71
    85
    68
    65
    67
    56
    75
    61
    57
    48
    53
    38
    45
    43
    35
    37
    45
    34
    36
    30
    34
    34
    23
    27
    23
    30
    30
    19
    21
    18
    20
    25
    19
    21
    31
    15
    20
    26
    26
    16
    22
    18
    19
    9
    18
    12
    18
    8
    16
    9
    13
    12
    8
    5
    11
    13
    9
    8
    9
    7
    10
    6
    8
    9
    10
    9
    10
    5
    8
    4
    8
    8
    9
    7
    6
    7
    336
    319
    275
    267
    226
    241
    185
    183
    179
    173
    129
    134
    124
    129
    115
    118
    118
    113
    99
    121
    91
    82
    82
    91
    80
    69
    85
    87
    65
    53
    63
    57
    66
    49
    44
    44
    36
    52
    44
    38
    42
    39
    41
    38
    23
    28
    34
    30
    17
    25
    33
    25
    25
    22
    28
    13
    25
    27
    38
    11
    18
    17
    21
    14
    25
    15
    19
    18
    19
    21
    10
    15
    16
    16
    12
    7
    17
    14
    7
    8
    11
    10
    6
    10
    10
    13
    15
    10
    6
    15
    8
    13
    6
    6
    7
    4
    11
    8
    9
    8
    338
    297
    262
    259
    223
    206
    189
    153
    170
    168
    132
    142
    144
    130
    112
    129
    119
    107
    95
    88
    99
    82
    84
    66
    81
    65
    75
    67
    62
    42
    56
    64
    47
    51
    59
    48
    39
    41
    46
    55
    36
    39
    33
    44
    33
    35
    32
    34
    43
    27
    24
    27
    26
    29
    20
    26
    17
    18
    18
    23
    13
    19
    20
    32
    11
    20
    12
    15
    18
    14
    9
    14
    16
    15
    22
    8
    11
    12
    10
    9
    9
    9
    10
    14
    10
    12
    6
    13
    11
    8
    7
    9
    12
    6
    13
    10
    6
    4
    8
    11
    335
    330
    295
    273
    222
    243
    204
    195
    168
    165
    147
    151
    138
    113
    139
    136
    106
    114
    119
    90
    80
    89
    123
    89
    82
    68
    63
    60
    67
    48
    57
    52
    53
    54
    33
    48
    44
    35
    39
    46
    47
    41
    41
    43
    33
    39
    30
    27
    26
    24
    23
    31
    32
    30
    27
    21
    18
    19
    18
    23
    24
    17
    25
    19
    22
    12
    22
    24
    12
    13
    13
    17
    18
    22
    14
    12
    11
    10
    10
    14
    10
    13
    6
    9
    11
    11
    6
    9
    11
    7
    5
    5
    9
    10
    6
    8
    4
    7
    6
    4
    370
    314
    282
    269
    206
    208
    204
    149
    179
    165
    154
    157
    154
    129
    134
    114
    94
    127
    97
    95
    107
    96
    87
    90
    84
    81
    65
    53
    70
    55
    56
    57
    55
    67
    39
    60
    51
    48
    37
    34
    47
    44
    38
    47
    42
    29
    34
    30
    31
    25
    26
    23
    26
    23
    34
    32
    22
    16
    22
    30
    21
    19
    19
    13
    18
    15
    18
    17
    16
    15
    23
    9
    11
    14
    10
    11
    10
    14
    11
    11
    13
    9
    13
    11
    9
    8
    12
    10
    8
    9
    8
    11
    5
    9
    11
    5
    6
    5
    6
    9
    337
    306
    281
    253
    250
    214
    193
    179
    187
    168
    150
    137
    126
    140
    116
    118
    111
    108
    118
    95
    99
    85
    91
    101
    86
    56
    69
    48
    53
    59
    48
    44
    41
    65
    55
    50
    48
    38
    39
    47
    39
    35
    23
    40
    29
    43
    34
    31
    32
    24
    21
    28
    30
    27
    31
    33
    21
    19
    16
    19
    25
    24
    11
    14
    15
    15
    11
    14
    18
    17
    11
    14
    9
    16
    12
    13
    10
    9
    8
    8
    6
    11
    11
    6
    10
    9
    12
    9
    13
    8
    9
    6
    7
    12
    6
    7
    10
    7
    5
    10
    333
    322
    268
    265
    232
    212
    199
    195
    175
    168
    162
    149
    93
    150
    128
    142
    105
    112
    101
    86
    105
    87
    82
    70
    80
    66
    67
    67
    56
    57
    59
    59
    70
    48
    59
    45
    42
    47
    40
    46
    34
    39
    31
    43
    35
    35
    25
    37
    29
    28
    28
    37
    23
    27
    26
    28
    26
    24
    24
    24
    17
    21
    23
    20
    16
    12
    23
    16
    17
    21
    15
    18
    17
    14
    12
    9
    11
    15
    12
    10
    18
    9
    8
    11
    12
    9
    7
    7
    3
    10
    6
    7
    11
    7
    10
    7
    8
    6
    10
    4
    357
    326
    293
    282
    207
    209
    239
    175
    184
    174
    153
    167
    156
    129
    129
    128
    116
    112
    106
    111
    97
    94
    83
    78
    73
    93
    59
    69
    61
    67
    64
    48
    57
    45
    57
    51
    45
    35
    48
    56
    33
    37
    35
    30
    42
    29
    29
    34
    26
    24
    33
    24
    21
    26
    27
    32
    23
    18
    19
    15
    23
    14
    13
    22
    19
    14
    14
    11
    17
    14
    15
    11
    10
    16
    9
    7
    10
    13
    9
    7
    10
    11
    6
    6
    9
    7
    8
    11
    12
    6
    15
    3
    9
    10
    8
    8
    7
    6
    9
    7
    319
    306
    281
    271
    235
    194
    192
    193
    162
    183
    146
    171
    165
    155
    126
    122
    112
    117
    106
    100
    92
    92
    81
    81
    76
    81
    59
    75
    64
    70
    61
    40
    53
    55
    47
    53
    38
    50
    40
    45
    34
    37
    39
    37
    37
    23
    32
    24
    31
    25
    33
    27
    26
    28
    27
    20
    24
    28
    29
    28
    18
    17
    18
    18
    14
    13
    12
    16
    16
    16
    18
    12
    19
    14
    8
    8
    8
    18
    11
    7
    16
    10
    9
    13
    12
    9
    6
    9
    8
    12
    11
    9
    10
    6
    9
    6
    12
    13
    8
    10
    377
    297
    295
    263
    219
    210
    231
    155
    179
    180
    174
    160
    111
    143
    122
    105
    114
    121
    99
    102
    90
    92
    78
    68
    83
    67
    72
    64
    59
    70
    84
    65
    44
    42
    58
    48
    50
    49
    63
    49
    40
    32
    33
    34
    36
    31
    37
    32
    19
    19
    25
    30
    30
    28
    21
    19
    28
    26
    21
    21
    22
    14
    16
    19
    13
    16
    17
    16
    14
    15
    16
    12
    12
    19
    13
    15
    10
    13
    8
    5
    3
    16
    11
    9
    15
    10
    10
    11
    4
    12
    7
    9
    12
    4
    6
    6
    6
    5
    4
    4
    338
    309
    302
    255
    253
    178
    208
    198
    173
    157
    164
    173
    153
    130
    141
    107
    106
    125
    94
    98
    93
    83
    75
    75
    82
    70
    78
    69
    62
    68
    67
    61
    65
    50
    45
    58
    49
    44
    41
    35
    39
    30
    38
    27
    35
    40
    37
    27
    32
    31
    25
    21
    29
    24
    20
    19
    22
    21
    21
    27
    24
    20
    15
    23
    15
    16
    13
    26
    16
    20
    10
    11
    9
    11
    16
    8
    8
    8
    11
    12
    2
    12
    12
    9
    8
    9
    12
    6
    7
    11
    2
    5
    7
    10
    8
    5
    10
    8
    7
    3
    334
    336
    302
    281
    240
    209
    204
    186
    200
    172
    160
    156
    152
    138
    114
    121
    114
    108
    112
    110
    87
    99
    85
    81
    79
    89
    81
    74
    54
    59
    57
    50
    49
    62
    46
    57
    37
    45
    40
    42
    38
    37
    40
    23
    29
    29
    26
    26
    33
    31
    32
    22
    24
    23
    22
    22
    25
    23
    20
    26
    13
    14
    8
    16
    9
    17
    18
    25
    17
    14
    8
    12
    11
    15
    11
    15
    11
    15
    6
    12
    11
    4
    7
    9
    9
    9
    9
    7
    9
    6
    8
    8
    9
    11
    6
    10
    11
    5
    6
    6
    381
    323
    332
    255
    241
    248
    194
    198
    173
    174
    161
    152
    135
    138
    116
    121
    124
    104
    109
    78
    79
    74
    98
    100
    78
    73
    59
    56
    53
    62
    54
    41
    48
    51
    56
    34
    35
    44
    46
    56
    34
    38
    43
    34
    35
    40
    36
    29
    32
    37
    17
    22
    26
    22
    23
    30
    37
    12
    21
    24
    15
    14
    15
    15
    19
    15
    15
    17
    20
    9
    9
    13
    15
    14
    12
    14
    15
    10
    12
    10
    6
    8
    6
    12
    10
    8
    5
    7
    10
    2
    14
    6
    7
    3
    6
    6
    5
    3
    2
    5
    319
    323
    262
    232
    264
    223
    199
    185
    172
    166
    152
    146
    120
    134
    134
    110
    101
    94
    98
    98
    78
    88
    87
    81
    81
    89
    66
    60
    58
    57
    50
    38
    70
    59
    58
    44
    52
    52
    45
    52
    33
    48
    48
    43
    41
    31
    25
    28
    34
    30
    30
    37
    26
    20
    26
    11
    19
    23
    13
    19
    23
    15
    13
    16
    16
    12
    9
    10
    15
    14
    7
    6
    12
    9
    8
    12
    6
    7
    7
    10
    17
    7
    7
    7
    7
    9
    6
    10
    9
    8
    2
    11
    6
    9
    7
    6
    9
    4
    5
    7
    316
    323
    261
    260
    249
    207
    206
    179
    205
    153
    160
    142
    143
    125
    126
    106
    112
    114
    110
    90
    95
    90
    79
    68
    63
    73
    71
    71
    50
    71
    59
    55
    53
    49
    49
    41
    51
    54
    49
    36
    46
    36
    45
    43
    45
    22
    32
    30
    24
    26
    24
    21
    23
    25
    21
    19
    26
    20
    16
    22
    16
    25
    16
    21
    14
    22
    15
    22
    14
    18
    19
    15
    15
    6
    8
    8
    12
    14
    14
    10
    9
    12
    5
    6
    13
    12
    12
    11
    9
    12
    10
    9
    7
    13
    5
    4
    4
    11
    6
    6
    329
    334
    311
    245
    218
    261
    188
    176
    169
    177
    167
    139
    137
    119
    111
    121
    119
    113
    87
    108
    102
    97
    83
    83
    77
    74
    74
    79
    56
    64
    56
    56
    61
    49
    50
    46
    53
    40
    48
    58
    48
    31
    45
    31
    42
    36
    37
    24
    28
    30
    28
    20
    35
    29
    24
    36
    22
    20
    21
    27
    15
    20
    18
    17
    19
    10
    9
    12
    16
    15
    6
    13
    22
    13
    21
    10
    10
    8
    13
    12
    9
    10
    11
    13
    14
    8
    5
    7
    6
    8
    2
    5
    5
    5
    2
    3
    9
    5
    7
    2
    352
    293
    283
    250
    249
    220
    224
    182
    186
    168
    161
    137
    146
    132
    120
    106
    111
    107
    88
    117
    93
    80
    107
    89
    72
    81
    68
    67
    62
    61
    71
    46
    46
    62
    49
    51
    44
    50
    43
    42
    25
    46
    42
    30
    26
    28
    35
    26
    24
    35
    29
    36
    36
    13
    21
    27
    24
    14
    28
    15
    16
    27
    20
    15
    14
    10
    21
    14
    15
    12
    17
    16
    13
    12
    14
    10
    13
    16
    9
    8
    7
    10
    13
    11
    10
    9
    13
    10
    9
    7
    8
    7
    9
    9
    9
    4
    10
    4
    12
    3
    331
    311
    275
    266
    214
    226
    211
    208
    182
    172
    144
    176
    158
    125
    134
    127
    124
    102
    116
    106
    90
    85
    99
    88
    82
    81
    81
    60
    73
    60
    56
    68
    56
    40
    42
    49
    36
    28
    36
    37
    44
    38
    33
    41
    37
    31
    36
    30
    36
    21
    27
    23
    23
    22
    21
    29
    19
    13
    19
    11
    20
    14
    16
    8
    22
    17
    16
    16
    13
    13
    11
    12
    10
    10
    10
    14
    9
    17
    14
    12
    10
    11
    14
    9
    11
    9
    10
    9
    12
    9
    6
    6
    5
    5
    6
    5
    4
    6
    6
    5
    382
    292
    289
    265
    220
    215
    199
    180
    190
    185
    149
    154
    143
    138
    118
    116
    102
    109
    112
    76
    110
    89
    98
    73
    75
    67
    75
    63
    77
    60
    63
    52
    73
    61
    51
    49
    42
    43
    41
    40
    43
    36
    40
    40
    29
    29
    31
    27
    44
    20
    18
    37
    17
    24
    18
    16
    22
    30
    17
    12
    18
    18
    29
    21
    14
    22
    13
    13
    13
    10
    13
    14
    14
    13
    8
    8
    14
    13
    9
    15
    6
    8
    11
    7
    18
    6
    5
    5
    7
    9
    11
    12
    9
    5
    7
    10
    5
    5
    6
    5
    381
    320
    287
    268
    229
    234
    230
    194
    183
    178
    154
    159
    129
    144
    131
    107
    116
    123
    106
    103
    98
    88
    75
    81
    88
    61
    68
    77
    61
    62
    62
    59
    61
    46
    63
    53
    35
    36
    43
    41
    49
    48
    38
    29
    45
    33
    23
    26
    20
    38
    32
    32
    30
    27
    15
    25
    24
    21
    17
    24
    26
    15
    18
    16
    15
    19
    14
    18
    11
    10
    16
    18
    21
    11
    13
    12
    7
    9
    11
    6
    8
    11
    11
    14
    8
    12
    12
    6
    11
    6
    4
    6
    8
    11
    14
    3
    6
    3
    8
    5
    351
    333
    277
    229
    252
    219
    213
    190
    191
    155
    158
    145
    155
    127
    126
    123
    108
    113
    117
    99
    90
    80
    98
    92
    71
    82
    71
    69
    60
    70
    51
    47
    54
    48
    53
    40
    52
    54
    47
    47
    34
    31
    38
    42
    38
    20
    28
    39
    31
    28
    32
    27
    25
    21
    27
    20
    20
    20
    19
    18
    17
    19
    20
    21
    22
    26
    13
    14
    15
    9
    13
    16
    15
    12
    15
    11
    10
    12
    4
    10
    7
    8
    5
    8
    7
    11
    9
    8
    18
    9
    10
    6
    11
    11
    6
    6
    12
    11
    2
    9
    333
    339
    288
    242
    247
    228
    198
    215
    191
    164
    148
    158
    140
    153
    108
    126
    95
    105
    114
    109
    102
    88
    84
    76
    87
    72
    67
    68
    70
    72
    62
    53
    50
    62
    57
    58
    51
    50
    46
    40
    31
    28
    34
    35
    32
    29
    33
    28
    25
    27
    20
    23
    27
    19
    23
    25
    24
    18
    26
    20
    19
    19
    19
    22
    14
    18
    24
    13
    22
    19
    18
    17
    9
    12
    13
    14
    14
    11
    12
    13
    16
    12
    7
    6
    2
    9
    10
    8
    10
    7
    4
    5
    15
    9
    6
    11
    11
    5
    8
    13

Data:
    0
    0
    0
    0
    0
    0
    0
    0
    0
    0
    0
    0
    0
    0
    0
    0
    0
    0
    0
    0
    0
    0
    0
    0
    0
    0
    0
    0
    0
    0
    0
    0
    0
    0
    0
    0
    0
    0
    0
    0
    0
    0
    0
    0
    0
    0
    0
    0
    0
    0
    0
    0
    0
    0
    0
    0
    0
    0
    0
    0
    0
    0
    0
    0
    0
    0
    0
    0
    0
    0
    0
    0
    0
    0
    0
    0
    0
    0
    0
    0
    0
    0
    0
    0
    0
    0
    0
    0
    0
    0
    0
    0
    0
    0
    0
    0
    0
    0
    0
    0
    0
    0
    0
    0
    0
    0
    0
    0
    0
    0
    0
    0
    0
    0
    0
    0
    0
    0
    0
    0
    0
    0
    0
    0
    0
    0
    0
    0
    0
    0
    0
    0
    0
    0
    0
    0
    0
    0
    0
    0
    0
    0
    0
    0
    0
    0
    0
    0
    0
    0
    0
    0
    0
    0
    0
    0
    0
    0
    0
    0
    0
    0
    0
    0
    0
    0
    0
    0
    0
    0
    0
    0
    0
    0
    0
    0
    0
    0
    0
    0
    0
    0
    0
    0
    0
    0
    0
    0
    0
    0
    0
    0
    0
    0
    0
    0
    0
    0
    0
    0
    0
    0
    0
    0
    0
    0
    0
    0
    0
    0
    0
    0
    0
    0
    0
    0
    0
    0
    0
    0
    0
    0
    0
    0
    0
    0
    0
    0
    0
    0
    0
    0
    0
    0
    0
    0
    0
    0
    0
    0
    0
    0
    0
    0
    0
    0
    0
    0
    0
    0
    0
    0
    0
    0
    0
    0
    0
    0
    0
    0
    0
    0
    0
    0
    0
    0
    0
    0
    0
    0
    0
    0
    0
    0
    0
    0
    0
    0
    0
    0
    0
    0
    0
    0
    0
    0
    0
    0
    0
    0
    0
    0
    0
    0
    0
    0
    0
    0
    0
    0
    0
    0
    0
    0
    0
    0
    0
    0
    0
    0
    0
    0
    0
    0
    0
    0
    0
    0
    0
    0
    0
    0
    0
    0
    0
    0
    0
    0
    0
    0
    0
    0
    0
    0
    0
    0
    0
    0
    0
    0
    0
    0
    0
    0
    0
    0
    0
    0
    0
    0
    0
    0
    0
    0
    0
    0
    0
    0
    0
    0
    0
    0
    0
    0
    0
    0
    0
    0
    0
    0
    0
    0
    0
    0
    0
    0
    0
    0
    0
    0
    0
    0
    0
    0
    0
    0
    0
    0
    0
    0
    0
    0
    0
    0
    0
    0
    0
    0
    0
    0
    0
    0
    0
    0
    0
    0
    0
    0
    0
    0
    0
    0
    0
    0
    0
    0
    0
    0
    0
    0
    0
    0
    0
    0
    0
    0
    0
    0
    0
    0
    0
    0
    0
    0
    0
    0
    0
    0
    0
    0
    0
    0
    0
    0
    0
    0
    0
    0
    0
    0
    0
    0
    0
    0
    0
    0
    0
    0
    0
    0
    0
    0
    0
    0
    0
    0
    0
    0
    0
    0
    0
    0
    0
    0
    0
    0
    0
    0
    0
    0
    0
    0
    0
    0
    0
    0
    0
    0
    0
    0
    0
    0
    0
    0
    0
    0
    0
    0
    0
    0
    0
    0
    0
    0
    0
    0
    0
    0
    0
    0
    0
    0
    0
    0
    0
    0
    0
    0
    0
    0
    0
    0
    0
    0
    0
    0
    0
    0
    0
    0
    0
    0
    0
    0
    0
    0
    0
    0
    0
    0
    0
    0
    0
    0
    0
    0
    0
    0
    0
    0
    0
    0
    0
    0
    0
    0
    0
    0
    0
    0
    0
    0
    0
    0
    0
    0
    0
    0
    0
    0
    0
    0
    0
    0
    0
    0
    0
    0
    0
    0
    0
    0
    0
    0
    0
    0
    0
    0
    0
    0
    0
    0
    0
    0
    0
    0
    0
    0
    0
    0
    0
    0
    0
    0
    0
    0
    0
    0
    0
    0
    0
    0
    0
    0
    0
    0
    0
    0
    0
    0
    0
    0
    0
    0
    0
    0
    0
    0
    0
    0
    0
    0
    0
    0
    0
    0
    0
    0
    0
    0
    0
    0
    0
    0
    0
    0
    0
    0
    0
    0
    0
    0
    0
    0
    0
    0
    0
    0
    0
    0
    0
    0
    0
    0
    0
    0
    0
    0
    0
    0
    0
    0
    0
    0
    0
    0
    0
    0
    0
    0
    0
    0
    0
    0
    0
    0
    0
    0
    0
    0
    0
    0
    0
    0
    0
    0
    0
    0
    0
    0
    0
    0
    0
    0
    0
    0
    0
    0
    0
    0
    0
    0
    0
    0
    0
    0
    0
    0
    0
    0
    0
    0
    0
    0
    0
    0
    0
    0
    0
    0
    0
    0
    0
    0
    0
    0
    0
    0
    0
    0
    0
    0
    0
    0
    0
    0
    0
    0
    0
    0
    0
    0
    0
    0
    0
    0
    0
    0
    0
    0
    0
    0
    0
    0
    0
    0
    0
    0
    0
    0
    0
    0
    0
    0
    0
    0
    0
    0
    0
    0
    0
    0
    0
    0
    0
    0
    0
    0
    0
    0
    0
    0
    0
    0
    0
    0
    0
    0
    0
    0
    0
    0
    0
    0
    0
    0
    0
    0
    0
    0
    0
    0
    0
    0
    0
    0
    0
    0
    0
    0
    0
    0
    0
    0
    0
    0
    0
    0
    0
    0
    0
    0
    0
    0
    0
    0
    0
    0
    0
    0
    0
    0
    0
    0
    0
    0
    0
    0
    0
    0
    0
    0
    0
    0
    0
    0
    0
    0
    0
    0
    0
    0
    0
    0
    0
    0
    0
    0
    0
    0
    0
    0
    0
    0
    0
    0
    0
    0
    0
    0
    0
    0
    0
    0
    0
    0
    0
    0
    0
    0
    0
    0
    0
    0
    0
    0
    0
    0
    0
    0
    0
    0
    0
    0
    0
    0
    0
    0
    0
    0
    0
    0
    0
    0
    0
    0
    0
    0
    0
    0
    0
    0
    0
    0
    0
    0
    0
    0
    0
    0
    0
    0
    0
    0
    0
    0
    0
    0
    0
    0
    0
    0
    0
    0
    0
    0
    0
    0
    0
    0
    0
    0
    0
    0
    0
    0
    0
    0
    0
    0
    0
    0
    0
    0
    0
    0
    0
    0
    0
    0
    0
    0
    0
    0
    0
    0
    0
    0
    0
    0
    0
    0
    0
    0
    0
    0
    0
    0
    0
    0
    0
    0
    0
    0
    0
    0
    0
    0
    0
    0
    0
    0
    0
    0
    0
    0
    0
    0
    0
    0
    0
    0
    0
    0
    0
    0
    0
    0
    0
    0
    0
    0
    0
    0
    0
    0
    0
    0
    0
    0
    0
    0
    0
    0
    0
    0
    0
    0
    0
    0
    0
    0
    0
    0
    0
    0
    0
    0
    0
    0
    0
    0
    0
    0
    0
    0
    0
    0
    0
    0
    0
    0
    0
    0
    0
    0
    0
    0
    0
    0
    0
    0
    0
    0
    0
    0
    0
    0
    0
    0
    0
    0
    0
    0
    0
    0
    0
    0
    0
    0
    0
    0
    0
    0
    0
    0
    0
    0
    0
    0
    0
    0
    0
    0
    0
    0
    0
    0
    0
    0
    0
    0
    0
    0
    0
    0
    0
    0
    0
    0
    0
    0
    0
    0
    0
    0
    0
    0
    0
    0
    0
    0
    0
    0
    0
    0
    0
    0
    0
    0
    0
    0
    0
    0
    0
    0
    0
    0
    0
    0
    0
    0
    0
    0
    0
    0
    0
    0
    0
    0
    0
    0
    0
    0
    0
    0
    0
    0
    0
    0
    0
    0
    0
    0
    0
    0
    0
    0
    0
    0
    0
    0
    0
    0
    0
    0
    0
    0
    0
    0
    0
    0
    0
    0
    0
    0
    0
    0
    0
    0
    0
    0
    0
    0
    0
    0
    0
    0
    0
    0
    0
    0
    0
    0
    0
    0
    0
    0
    0
    0
    0
    0
    0
    0
    0
    0
    0
    0
    0
    0
    0
    0
    0
    0
    0
    0
    0
    0
    0
    0
    0
    0
    0
    0
    0
    0
    0
    0
    0
    0
    0
    0
    0
    0
    0
    0
    0
    0
    0
    0
    0
    0
    0
    0
    0
    0
    0
    0
    0
    0
    0
    0
    0
    0
    0
    0
    0
    0
    0
    0
    0
    0
    0
    0
    0
    0
    0
    0
    0
    0
    0
    0
    0
    0
    0
    0
    0
    0
    0
    0
    0
    0
    0
    0
    0
    0
    0
    0
    0
    0
    0
    0
    0
    0
    0
    0
    0
    0
    0
    0
    0
    0
    0
    0
    0
    0
    0
    0
    0
    0
    0
    0
    0
    0
    0
    0
    0
    0
    0
    0
    0
    0
    0
    0
    0
    0
    0
    0
    0
    0
    0
    0
    0
    0
    0
    0
    0
    0
    0
    0
    0
    0
    0
    0
    0
    0
    0
    0
    0
    0
    0
    0
    0
    0
    0
    0
    0
    0
    0
    0
    0
    0
    0
    0
    0
    0
    0
    0
    0
    0
    0
    0
    0
    0
    0
    0
    0
    0
    0
    0
    0
    0
    0
    0
    0
    0
    0
    0
    0
    0
    0
    0
    0
    0
    0
    0
    0
    0
    0
    0
    0
    0
    0
    0
    0
    0
    0
    0
    0
    0
    0
    0
    0
    0
    0
    0
    0
    0
    0
    0
    0
    0
    0
    0
    0
    0
    0
    0
    0
    0
    0
    0
    0
    0
    0
    0
    0
    0
    0
    0
    0
    0
    0
    0
    0
    0
    0
    0
    0
    0
    0
    0
    0
    0
    0
    0
    0
    0
    0
    0
    0
    0
    0
    0
    0
    0
    0
    0
    0
    0
    0
    0
    0
    0
    0
    0
    0
    0
    0
    0
    0
    0
    0
    0
    0
    0
    0
    0
    0
    0
    0
    0
    0
    0
    0
    0
    0
    0
    0
    0
    0
    0
    0
    0
    0
    0
    0
    0
    0
    0
    0
    0
    0
    0
    0
    0
    0
    0
    0
    0
    0
    0
    0
    0
    0
    0
    0
    0
    0
    0
    0
    0
    0
    0
    0
    0
    0
    0
    0
    0
    0
    0
    0
    0
    0
    0
    0
    0
    0
    0
    0
    0
    0
    0
    0
    0
    0
    0
    0
    0
    0
    0
    0
    0
    0
    0
    0
    0
    0
    0
    0
    0
    0
    0
    0
    0
    0
    0
    0
    0
    0
    0
    0
    0
    0
    0
    0
    0
    0
    0
    0
    0
    0
    0
    0
    0
    0
    0
    0
    0
    0
    0
    0
    0
    0
    0
    0
    0
    0
    0
    0
    0
    0
    0
    0
    0
    0
    0
    0
    0
    0
    0
    0
    0
    0
    0
    0
    0
    0
    0
    0
    0
    0
    0
    0
    0
    0
    0
    0
    0
    0
    0
    0
    0
    0
    0
    0
    0
    0
    0
    0
    0
    0
    0
    0
    0
    0
    0
    0
    0
    0
    0
    0
    0
    0
    0
    0
    0
    0
    0
    0
    0
    0
    0
    0
    0
    0
    0
    0
    0
    0
    0
    0
    0
    0
    0
    0
    0
    0
    0
    0
    0
    0
    0
    0
    0
    0
    0
    0
    0
    0
    0
    0
    0
    0
    0
    0
    0
    0
    0
    0
    0
    0
    0
    0
    0
    0
    0
    0
    0
    0
    0
    0
    0
    0
    0
    0
    0
    0
    0
    0
    0
    0
    0
    0
    0
    0
    0
    0
    0
    0
    0
    0
    0
    0
    0
    0
    0
    0
    0
    0
    0
    0
    0
    0
    0
    0
    0
    0
    0
    0
    0
    0
    0
    0
    0
    0
    0
    0
    0
    0
    0
    0
    0
    0
    0
    0
    0
    0
    0
    0
    0
    0
    0
    0
    0
    0
    0
    0
    0
    0
    0
    0
    0
    0
    0
    0
    0
    0
    0
    0
    0
    0
    0
    0
    0
    0
    0
    0
    0
    0
    0
    0
    0
    0
    0
    0
    0
    0
    0
    0
    0
    0
    0
    0
    0
    0
    0
    0
    0
    0
    0
    0
    0
    0
    0
    0
    0
    0
    0
    0
    0
    0
    0
    0
    0
    0
    0
    0
    0
    0
    0
    0
    0
    0
    0
    0
    0
    0
    0
    0
    0
    0
    0
    0
    0
    0
    0
    0
    0
    0
    0
    0
    0
    0
    0
    0
    0
    0
    0
    0
    0
    0
    0
    0
    0
    0
    0
    0
    0
    0
    0
    0
    0
    0
    0
    0
    0
    0
    0
    0
    0
    0
    0
    0
    0
    0
    0
    0
    0
    0
    0
    0
    0
    0
    0
    0
    0
    0
    0
    0
    0
    0
    0
    0
    0
    0
    0
    0
    0
    0
    0
    0
    0
    0
    0
    0
    0
    0
    0
    0
    0
    0
    0
    0
    0
    0
    0
    0
    0
    0
    0
    0
    0
    0
    0
    0
    0
    0
    0
    0
    0
    0
    0
    0
    0
    0
    0
    0
    0
    0
    0
    0
    0
    0
    0
    0
    0
    0
    0
    0
    0
    0
    0
    0
    0
    0
    0
    0
    0
    0
    0
    0
    0
    0
    0
    0
    0
    0
    0
    0
    0
    0
    0
    0
    0
    0
    0
    0
    0
    0
    0
    0
    0
    0
    0
    0
    0
    0
    0
    0
    0
    0
    0
    0
    0
    0
    0
    0
    0
    0
    0
    0
    0
    0
    0
    0
    0
    0
    0
    0
    0
    0
    0
    0
    0
    0
    0
    0
    0
    0
    0
    0
    0
    0
    0
    0
    0
    0
    0
    0
    0
    0
    0
    0
    0
    0
    0
    0
    0
    0
    0
    0
    0
    0
    0
    0
    0
    0
    0
    0
    0
    0
    0
    0
    0
    0
    0
    0
    0
    0
    0
    0
    0
    0
    0
    0
    0
    0
    0
    0
    0
    0
    0
    0
    0
    0
    0
    0
    0
    0
    0
    0
    0
    0
    0
    0
    0
    0
    0
    0
    0
    0
    0
    0
    0
    0
    0
    0
    0
    0
    0
    0
    0
    0
    0
    0
    0
    0
    0
    0
    0
    0
    0
    0
    0
    0
    0
    0
    0
    0
    0
    0
    0
    0
    0
    0
    0
    0
    0
    0
    0
    0
    0
    0
    0
    0
    0
    0
    0
    0
    0
    0
    0
    0
    0
    0
    0
    0
    0
    0
    0
    0
    0
    0
    0
    0
    0
    0
    0
    0
    0
    0
    0
    0
    0
    0
    0
    0
    0
    0
    0
    0
    0
    0
    0
    0
    0
    0
    0
    0
    0
    0
    0
    0
    0
    0
    0
    0
    0
    0
    0
    0
    0
    0
    0
    0
    0
    0
    0
    0
    0
    0
    0
    0
    0
    0
    0
    0
    0
    0
    0
    0
    0
    0
    0
    0
    0
    0
    0
    0
    0
    0
    0
    0
    0
    0
    0
    0
    0
    0
    0
    0
    0
    0
    0
    0
    0
    0
    0
    0
    0
    0
    0
    0
    0
    0
    0
    0
    0
    0
    0
    0
    0
    0
    0
    0
    0
    0
    0
    0
    0
    0
    0
    0
    0
    0
    0
    0
    0
    0
    0
    0
    0
    0
    0
    0
    0
    0
    0
    0
    0
    0
    0
    0
    0
    0
    0
    0
    0
    0
    0
    0
    0
    0
    0
    0
    0
    0
    0
    0
    0
    0
    0
    0
    0
    0
    0
    0
    0
    0
    0
    0
    0
    0
    0
    0
    0
    0
    0
    0
    0
    0
    0
    0
    0
    0
    0
    0
    0
    0
    0
    0
    0
    0
    0
    0
    0
    0
    0
    0
    0
    0
    0
    0
    0
    0
    0
    0
    0
    0
    0
    0
    0
    0
    0
    0
    0
    0
    0
    0
    0
    0
    0
    0
    0
    0
    0
    0
    0
    0
    0
    0
    0
    0
    0
    0
    0
    0
    0
    0
    0
    0
    0
    0
    0
    0
    0
    0
    0
    0
    0
    0
    0
    0
    0
    0
    0
    0
    0
    0
    0
    0
    0
    0
    0
    0
    0
    0
    0
    0
    0
    0
    0
    0
    0
    0
    0
    0
    0
    0
    0
    0
    0
    0
    0
    0
    0
    0
    0
    0
    0
    0
    0
    0
    0
    0
    0
    0
    0
    0
    0
    0
    0
    0
    0
    0
    0
    0
    0
    0
    0
    0
    0
    0
    0
    0
    0
    0
    0
    0
    0
    0
    0
    0
    0
    0
    0
    0
    0
    0
    0
    0
    0
    0
    0
    0
    0
    0
    0
    0
    0
    0
    0
    0
    0
    0
    0
    0
    0
    0
    0
    0
    0
    0
    0
    0
    0
    0
    0
    0
    0
    0
    0
    0
    0
    0
    0
    0
    0
    0
    0
    0
    0
    0
    0
    0
    0
    0
    0
    0
    0
    0
    0
    0
    0
    0
    0
    0
    0
    0
    0
    0
    0
    0
    0
    0
    0
    0
    0
    0
    0
    0
    0
    0
    0
    0
    0
    0
    0
    0
    0
    0
    0
    0
    0
    0
    0
    0
    0
    0
    0
    0
    0
    0
    0
    0
    0
    0
    0
    0
    0
    0
    0
    0
    0
    0
    0
    0
    0
    0
    0
    0
    0
    0
    0
    0
    0
    0
    0
    0
    0
    0
    0
    0
    0
    0
    0
    0
    0
    0
    0
    0
    0
    0
    0
    0
    0
    0
    0
    0
    0
    0
    0
    0
    0
    0
    0
    0
    0
    0
    0
    0
    0
    0
    0
    0
    0
    0
    0
    0
    0
    0
    0
    0
    0
    0
    0
    0
    0
    0
    0
    0
    0
    0
    0
    0
    0
    0
    0
    0
    0
    0
    0
    0
    0
    0
    0
    0
    0
    0
    0
    0
    0
    0
    0
    0
    0
    0
    0
    0
    0
    0
    0
    0
    0
    0
    0
    0
    0
    0
    0
    0
    0
    0
    0
    0
    0
    0
    0
    0
    0
    0
    0
    0
    0
    0
    0
    0
    0
    0
    0
    0
    0
    0
    0
    0
    0
    0
    0
    0
    0
    0
    0
    0
    0
    0
    0
    0
    0
    0
    0
    0
    0
    0
    0
    0
    0
    0
    0
    0
    0
    0
    0
    0
    0
    0
    0
    0
    0
    0
    0
    0
    0
    0
    0
    0
    0
    0
    0
    0
    0
    0
    0
    0
    0
    0
    0
    0
    0
    0
    0
    0
    0
    0
    0
    0
    0
    0
    0
    0
    0
    0
    0
    0
    0
    0
    0
    0
    0
    0
    0
    0
    0
    0
    0
    0
    0
    0
    0
    0
    0
    0
    0
    0
    0
    0
    0
    0
    0
    0
    0
    0
    0
    0
    0
    0
    0
    0
    0
    0
    0
    0
    0
    0
    0
    0
    0
    0
    0
    0
    0
    0
    0
    0
    0
    0
    0
    0
    0
    0
    0
    0
    0
    0
    0
    0
    0
    0
    0
    0
    0
    0
    0
    0
    0
    0
    0
    0
    0
    0
    0
    0
    0
    0
    0
    0
    0
    0
    0
    0
    0
    0
    0
    0
    0
    0
    0
    0
    0
    0
    0
    0
    0
    0
    0
    0
    0
    0
    0
    0
    0
    0
    0
    0
    0
    0
    0
    0
    0
    0
    0
    0
    0
    0
    0
    0
    0
    0
    0
    0
    0
    0
    0
    0
    0
    0
    0
    0
    0
    0
    0
    0
    0
    0
    0
    0
    0
    0
    0
    0
    0
    0
    0
    0
    0
    0
    0
    0
    0
    0
    0
    0
    0
    0
    0
    0
    0
    0
    0
    0
    0
    0
    0
    0
    0
    0
    0
    0
    0
    0
    0
    0
    0
    0
    0
    0
    0
    0
    0
    0
    0
    0
    0
    0
    0
    0
    0
    0
    0
    0
    0
    0
    0
    0
    0
    0
    0
    0
    0
    0
    0
    0
    0
    0
    0
    0
    0
    0
    0
    0
    0
    0
    0
    0
    0
    0
    0
    0
    0
    0
    0
    0
    0
    0
    0
    0
    0
    0
    0
    0
    0
    0
    0
    0
    0
    0
    0
    0
    0
    0
    0
    0
    0
    0
    0
    0
    0
    0
    0
    0
    0
    0
    0
    0
    0
    0
    0
    0
    0
    0
    0
    0
    0
    0
    0
    0
    0
    0
    0
    0
    0
    0
    0
    0
    0
    0
    0
    0
    0
    0
    0
    0
    0
    0
    0
    0
    0
    0
    0
    0
    0
    0
    0
    0
    0
    0
    0
    0
    0
    0
    0
    0
    0
    0
    0
    0
    0
    0
    0
    0
    0
    0
    0
    0
    0
    0
    0
    0
    0
    0
    0
    0
    0
    0
    0
    0
    0
    0
    0
    0
    0
    0
    0
    0
    0
    0
    0
    0
    0
    0
    0
    0
    0
    0
    0
    0
    0
    0
    0
    0
    0
    0
    0
    0
    0
    0
    0
    0
    0
    0
    0
    0
    0
    0
    0
    0
    0
    0
    0
    0
    0
    0
    0
    0
    0
    0
    0
    0
    0
    0
    0
    0
    0
    0
    0
    0
    0
    0
    0
    0
    0
    0
    0
    0
    0
    0
    0
    0
    0
    0
    0
    0
    0
    0
    0
    0
    0
    0
    0
    0
    0
    0
    0
    0
    0
    0
    0
    0
    0
    0
    0
    0
    0
    0
    0
    0
    0
    0
    0
    0
    0
    0
    0
    0
    0
    0
    0
    0
    0
    0
    0
    0
    0
    0
    0
    0
    0
    0
    0
    0
    0
    0
    0
    0
    0
    0
    0
    0
    0
    0
    0
    0
    0
    0
    0
    0
    0
    0
    0
    0
    0
    0
    0
    0
    0
    0
    0
    0
    0
    0
    0
    0
    0
    0
    0
    0
    0
    0
    0
    0
    0
    0
    0
    0
    0
    0
    0
    0
    0
    0
    0
    0
    0
    0
    0
    0
    0
    0
    0
    0
    0
    0
    0
    0
    0
    0
    0
    0
    0
    0
    0
    0
    0
    0
    0
    0
    0
    0
    0
    0
    0
    0
    0
    0
    0
    0
    0
    0
    0
    0
    0
    0
    0
    0
    0
    0
    0
    0
    0
    0
    0
    0
    0
    0
    0
    0
    0
    0
    0
    0
    0
    0
    0
    0
    0
    0
    0
    0
    0
    0
    0
    0
    0
    0
    0
    0
    0
    0
    0
    0
    0
    0
    0
    0
    0
    0
    0
    0
    0
    0
    0
    0
    0
    0
    0
    0
    0
    0
    0
    0
    0
    0
    0
    0
    0
    0
    0
    0
    0
    0
    0
    0
    0
    0
    0
    0
    0
    0
    0
    0
    0
    0
    0
    0
    0
    0
    0
    0
    0
    0
    0
    0
    0
    0
    0
    0
    0
    0
    0
    0
    0
    0
    0
    0
    0
    0
    0
    0
    0
    0
    0
    0
    0
    0
    0
    0
    0
    0
    0
    0
    0
    0
    0
    0
    0
    0
    0
    0
    0
    0
    0
    0
    0
    0
    0
    0
    0
    0
    0
    0
    0
    0
    0
    0
    0
    0
    0
    0
    0
    0
    0
    0
    0
    0
    0
    0
    0
    0
    0
    0
    0
    0
    0
    0
    0
    0
    0
    0
    0
    0
    0
    0
    0
    0
    0
    0
    0
    0
    0
    0
    0
    0
    0
    0
    0
    0
    0
    0
    0
    0
    0
    0
    0
    0
    0
    0
    0
    0
    0
    0
    0
    0
    0
    0
    0
    0
    0
    0
    0
    0
    0
    0
    0
    0
    0
    0
    0
    0
    0
    0
    0
    0
    0
    0
    0
    0
    0
    0
    0
    0
    0
    0
    0
    0
    0
    0
    0
    0
    0
    0
    0
    0
    0
    0
    0
    0
    0
    0
    0
    0
    0
    0
    0
    0
    0
    0
    0
    0
    0
    0
    0
    0
    0
    0
    0
    0
    0
    0
    0
    0
    0
    0
    0
    0
    0
    0
    0
    0
    0
    0
    0
    0
    0
    0
    0
    0
    0
    0
    0
    0
    0
    0
    0
    0
    0
    0
    0
    0
    0
    0
    0
    0
    0
    0
    0
    0
    0
    0
    0
    0
    0
    0
    0
    0
    0
    0
    0
    0
    0
    0
    0
    0
    0
    0
    0
    0
    0
    0
    0
    0
    0
    0
    0
    0
    0
    0
    0
    0
    0
    0
    0
    0
    0
    0
    0
    0
    0
    0
    0
    0
    0
    0
    0
    0
    0
    0
    0
    0
    0
    0
    0
    0
    0
    0
    0
    0
    0
    0
    0
    0
    0
    0
    0
    0
    0
    0
    0
    0
    0
    0
    0
    0
    0
    0
    0
    0
    0
    0
    0
    0
    0
    0
    0
    0
    0
    0
    0
    0
    0
    0
    0
    0
    0
    0
    0
    0
    0
    0
    0
    0
    0
    0
    0
    0
    0
    0
    0
    0
    0
    0
    0
    0
    0
    0
    0
    0
    0
    0
    0
    0
    0
    0
    0
    0
    0
    0
    0
    0
    0
    0
    0
    0
    0
    0
    0
    0
    0
    0
    0
    0
    0
    0
    0
    0
    0
    0
    0
    0
    0
    0
    0
    0
    0
    0
    0
    0
    0
    0
    0
    0
    0
    0
    0
    0
    0
    0
    0
    0
    0
    0
    0
    0
    0
    0
    0
    0
    0
    0
    0
    0
    0
    0
    0
    0
    0
    0
    0
    0
    0
    0
    0
    0
    0
    0
    0
    0
    0
    0
    0
    0
    0
    0
    0
    0
    0
    0
    0
    0
    0
    0
    0
    0
    0
    0
    0
    0
    0
    0
    0
    0
    0
    0
    0
    0
    0
    0
    0
    0
    0
    0
    0
    0
    0
    0
    0
    0
    0
    0
    0
    0
    0
    0
    0
    0
    0
    0
    0
    0
    0
    0
    0
    0
    0
    0
    0
    0
    0
    0
    0
    0
    0
    0
    0
    0
    0
    0
    0
    0
    0
    0
    0
    0
    0
    0
    0
    0
    0
    0
    0
    0
    0
    0
    0
    0
    0
    0
    0
    0
    0
    0
    0
    0
    0
    0
    0
    0
    0
    0
    0
    0
    0
    0
    0
    0
    0
    0
    0
    0
    0
    0
    0
    0
    0
    0
    0
    0
    0
    0
    0
    0
    0
    0
    0
    0
    0
    0
    0
    0
    0
    0
    0
    0
    0
    0
    0
    0
    0
    0
    0
    0
    0
    0
    0
    0
    0
    0
    0
    0
    0
    0
    0
    0
    0
    0
    0
    0
    0
    0
    0
    0
    0
    0
    0
    0
    0
    0
    0
    0
    0
    0
    0
    0
    0
    0
    0
    0
    0
    0
    0
    0
    0
    0
    0
    0
    0
    0
    0
    0
    0
    0
    0
    0
    0
    0
    0
    0
    0
    0
    0
    0
    0
    0
    0
    0
    0
    0
    0
    0
    0
    0
    0
    0
    0
    0
    0
    0
    0
    0
    0
    0
    0
    0
    0
    0
    0
    0
    0
    0
    0
    0
    0
    0
    0
    0
    0
    0
    0
    0
    0
    0
    0
    0
    0
    0
    0
    0
    0
    0
    0
    0
    0
    0
    0
    0
    0
    0
    0
    0
    0
    0
    0
    0
    0
    0
    0
    0
    0
    0
    0
    0
    0
    0
    0
    0
    0
    0
    0
    0
    0
    0
    0
    0
    0
    0
    0
    0
    0
    0
    0
    0
    0
    0
    0
    0
    0
    0
    0
    0
    0
    0
    0
    0
    0
    0
    0
    0
    0
    0
    0
    0
    0
    0
    0
    0
    0
    0
    0
    0
    0
    0
    0
    0
    0
    0
    0
    0
    0
    0
    0
    0
    0
    0
    0
    0
    0
    0
    0
    0
    0
    0
    0
    0
    0
    0
    0
    0
    0
    0
    0
    0
    0
    0
    0
    0
    0
    0
    0
    0
    0
    0
    0
    0
    0
    0
    0
    0
    0
    0
    0
    0
    0
    0
    0
    0
    0
    0
    0
    0
    0
    0
    0
    0
    0
    0
    0
    0
    0
    0
    0
    0
    0
    0
    0
    0
    0
    0
    0
    0
    0
    0
    0
    0
    0
    0
    0
    0
    0
    0
    0
    0
    0
    0
    0
    0
    0
    0
    0
    0
    0
    0
    0
    0
    0
    0
    0
    0
    0
    0
    0
    0
    0
    0
    0
    0
    0
    0
    0
    0
    0
    0
    0
    0
    0
    0
    0
    0
    0
    0
    0
    0
    0
    0
    0
    0
    0
    0
    0
    0
    0
    0
    0
    0
    0
    0
    0
    0
    0
    0
    0
    0
    0
    0
    0
    0
    0
    0
    0
    0
    0
    0
    0
    0
    0
    0
    0
    0
    0
    0
    0
    0
    0
    0
    0
    0
    0
    0
    0
    0
    0
    0
    0
    0
    0
    0
    0
    0
    0
    0
    0
    0
    0
    0
    0
    0
    0
    0
    0
    0
    0
    0
    0
    0
    0
    0
    0
    0
    0
    0
    0
    0
    0
    0
    0
    0
    0
    0
    0
    0
    0
    0
    0
    0
    0
    0
    0
    0
    0
    0
    0
    0
    0
    0
    0
    0
    0
    0
    0
    0
    0
    0
    0
    0
    0
    0
    0
    0
    0
    0
    0
    0
    0
    0
    0
    0
    0
    0
    0
    0
    0
    0
    0
    0
    0
    0
    0
    0
    0
    0
    0
    0
    0
    0
    0
    0
    0
    0
    0
    0
    0
    0
    0
    0
    0
    0
    0
    0
    0
    0
    0
    0
    0
    0
    0
    0
    0
    0
    0
    0
    0
    0
    0
    0
    0
    0
    0
    0
    0
    0
    0
    0
    0
    0
    0
    0
    0
    0
    0
    0
    0
    0
    0
    0
    0
    0
    0
    0
    0
    0
    0
    0
    0
    0
    0
    0
    0
    0
    0
    0
    0
    0
    0
    0
    0
    0
    0
    0
    0
    0
    0
    0
    0
    0
    0
    0
    0
    0
    0
    0
    0
    0
    0
    0
    0
    0
    0
    0
    0
    0
    0
    0
    0
    0
    0
    0
    0
    0
    0
    0
    0
    0
    0
    0
    0
    0
    0
    0
    0
    0
    0
    0
    0
    0
    0
    0
    0
    0
    0
    0
    0
    0
    0
    0
    0
    0
    0
    0
    0
    0
    0
    0
    0
    0
    0
    0
    0
    0
    0
    0
    0
    0
    0
    0
    0
    0
    0
    0
    0
    0
    0
    0
    0
    0
    0
    0
    0
    0
    0
    0
    0
    0
    0
    0
    0
    0
    0
    0
    0
    0
    0
    0
    0
    0
    0
    0
    0
    0
    0
    0
    0
    0
    0
    0
    0
    0
    0
    0
    0
    0
    0
    0
    0
    0
    0
    0
    0
    0
    0
    0
    0
    0
    0
    0
    0
    0
    0
    0
    0
    0
    0
    0
    0
    0
    0
    0
    0
    0
    0
    0
    0
    0
    0
    0
    0
    0
    0
    0
    0
    0
    0
    0
    0
    0
    0
    0
    0
    0
    0
    0
    0
    0
    0
    0
    0
    0
    0
    0
    0
    0
    0
    0
    0
    0
    0
    0
    0
    0
    0
    0
    0
    0
    0
    0
    0
    0
    0
    0
    0
    0
    0
    0
    0
    0
    0
    0
    0
    0
    0
    0
    0
    0
    0
    0
    0
    0
    0
    0
    0
    0
    0
    0
    0
    0
    0
    0
    0
    0
    0
    0
    0
    0
    0
    0
    0
    0
    0
    0
    0
    0
    0
    0
    0
    0
    0
    0
    0
    0
    0
    0
    0
    0
    0
    0
    0
    0
    0
    0
    0
    0
    0
    0
    0
    0
    0
    0
    0
    0
    0
    0
    0
    0
    0
    0
    0
    0
    0
    0
    0
    0
    0
    0
    0
    0
    0
    0
    0
    0
    0
    0
    0
    0
    0
    0
    0
    0
    0
    0
    0
    0
    0
    0
    0
    0
    0
    0
    0
    0
    0
    0
    0
    0
    0
    0
    0
    0
    0
    0
    0
    0
    0
    0
    0
    0
    0
    0
    0
    0
    0
    0
    0
    0
    0
    0
    0
    0
    0
    0
    0
    0
    0
    0
    0
    0
    0
    0
    0
    0
    0
    0
    0
    0
    0
    0
    0
    0
    0
    0
    0
    0
    0
    0
    0
    0
    0
    0
    0
    0
    0
    0
    0
    0
    0
    0
    0
    0
    0
    0
    0
    0
    0
    0
    0
    0
    0
    0
    0
    0
    0
    0
    0
    0
    0
    0
    0
    0
    0
    0
    0
    0
    0
    0
    0
    0
    0
    0
    0
    0
    0
    0
    0
    0
    0
    0
    0
    0
    0
    0
    0
    0
    0
    0
    0
    0
    0
    0
    0
    0
    0
    0
    0
    0
    0
    0
    0
    0
    0
    0
    0
    0
    0
    0
    0
    0
    0
    0
    0
    0
    0
    0
    0
