Project Info:
    ACQ Time: 2019- 9-24   9:32:57: 255 .
    Project: tq左侧足三里（加深涂红药水）
    Name: 
    Part:  
    Operator:  
    Desc.:  
    Sample Data Acquired.

ACQ Parameters:
    Excited Peroid(ms): 50
    Excited Time(ms): 10
    Acq Delay Time(us): 10
    Gate Time(ms): 20
    Count Num per gate: 100
    Repeat Times: 50
    Acq Gate Times: 1
    Interval per Gate(us): 100
    Channel Number: 2

Data:
    356
    314
    294
    228
    202
    203
    200
    198
    184
    161
    162
    147
    133
    115
    109
    103
    117
    123
    88
    110
    80
    77
    74
    79
    82
    70
    60
    53
    64
    47
    56
    63
    50
    49
    44
    50
    36
    44
    36
    36
    46
    30
    27
    31
    34
    25
    27
    25
    39
    21
    31
    27
    23
    17
    19
    16
    21
    31
    18
    18
    19
    19
    17
    16
    15
    17
    16
    14
    13
    9
    13
    14
    9
    11
    8
    12
    14
    8
    10
    9
    11
    12
    9
    11
    7
    10
    12
    16
    10
    7
    11
    8
    7
    2
    6
    8
    7
    9
    10
    5
    329
    316
    278
    252
    256
    208
    204
    188
    187
    164
    160
    140
    133
    103
    106
    119
    105
    113
    110
    82
    88
    78
    90
    90
    71
    74
    53
    67
    73
    69
    52
    67
    63
    44
    41
    50
    44
    41
    40
    32
    41
    35
    32
    44
    29
    22
    37
    32
    31
    28
    29
    39
    28
    23
    25
    19
    28
    29
    20
    18
    15
    19
    22
    21
    10
    23
    9
    14
    11
    10
    10
    17
    7
    10
    10
    8
    13
    16
    13
    10
    15
    13
    15
    9
    12
    6
    12
    9
    10
    13
    7
    12
    10
    8
    7
    6
    6
    6
    6
    5
    322
    346
    296
    251
    248
    222
    190
    168
    165
    163
    160
    138
    157
    101
    117
    108
    130
    131
    94
    72
    83
    100
    86
    61
    79
    71
    67
    68
    65
    45
    54
    49
    49
    68
    50
    45
    34
    32
    32
    40
    44
    31
    36
    27
    30
    30
    35
    21
    41
    23
    23
    16
    34
    25
    27
    17
    20
    13
    19
    19
    24
    15
    25
    15
    12
    16
    23
    7
    12
    13
    14
    15
    8
    10
    7
    10
    15
    13
    11
    4
    12
    5
    12
    10
    10
    10
    3
    8
    7
    6
    12
    10
    7
    9
    6
    6
    7
    8
    8
    4
    340
    334
    266
    248
    225
    205
    219
    205
    158
    163
    140
    155
    144
    139
    119
    104
    105
    105
    100
    95
    107
    79
    95
    85
    69
    64
    70
    51
    64
    48
    56
    51
    51
    44
    41
    58
    47
    53
    39
    31
    43
    37
    29
    31
    25
    29
    33
    25
    19
    25
    23
    21
    30
    14
    15
    25
    17
    24
    20
    17
    16
    16
    10
    18
    7
    29
    14
    12
    16
    8
    11
    8
    10
    14
    8
    13
    11
    10
    12
    11
    4
    10
    14
    3
    11
    10
    7
    7
    9
    8
    6
    9
    5
    6
    10
    4
    6
    5
    9
    5
    351
    310
    278
    243
    212
    234
    193
    176
    160
    152
    165
    146
    134
    136
    117
    99
    103
    104
    115
    101
    98
    90
    83
    76
    58
    79
    74
    65
    79
    57
    57
    58
    59
    56
    40
    41
    39
    38
    34
    40
    34
    31
    33
    32
    24
    32
    19
    37
    25
    31
    31
    30
    23
    17
    19
    13
    17
    27
    32
    14
    24
    16
    22
    20
    16
    21
    13
    27
    15
    12
    15
    22
    14
    11
    8
    11
    7
    10
    14
    12
    10
    15
    14
    10
    7
    12
    3
    10
    3
    10
    7
    9
    6
    11
    9
    8
    6
    3
    2
    5
    319
    335
    252
    236
    229
    201
    203
    213
    176
    177
    149
    135
    151
    125
    118
    124
    114
    114
    104
    100
    93
    90
    70
    74
    74
    65
    65
    61
    59
    51
    54
    44
    53
    45
    43
    47
    53
    49
    34
    38
    37
    32
    29
    36
    25
    35
    29
    29
    26
    18
    29
    26
    14
    24
    23
    18
    15
    7
    17
    13
    23
    10
    12
    20
    16
    25
    28
    14
    18
    12
    10
    18
    12
    11
    14
    11
    15
    9
    10
    10
    16
    5
    11
    9
    5
    7
    7
    11
    7
    11
    7
    2
    13
    5
    7
    10
    4
    8
    6
    8
    352
    310
    259
    268
    238
    184
    206
    210
    159
    155
    153
    159
    104
    136
    137
    106
    99
    110
    95
    102
    97
    98
    60
    86
    75
    77
    72
    68
    57
    56
    49
    37
    65
    41
    68
    44
    42
    35
    50
    38
    48
    33
    35
    36
    28
    28
    33
    34
    25
    19
    32
    25
    20
    20
    24
    32
    29
    18
    19
    29
    17
    18
    21
    24
    19
    13
    10
    18
    5
    14
    16
    17
    11
    5
    16
    6
    12
    9
    9
    12
    10
    12
    10
    11
    14
    13
    5
    9
    6
    2
    5
    12
    4
    7
    5
    5
    10
    5
    10
    9
    332
    305
    253
    259
    250
    222
    187
    202
    186
    154
    142
    125
    133
    99
    125
    113
    112
    92
    96
    101
    106
    88
    85
    75
    68
    62
    65
    68
    66
    72
    69
    46
    43
    50
    66
    38
    44
    43
    33
    40
    30
    45
    36
    32
    31
    37
    30
    51
    25
    23
    31
    24
    17
    19
    25
    19
    19
    20
    11
    27
    17
    29
    10
    19
    16
    17
    20
    14
    15
    11
    18
    10
    18
    7
    11
    13
    15
    14
    18
    9
    9
    10
    8
    4
    6
    7
    1
    7
    3
    7
    12
    12
    9
    6
    1
    5
    5
    7
    8
    9
    309
    284
    270
    239
    263
    218
    192
    199
    187
    165
    162
    148
    135
    121
    127
    115
    106
    105
    110
    88
    82
    90
    88
    84
    80
    81
    75
    70
    68
    47
    56
    60
    44
    50
    35
    43
    37
    48
    39
    34
    38
    33
    36
    25
    30
    28
    29
    26
    28
    28
    30
    24
    20
    24
    28
    22
    17
    21
    19
    17
    18
    17
    24
    20
    15
    16
    15
    9
    16
    17
    10
    9
    15
    15
    9
    5
    13
    13
    16
    7
    6
    9
    4
    12
    9
    11
    12
    8
    10
    4
    7
    6
    6
    12
    7
    3
    4
    7
    6
    4
    328
    330
    284
    251
    252
    200
    212
    188
    167
    170
    161
    135
    158
    126
    106
    110
    99
    95
    94
    120
    98
    69
    93
    79
    69
    74
    68
    54
    80
    62
    66
    60
    58
    42
    38
    52
    52
    44
    35
    40
    46
    29
    41
    32
    30
    19
    29
    19
    27
    20
    28
    19
    15
    32
    27
    21
    20
    21
    22
    15
    20
    16
    24
    15
    18
    12
    14
    15
    10
    10
    15
    16
    15
    13
    7
    13
    12
    9
    7
    20
    6
    6
    7
    16
    9
    9
    5
    4
    10
    6
    5
    5
    5
    9
    8
    9
    4
    4
    8
    5
    355
    316
    270
    260
    225
    201
    199
    182
    168
    156
    155
    136
    128
    125
    137
    96
    106
    115
    93
    87
    79
    90
    85
    80
    84
    78
    65
    52
    64
    57
    70
    56
    60
    47
    42
    47
    33
    37
    39
    31
    44
    36
    31
    36
    37
    24
    31
    30
    34
    29
    24
    22
    24
    20
    25
    22
    15
    20
    16
    18
    17
    13
    20
    20
    15
    18
    18
    13
    13
    14
    18
    15
    14
    9
    14
    10
    14
    14
    6
    11
    9
    10
    5
    8
    13
    5
    9
    4
    16
    8
    6
    12
    8
    4
    9
    5
    8
    8
    6
    11
    352
    282
    284
    270
    201
    225
    177
    224
    152
    169
    152
    149
    139
    113
    109
    119
    99
    110
    95
    104
    103
    89
    78
    93
    62
    76
    73
    55
    52
    58
    46
    65
    55
    38
    46
    51
    46
    55
    38
    38
    34
    42
    36
    33
    36
    30
    24
    30
    39
    30
    25
    31
    16
    29
    20
    18
    17
    16
    16
    18
    15
    21
    15
    15
    17
    20
    18
    10
    14
    14
    7
    26
    14
    19
    11
    12
    13
    10
    9
    9
    10
    6
    12
    4
    8
    5
    11
    7
    6
    3
    5
    5
    10
    8
    11
    5
    7
    7
    7
    2
    339
    315
    277
    260
    204
    222
    198
    191
    160
    157
    157
    144
    161
    124
    129
    112
    120
    107
    108
    81
    116
    79
    75
    93
    61
    73
    82
    72
    54
    58
    59
    57
    47
    51
    46
    56
    37
    50
    43
    38
    58
    33
    45
    37
    23
    33
    43
    30
    32
    36
    29
    19
    24
    31
    23
    29
    17
    23
    15
    20
    19
    24
    7
    19
    18
    15
    12
    12
    15
    10
    18
    16
    6
    14
    12
    8
    8
    15
    12
    10
    11
    11
    14
    9
    9
    13
    11
    11
    19
    7
    9
    4
    6
    7
    3
    6
    9
    4
    10
    12
    367
    290
    271
    294
    230
    233
    179
    176
    188
    186
    143
    125
    132
    150
    129
    121
    101
    107
    106
    101
    83
    89
    76
    85
    67
    71
    62
    54
    71
    59
    53
    61
    43
    51
    41
    45
    53
    40
    60
    36
    36
    26
    31
    34
    36
    30
    29
    32
    30
    33
    33
    12
    29
    16
    21
    21
    25
    19
    18
    22
    24
    8
    22
    15
    11
    14
    17
    20
    19
    14
    12
    19
    13
    13
    10
    16
    9
    11
    18
    7
    9
    17
    12
    5
    13
    10
    11
    7
    5
    10
    7
    6
    8
    11
    8
    7
    8
    8
    7
    8
    341
    289
    247
    248
    216
    194
    181
    194
    158
    166
    143
    143
    129
    115
    113
    113
    92
    91
    102
    85
    93
    97
    68
    71
    80
    74
    81
    58
    65
    67
    61
    44
    64
    41
    51
    52
    51
    36
    55
    33
    36
    43
    33
    29
    30
    25
    33
    27
    35
    26
    19
    17
    21
    33
    19
    23
    24
    9
    18
    25
    18
    16
    25
    26
    22
    16
    11
    11
    10
    17
    21
    16
    8
    12
    14
    12
    8
    11
    10
    7
    17
    12
    5
    16
    10
    8
    8
    13
    7
    10
    11
    8
    7
    6
    4
    11
    5
    9
    9
    5
    323
    322
    279
    245
    229
    216
    189
    189
    165
    162
    149
    133
    136
    123
    124
    115
    112
    105
    101
    80
    105
    102
    77
    83
    67
    70
    74
    72
    52
    67
    68
    51
    59
    52
    36
    55
    45
    51
    42
    47
    30
    29
    45
    31
    31
    30
    33
    22
    30
    27
    37
    26
    25
    18
    25
    25
    21
    20
    25
    19
    10
    18
    14
    15
    13
    20
    20
    17
    15
    9
    11
    16
    10
    9
    14
    12
    8
    9
    14
    13
    13
    11
    6
    10
    5
    6
    11
    5
    4
    4
    9
    4
    6
    7
    7
    5
    4
    5
    4
    2
    341
    293
    279
    285
    222
    232
    221
    191
    191
    145
    158
    131
    142
    115
    122
    125
    98
    120
    115
    84
    86
    73
    80
    71
    81
    72
    63
    70
    80
    48
    66
    63
    47
    57
    34
    48
    50
    48
    41
    38
    46
    39
    40
    36
    36
    30
    28
    31
    38
    34
    26
    20
    15
    25
    29
    25
    17
    15
    24
    19
    23
    24
    15
    22
    20
    21
    12
    12
    24
    18
    18
    12
    10
    12
    10
    13
    11
    8
    15
    8
    14
    9
    7
    11
    7
    12
    4
    4
    6
    10
    14
    7
    6
    5
    3
    5
    9
    11
    4
    6
    351
    310
    284
    260
    233
    190
    225
    176
    181
    168
    142
    139
    140
    136
    116
    115
    122
    114
    89
    81
    84
    75
    62
    81
    63
    82
    68
    78
    49
    58
    61
    44
    46
    55
    57
    48
    47
    41
    34
    40
    36
    46
    39
    29
    38
    36
    38
    32
    29
    32
    20
    25
    35
    30
    20
    28
    16
    21
    10
    17
    18
    18
    17
    13
    20
    18
    14
    13
    16
    16
    20
    10
    12
    15
    6
    14
    16
    9
    5
    9
    10
    17
    11
    10
    6
    4
    10
    7
    9
    6
    7
    7
    10
    7
    10
    9
    6
    8
    5
    4
    345
    332
    251
    271
    235
    235
    210
    192
    160
    157
    141
    159
    102
    142
    100
    136
    94
    97
    107
    93
    92
    95
    79
    69
    73
    68
    71
    57
    68
    59
    56
    41
    56
    48
    55
    62
    43
    39
    37
    38
    30
    51
    35
    41
    28
    23
    32
    30
    29
    21
    17
    23
    27
    14
    27
    21
    23
    26
    16
    15
    16
    23
    20
    23
    22
    14
    20
    18
    29
    16
    12
    15
    19
    13
    16
    17
    15
    8
    12
    14
    13
    7
    9
    13
    9
    10
    6
    14
    5
    7
    11
    6
    15
    9
    11
    8
    10
    6
    8
    5
    324
    284
    273
    248
    219
    217
    202
    206
    166
    165
    156
    155
    138
    138
    126
    111
    106
    94
    112
    104
    87
    80
    88
    89
    83
    61
    59
    64
    59
    55
    58
    50
    64
    50
    50
    58
    48
    36
    54
    33
    45
    40
    19
    38
    41
    32
    36
    30
    24
    31
    27
    33
    27
    23
    32
    28
    13
    15
    20
    26
    15
    23
    18
    12
    20
    18
    12
    10
    17
    22
    19
    14
    14
    9
    16
    10
    12
    9
    16
    10
    9
    10
    8
    13
    2
    10
    9
    7
    9
    18
    6
    4
    5
    6
    7
    10
    2
    5
    4
    7
    344
    314
    277
    236
    218
    205
    200
    185
    179
    138
    144
    125
    134
    108
    127
    117
    105
    101
    98
    101
    72
    92
    90
    70
    87
    64
    67
    73
    65
    63
    73
    60
    42
    59
    52
    41
    46
    46
    49
    29
    28
    42
    23
    38
    48
    26
    35
    21
    26
    24
    21
    31
    24
    16
    15
    31
    22
    27
    18
    21
    17
    22
    23
    17
    14
    15
    18
    10
    10
    15
    11
    22
    11
    10
    12
    15
    13
    5
    12
    13
    10
    13
    19
    7
    3
    11
    6
    9
    5
    10
    1
    5
    3
    6
    10
    7
    8
    5
    4
    10
    343
    314
    295
    246
    213
    249
    188
    192
    174
    143
    168
    146
    121
    128
    132
    121
    102
    107
    111
    80
    71
    103
    89
    82
    69
    74
    81
    59
    61
    57
    59
    53
    54
    71
    43
    45
    49
    35
    41
    37
    30
    39
    45
    33
    29
    33
    32
    30
    28
    35
    27
    30
    21
    30
    20
    15
    22
    25
    20
    19
    19
    22
    18
    17
    17
    24
    15
    23
    6
    6
    18
    10
    11
    13
    8
    10
    12
    12
    17
    6
    9
    11
    9
    11
    7
    12
    14
    9
    7
    11
    10
    11
    8
    6
    7
    8
    5
    7
    3
    11
    341
    310
    283
    251
    221
    198
    205
    171
    182
    176
    146
    142
    119
    127
    125
    115
    113
    101
    98
    93
    102
    84
    82
    83
    80
    64
    65
    60
    45
    57
    44
    53
    63
    44
    62
    48
    47
    45
    49
    47
    32
    34
    38
    30
    46
    37
    36
    42
    33
    25
    37
    20
    19
    23
    24
    23
    16
    14
    25
    22
    23
    16
    12
    15
    20
    15
    16
    19
    11
    11
    13
    15
    10
    11
    17
    4
    14
    9
    12
    11
    6
    7
    11
    13
    4
    11
    12
    15
    9
    6
    6
    7
    8
    6
    6
    7
    8
    8
    7
    4
    375
    330
    297
    245
    244
    239
    193
    199
    197
    155
    147
    150
    139
    120
    128
    113
    114
    107
    103
    96
    96
    94
    81
    85
    80
    83
    74
    72
    56
    70
    64
    42
    57
    45
    52
    55
    35
    35
    42
    36
    47
    49
    33
    25
    41
    23
    38
    24
    24
    26
    26
    29
    26
    29
    20
    26
    18
    24
    26
    24
    23
    21
    19
    20
    19
    15
    20
    15
    16
    19
    12
    17
    11
    10
    14
    16
    15
    9
    12
    11
    13
    9
    16
    9
    9
    7
    9
    7
    9
    5
    9
    7
    13
    8
    6
    12
    8
    8
    7
    3
    350
    299
    282
    271
    223
    211
    207
    196
    209
    178
    138
    143
    144
    121
    131
    101
    113
    112
    93
    118
    70
    85
    83
    90
    88
    79
    63
    68
    70
    52
    61
    63
    50
    46
    47
    54
    59
    42
    45
    44
    30
    36
    27
    31
    39
    37
    34
    22
    24
    36
    17
    31
    37
    35
    31
    18
    16
    19
    19
    20
    19
    22
    17
    24
    16
    14
    13
    18
    12
    14
    21
    18
    12
    11
    16
    10
    20
    13
    8
    13
    17
    10
    11
    11
    12
    12
    11
    10
    11
    8
    11
    7
    8
    6
    8
    9
    9
    9
    10
    7
    339
    315
    291
    251
    219
    220
    187
    162
    172
    152
    162
    152
    130
    112
    124
    122
    125
    79
    97
    91
    86
    91
    82
    86
    78
    66
    79
    72
    52
    75
    47
    50
    61
    45
    57
    45
    54
    36
    35
    36
    28
    37
    33
    38
    41
    30
    37
    38
    33
    28
    28
    25
    30
    30
    25
    21
    23
    22
    23
    21
    16
    17
    20
    12
    22
    22
    13
    12
    13
    15
    7
    17
    15
    10
    16
    8
    9
    10
    6
    14
    10
    8
    10
    8
    12
    5
    5
    4
    5
    8
    11
    9
    10
    2
    8
    3
    3
    10
    12
    9
    394
    344
    283
    257
    243
    220
    203
    196
    169
    154
    156
    168
    160
    134
    113
    133
    119
    98
    103
    97
    89
    83
    73
    83
    66
    80
    71
    65
    62
    52
    47
    53
    56
    50
    56
    38
    46
    51
    42
    43
    41
    44
    36
    52
    26
    32
    33
    41
    22
    25
    24
    31
    20
    18
    24
    21
    19
    19
    24
    26
    22
    21
    17
    15
    16
    17
    16
    16
    12
    19
    19
    11
    9
    12
    13
    12
    13
    11
    14
    8
    16
    6
    13
    13
    8
    11
    6
    13
    8
    9
    9
    6
    2
    7
    12
    4
    2
    7
    10
    5
    356
    315
    299
    257
    220
    231
    211
    174
    159
    161
    151
    131
    142
    162
    106
    117
    93
    124
    98
    125
    84
    90
    75
    79
    71
    86
    70
    69
    62
    52
    58
    48
    50
    37
    46
    47
    54
    36
    43
    42
    37
    40
    43
    34
    37
    36
    30
    27
    32
    24
    31
    20
    27
    31
    23
    18
    19
    18
    25
    23
    29
    23
    18
    19
    20
    12
    13
    15
    13
    25
    14
    15
    12
    14
    12
    14
    7
    9
    13
    7
    10
    7
    8
    11
    7
    7
    7
    12
    9
    5
    5
    6
    4
    7
    4
    12
    6
    2
    10
    5
    362
    322
    279
    253
    211
    203
    197
    182
    173
    143
    158
    112
    145
    143
    128
    139
    118
    98
    97
    104
    96
    93
    84
    75
    78
    54
    74
    74
    58
    71
    53
    57
    51
    42
    63
    44
    44
    31
    41
    49
    35
    28
    42
    26
    32
    33
    29
    25
    34
    19
    27
    21
    28
    18
    32
    22
    23
    23
    15
    23
    22
    20
    20
    21
    18
    12
    15
    21
    14
    16
    18
    15
    15
    17
    11
    20
    12
    14
    16
    6
    10
    12
    12
    8
    12
    8
    9
    14
    7
    6
    6
    7
    13
    8
    3
    4
    4
    9
    6
    7
    357
    354
    280
    227
    232
    217
    201
    194
    182
    158
    151
    134
    130
    135
    118
    116
    109
    97
    96
    91
    91
    103
    80
    79
    68
    73
    74
    65
    52
    61
    42
    49
    49
    44
    58
    53
    44
    50
    38
    47
    34
    40
    31
    25
    29
    31
    25
    35
    23
    41
    28
    35
    18
    25
    23
    21
    18
    23
    19
    11
    15
    15
    27
    21
    24
    17
    19
    12
    16
    17
    12
    14
    11
    10
    10
    13
    13
    9
    6
    12
    6
    10
    11
    11
    13
    10
    13
    10
    4
    10
    7
    6
    4
    6
    5
    4
    8
    4
    6
    4
    353
    327
    274
    269
    233
    195
    211
    187
    167
    149
    126
    148
    135
    151
    107
    94
    113
    97
    116
    90
    91
    93
    80
    87
    79
    67
    67
    61
    56
    57
    55
    57
    58
    55
    41
    55
    48
    39
    47
    49
    19
    35
    46
    36
    28
    33
    41
    27
    22
    28
    24
    24
    21
    29
    24
    23
    19
    16
    21
    19
    26
    15
    30
    21
    16
    13
    17
    14
    24
    16
    7
    16
    16
    13
    12
    10
    9
    10
    15
    7
    7
    13
    10
    12
    6
    6
    9
    10
    5
    7
    7
    7
    9
    13
    8
    6
    6
    11
    9
    6
    333
    309
    274
    240
    233
    204
    203
    162
    157
    159
    171
    133
    144
    121
    136
    135
    99
    103
    93
    109
    93
    78
    79
    89
    85
    64
    71
    68
    69
    68
    65
    59
    52
    55
    56
    39
    54
    34
    39
    44
    39
    36
    38
    27
    44
    32
    41
    21
    23
    23
    28
    27
    24
    25
    24
    23
    19
    29
    13
    22
    22
    15
    15
    28
    17
    13
    16
    21
    19
    15
    11
    13
    18
    13
    8
    12
    11
    11
    11
    14
    13
    8
    15
    14
    6
    9
    10
    11
    5
    8
    2
    7
    7
    8
    7
    9
    6
    8
    3
    9
    313
    302
    240
    258
    231
    197
    212
    195
    180
    152
    174
    148
    147
    127
    128
    121
    117
    97
    89
    89
    98
    78
    67
    81
    75
    76
    59
    64
    58
    64
    57
    63
    48
    47
    50
    51
    51
    35
    34
    47
    38
    31
    34
    36
    33
    29
    32
    20
    29
    29
    30
    24
    23
    21
    19
    25
    13
    23
    22
    17
    18
    16
    14
    18
    20
    12
    19
    15
    12
    12
    15
    13
    13
    9
    15
    11
    8
    13
    6
    12
    10
    10
    9
    6
    11
    10
    8
    9
    12
    4
    8
    6
    4
    4
    5
    5
    10
    10
    10
    7
    318
    300
    282
    234
    255
    249
    191
    206
    138
    171
    136
    143
    129
    125
    120
    135
    100
    99
    101
    96
    102
    100
    69
    72
    71
    83
    82
    70
    71
    56
    65
    51
    40
    51
    51
    41
    43
    35
    38
    40
    44
    35
    30
    35
    39
    36
    32
    29
    37
    35
    34
    33
    29
    25
    27
    35
    17
    20
    16
    28
    30
    23
    18
    16
    12
    19
    11
    13
    8
    17
    12
    18
    16
    10
    11
    14
    11
    11
    10
    11
    8
    6
    10
    9
    7
    11
    3
    14
    15
    12
    10
    7
    12
    9
    6
    6
    5
    7
    7
    7
    340
    329
    290
    244
    227
    210
    207
    202
    189
    166
    144
    140
    127
    136
    111
    125
    109
    101
    102
    95
    96
    98
    75
    75
    66
    65
    74
    57
    59
    67
    57
    46
    49
    51
    46
    56
    39
    39
    35
    44
    27
    43
    42
    43
    42
    34
    33
    33
    27
    26
    32
    38
    25
    25
    26
    27
    13
    19
    21
    16
    13
    24
    16
    23
    17
    20
    8
    23
    14
    13
    10
    14
    15
    12
    10
    12
    13
    6
    11
    12
    9
    13
    11
    10
    6
    4
    11
    10
    16
    6
    14
    7
    5
    8
    10
    12
    5
    5
    7
    3
    307
    311
    272
    251
    242
    209
    188
    193
    152
    159
    154
    138
    163
    120
    115
    128
    100
    99
    98
    91
    89
    87
    80
    90
    73
    79
    59
    62
    70
    66
    59
    57
    47
    45
    47
    47
    53
    52
    40
    26
    46
    33
    43
    39
    48
    35
    26
    31
    33
    20
    31
    27
    19
    28
    23
    22
    31
    21
    18
    17
    26
    21
    19
    15
    19
    16
    19
    17
    13
    13
    12
    14
    12
    11
    13
    11
    13
    8
    13
    11
    5
    11
    9
    9
    9
    7
    14
    10
    3
    11
    8
    7
    7
    8
    5
    4
    5
    8
    6
    7
    331
    316
    307
    292
    223
    233
    200
    181
    174
    176
    155
    149
    131
    123
    123
    107
    94
    112
    85
    91
    102
    87
    103
    81
    77
    68
    63
    73
    69
    66
    55
    53
    50
    41
    49
    52
    34
    49
    50
    27
    27
    27
    47
    39
    35
    34
    31
    27
    15
    19
    32
    32
    27
    18
    27
    22
    25
    21
    27
    20
    16
    21
    18
    14
    13
    16
    18
    10
    15
    8
    11
    14
    10
    11
    10
    14
    16
    13
    7
    11
    13
    6
    7
    7
    11
    17
    11
    9
    10
    7
    7
    7
    10
    6
    10
    7
    4
    3
    6
    2
    321
    323
    293
    256
    258
    207
    197
    204
    203
    181
    130
    151
    137
    146
    109
    106
    120
    120
    100
    95
    95
    100
    70
    79
    86
    98
    66
    65
    63
    59
    61
    69
    51
    53
    54
    44
    41
    46
    40
    39
    45
    50
    42
    33
    27
    36
    23
    34
    31
    25
    21
    15
    27
    19
    18
    28
    23
    22
    23
    19
    19
    18
    22
    12
    14
    15
    16
    8
    17
    15
    20
    14
    17
    13
    12
    12
    10
    14
    8
    11
    9
    5
    14
    9
    15
    10
    8
    10
    6
    8
    9
    9
    5
    8
    6
    12
    7
    6
    9
    4
    353
    323
    262
    225
    245
    207
    203
    193
    175
    173
    159
    157
    152
    138
    123
    105
    122
    88
    97
    100
    94
    94
    64
    85
    83
    82
    80
    63
    58
    67
    50
    55
    57
    66
    39
    55
    45
    31
    47
    39
    45
    38
    40
    33
    30
    26
    24
    31
    37
    30
    24
    32
    28
    22
    27
    20
    21
    25
    21
    21
    14
    19
    18
    16
    12
    19
    13
    14
    14
    19
    10
    23
    17
    13
    11
    15
    8
    11
    7
    14
    9
    10
    12
    14
    7
    11
    12
    13
    13
    6
    9
    9
    2
    9
    4
    5
    5
    8
    10
    10
    331
    311
    244
    236
    239
    202
    210
    205
    164
    170
    173
    156
    134
    146
    127
    110
    109
    111
    98
    104
    106
    75
    88
    67
    72
    86
    72
    59
    65
    65
    57
    47
    49
    45
    46
    42
    60
    28
    49
    38
    36
    34
    38
    37
    24
    34
    37
    27
    32
    32
    32
    23
    29
    28
    25
    19
    18
    31
    27
    16
    16
    20
    15
    20
    17
    16
    16
    25
    16
    12
    15
    11
    10
    14
    14
    15
    16
    16
    20
    12
    8
    11
    6
    9
    17
    7
    9
    9
    11
    11
    14
    5
    10
    12
    4
    8
    6
    7
    4
    7
    326
    310
    287
    244
    217
    232
    224
    175
    162
    163
    142
    152
    146
    138
    106
    109
    110
    104
    98
    109
    83
    80
    76
    73
    65
    73
    61
    79
    81
    72
    50
    63
    53
    57
    48
    50
    52
    38
    44
    36
    45
    32
    23
    27
    32
    31
    27
    34
    27
    33
    37
    37
    16
    26
    26
    22
    18
    27
    23
    25
    21
    19
    20
    17
    23
    24
    12
    18
    22
    17
    8
    16
    17
    15
    8
    14
    9
    10
    13
    8
    5
    18
    8
    11
    4
    10
    11
    4
    5
    10
    12
    8
    10
    7
    6
    8
    8
    5
    8
    8
    362
    322
    282
    218
    211
    239
    220
    185
    183
    182
    145
    153
    126
    126
    120
    122
    95
    107
    102
    91
    84
    82
    90
    78
    86
    75
    81
    63
    69
    78
    59
    52
    45
    44
    45
    50
    43
    49
    34
    38
    49
    43
    46
    34
    31
    29
    34
    38
    34
    27
    29
    20
    23
    28
    24
    26
    13
    22
    18
    22
    18
    17
    15
    18
    18
    16
    16
    11
    14
    11
    14
    13
    19
    8
    8
    15
    13
    11
    12
    13
    18
    12
    9
    7
    11
    11
    10
    11
    10
    10
    1
    11
    10
    9
    14
    8
    5
    9
    2
    4
    343
    275
    301
    257
    236
    195
    201
    191
    179
    169
    157
    177
    138
    156
    125
    120
    110
    105
    95
    114
    92
    94
    78
    89
    88
    77
    69
    55
    56
    53
    56
    64
    48
    46
    42
    32
    54
    43
    37
    33
    39
    36
    39
    30
    38
    38
    23
    40
    39
    26
    29
    31
    22
    24
    23
    24
    22
    19
    27
    24
    18
    19
    20
    15
    16
    17
    20
    16
    10
    9
    18
    16
    19
    10
    10
    16
    14
    11
    12
    11
    8
    10
    12
    9
    10
    8
    15
    5
    15
    6
    6
    5
    2
    4
    6
    7
    8
    5
    10
    6
    352
    289
    290
    280
    242
    187
    206
    177
    170
    191
    184
    132
    163
    123
    127
    119
    97
    102
    110
    83
    85
    104
    85
    87
    77
    53
    62
    70
    69
    64
    52
    47
    54
    59
    43
    41
    55
    32
    36
    49
    53
    37
    40
    32
    31
    30
    27
    30
    29
    17
    29
    24
    22
    30
    24
    23
    22
    20
    19
    14
    23
    14
    12
    15
    15
    18
    16
    21
    9
    12
    19
    10
    15
    21
    18
    10
    11
    10
    8
    8
    4
    16
    9
    7
    9
    9
    8
    5
    12
    6
    8
    7
    9
    9
    3
    9
    7
    8
    5
    4
    320
    282
    263
    280
    231
    202
    216
    187
    184
    161
    149
    136
    170
    129
    115
    117
    97
    108
    96
    109
    94
    104
    85
    77
    76
    86
    88
    65
    79
    61
    64
    53
    58
    53
    61
    43
    43
    49
    46
    35
    36
    46
    32
    39
    36
    28
    33
    27
    31
    23
    34
    26
    22
    21
    29
    26
    14
    28
    21
    22
    23
    19
    18
    25
    24
    15
    11
    18
    17
    19
    16
    9
    17
    13
    13
    8
    13
    13
    12
    15
    9
    10
    10
    13
    11
    6
    3
    8
    14
    5
    7
    7
    5
    4
    5
    6
    8
    3
    8
    10
    366
    338
    288
    265
    265
    226
    179
    187
    155
    172
    153
    146
    137
    129
    141
    137
    102
    114
    97
    105
    96
    98
    87
    71
    76
    68
    67
    69
    81
    60
    68
    59
    60
    42
    61
    41
    54
    54
    52
    45
    42
    41
    43
    36
    31
    34
    33
    30
    31
    25
    28
    27
    18
    27
    24
    27
    20
    24
    22
    23
    20
    24
    15
    16
    15
    12
    15
    13
    13
    15
    13
    15
    11
    9
    7
    6
    8
    12
    13
    16
    7
    12
    7
    8
    12
    4
    9
    6
    6
    8
    5
    9
    5
    7
    9
    3
    8
    5
    13
    11
    330
    309
    283
    255
    233
    223
    191
    198
    170
    168
    176
    148
    146
    158
    130
    121
    101
    112
    80
    82
    80
    78
    91
    95
    84
    63
    67
    60
    60
    58
    85
    76
    57
    59
    50
    35
    51
    41
    34
    52
    36
    39
    42
    33
    39
    35
    32
    34
    29
    31
    22
    31
    34
    28
    23
    25
    23
    23
    21
    20
    14
    19
    16
    18
    21
    25
    12
    14
    9
    20
    14
    17
    16
    10
    13
    12
    16
    24
    6
    8
    13
    8
    10
    8
    8
    9
    13
    9
    3
    8
    6
    4
    10
    15
    11
    7
    7
    6
    5
    10
    313
    342
    284
    260
    233
    215
    215
    212
    170
    176
    165
    175
    153
    117
    118
    140
    117
    122
    102
    94
    92
    104
    90
    82
    77
    92
    82
    80
    75
    51
    43
    47
    53
    35
    56
    51
    43
    40
    36
    41
    51
    38
    23
    35
    37
    34
    38
    27
    29
    37
    40
    28
    34
    27
    23
    23
    27
    18
    26
    20
    22
    23
    10
    18
    18
    16
    19
    13
    19
    11
    9
    17
    17
    18
    13
    10
    19
    13
    15
    7
    6
    11
    10
    9
    16
    8
    15
    11
    10
    12
    12
    8
    13
    9
    4
    6
    3
    11
    8
    5
    373
    303
    285
    258
    241
    218
    203
    206
    179
    153
    159
    146
    147
    110
    141
    114
    124
    109
    120
    104
    89
    89
    77
    92
    69
    71
    78
    58
    56
    71
    63
    59
    47
    51
    46
    34
    49
    44
    34
    29
    35
    36
    35
    26
    38
    37
    26
    29
    34
    21
    27
    20
    22
    20
    20
    16
    17
    12
    16
    12
    20
    21
    16
    15
    14
    17
    16
    10
    11
    15
    15
    12
    19
    11
    21
    10
    9
    7
    11
    15
    14
    6
    8
    8
    5
    12
    5
    8
    9
    9
    7
    7
    9
    6
    9
    3
    9
    9
    5
    11
    335
    330
    303
    261
    243
    200
    173
    191
    186
    173
    167
    141
    136
    151
    135
    116
    113
    109
    100
    109
    106
    98
    79
    72
    91
    89
    65
    63
    69
    53
    57
    58
    63
    54
    40
    61
    45
    39
    45
    46
    44
    51
    42
    42
    40
    36
    33
    25
    35
    28
    29
    28
    21
    30
    16
    26
    18
    23
    17
    19
    22
    20
    20
    24
    9
    21
    21
    10
    14
    10
    16
    14
    14
    15
    20
    17
    15
    13
    11
    11
    10
    14
    9
    10
    15
    17
    13
    9
    9
    10
    3
    5
    10
    6
    11
    9
    8
    16
    10
    9

Data:
    0
    0
    0
    0
    0
    0
    0
    0
    0
    0
    0
    0
    0
    0
    0
    0
    0
    0
    0
    0
    0
    0
    0
    0
    0
    0
    0
    0
    0
    0
    0
    0
    0
    0
    0
    0
    0
    0
    0
    0
    0
    0
    0
    0
    0
    0
    0
    0
    0
    0
    0
    0
    0
    0
    0
    0
    0
    0
    0
    0
    0
    0
    0
    0
    0
    0
    0
    0
    0
    0
    0
    0
    0
    0
    0
    0
    0
    0
    0
    0
    0
    0
    0
    0
    0
    0
    0
    0
    0
    0
    0
    0
    0
    0
    0
    0
    0
    0
    0
    0
    0
    0
    0
    0
    0
    0
    0
    0
    0
    0
    0
    0
    0
    0
    0
    0
    0
    0
    0
    0
    0
    0
    0
    0
    0
    0
    0
    0
    0
    0
    0
    0
    0
    0
    0
    0
    0
    0
    0
    0
    0
    0
    0
    0
    0
    0
    0
    0
    0
    0
    0
    0
    0
    0
    0
    0
    0
    0
    0
    0
    0
    0
    0
    0
    0
    0
    0
    0
    0
    0
    0
    0
    0
    0
    0
    0
    0
    0
    0
    0
    0
    0
    0
    0
    0
    0
    0
    0
    0
    0
    0
    0
    0
    0
    0
    0
    0
    0
    0
    0
    0
    0
    0
    0
    0
    0
    0
    0
    0
    0
    0
    0
    0
    0
    0
    0
    0
    0
    0
    0
    0
    0
    0
    0
    0
    0
    0
    0
    0
    0
    0
    0
    0
    0
    0
    0
    0
    0
    0
    0
    0
    0
    0
    0
    0
    0
    0
    0
    0
    0
    0
    0
    0
    0
    0
    0
    0
    0
    0
    0
    0
    0
    0
    0
    0
    0
    0
    0
    0
    0
    0
    0
    0
    0
    0
    0
    0
    0
    0
    0
    0
    0
    0
    0
    0
    0
    0
    0
    0
    0
    0
    0
    0
    0
    0
    0
    0
    0
    0
    0
    0
    0
    0
    0
    0
    0
    0
    0
    0
    0
    0
    0
    0
    0
    0
    0
    0
    0
    0
    0
    0
    0
    0
    0
    0
    0
    0
    0
    0
    0
    0
    0
    0
    0
    0
    0
    0
    0
    0
    0
    0
    0
    0
    0
    0
    0
    0
    0
    0
    0
    0
    0
    0
    0
    0
    0
    0
    0
    0
    0
    0
    0
    0
    0
    0
    0
    0
    0
    0
    0
    0
    0
    0
    0
    0
    0
    0
    0
    0
    0
    0
    0
    0
    0
    0
    0
    0
    0
    0
    0
    0
    0
    0
    0
    0
    0
    0
    0
    0
    0
    0
    0
    0
    0
    0
    0
    0
    0
    0
    0
    0
    0
    0
    0
    0
    0
    0
    0
    0
    0
    0
    0
    0
    0
    0
    0
    0
    0
    0
    0
    0
    0
    0
    0
    0
    0
    0
    0
    0
    0
    0
    0
    0
    0
    0
    0
    0
    0
    0
    0
    0
    0
    0
    0
    0
    0
    0
    0
    0
    0
    0
    0
    0
    0
    0
    0
    0
    0
    0
    0
    0
    0
    0
    0
    0
    0
    0
    0
    0
    0
    0
    0
    0
    0
    0
    0
    0
    0
    0
    0
    0
    0
    0
    0
    0
    0
    0
    0
    0
    0
    0
    0
    0
    0
    0
    0
    0
    0
    0
    0
    0
    0
    0
    0
    0
    0
    0
    0
    0
    0
    0
    0
    0
    0
    0
    0
    0
    0
    0
    0
    0
    0
    0
    0
    0
    0
    0
    0
    0
    0
    0
    0
    0
    0
    0
    0
    0
    0
    0
    0
    0
    0
    0
    0
    0
    0
    0
    0
    0
    0
    0
    0
    0
    0
    0
    0
    0
    0
    0
    0
    0
    0
    0
    0
    0
    0
    0
    0
    0
    0
    0
    0
    0
    0
    0
    0
    0
    0
    0
    0
    0
    0
    0
    0
    0
    0
    0
    0
    0
    0
    0
    0
    0
    0
    0
    0
    0
    0
    0
    0
    0
    0
    0
    0
    0
    0
    0
    0
    0
    0
    0
    0
    0
    0
    0
    0
    0
    0
    0
    0
    0
    0
    0
    0
    0
    0
    0
    0
    0
    0
    0
    0
    0
    0
    0
    0
    0
    0
    0
    0
    0
    0
    0
    0
    0
    0
    0
    0
    0
    0
    0
    0
    0
    0
    0
    0
    0
    0
    0
    0
    0
    0
    0
    0
    0
    0
    0
    0
    0
    0
    0
    0
    0
    0
    0
    0
    0
    0
    0
    0
    0
    0
    0
    0
    0
    0
    0
    0
    0
    0
    0
    0
    0
    0
    0
    0
    0
    0
    0
    0
    0
    0
    0
    0
    0
    0
    0
    0
    0
    0
    0
    0
    0
    0
    0
    0
    0
    0
    0
    0
    0
    0
    0
    0
    0
    0
    0
    0
    0
    0
    0
    0
    0
    0
    0
    0
    0
    0
    0
    0
    0
    0
    0
    0
    0
    0
    0
    0
    0
    0
    0
    0
    0
    0
    0
    0
    0
    0
    0
    0
    0
    0
    0
    0
    0
    0
    0
    0
    0
    0
    0
    0
    0
    0
    0
    0
    0
    0
    0
    0
    0
    0
    0
    0
    0
    0
    0
    0
    0
    0
    0
    0
    0
    0
    0
    0
    0
    0
    0
    0
    0
    0
    0
    0
    0
    0
    0
    0
    0
    0
    0
    0
    0
    0
    0
    0
    0
    0
    0
    0
    0
    0
    0
    0
    0
    0
    0
    0
    0
    0
    0
    0
    0
    0
    0
    0
    0
    0
    0
    0
    0
    0
    0
    0
    0
    0
    0
    0
    0
    0
    0
    0
    0
    0
    0
    0
    0
    0
    0
    0
    0
    0
    0
    0
    0
    0
    0
    0
    0
    0
    0
    0
    0
    0
    0
    0
    0
    0
    0
    0
    0
    0
    0
    0
    0
    0
    0
    0
    0
    0
    0
    0
    0
    0
    0
    0
    0
    0
    0
    0
    0
    0
    0
    0
    0
    0
    0
    0
    0
    0
    0
    0
    0
    0
    0
    0
    0
    0
    0
    0
    0
    0
    0
    0
    0
    0
    0
    0
    0
    0
    0
    0
    0
    0
    0
    0
    0
    0
    0
    0
    0
    0
    0
    0
    0
    0
    0
    0
    0
    0
    0
    0
    0
    0
    0
    0
    0
    0
    0
    0
    0
    0
    0
    0
    0
    0
    0
    0
    0
    0
    0
    0
    0
    0
    0
    0
    0
    0
    0
    0
    0
    0
    0
    0
    0
    0
    0
    0
    0
    0
    0
    0
    0
    0
    0
    0
    0
    0
    0
    0
    0
    0
    0
    0
    0
    0
    0
    0
    0
    0
    0
    0
    0
    0
    0
    0
    0
    0
    0
    0
    0
    0
    0
    0
    0
    0
    0
    0
    0
    0
    0
    0
    0
    0
    0
    0
    0
    0
    0
    0
    0
    0
    0
    0
    0
    0
    0
    0
    0
    0
    0
    0
    0
    0
    0
    0
    0
    0
    0
    0
    0
    0
    0
    0
    0
    0
    0
    0
    0
    0
    0
    0
    0
    0
    0
    0
    0
    0
    0
    0
    0
    0
    0
    0
    0
    0
    0
    0
    0
    0
    0
    0
    0
    0
    0
    0
    0
    0
    0
    0
    0
    0
    0
    0
    0
    0
    0
    0
    0
    0
    0
    0
    0
    0
    0
    0
    0
    0
    0
    0
    0
    0
    0
    0
    0
    0
    0
    0
    0
    0
    0
    0
    0
    0
    0
    0
    0
    0
    0
    0
    0
    0
    0
    0
    0
    0
    0
    0
    0
    0
    0
    0
    0
    0
    0
    0
    0
    0
    0
    0
    0
    0
    0
    0
    0
    0
    0
    0
    0
    0
    0
    0
    0
    0
    0
    0
    0
    0
    0
    0
    0
    0
    0
    0
    0
    0
    0
    0
    0
    0
    0
    0
    0
    0
    0
    0
    0
    0
    0
    0
    0
    0
    0
    0
    0
    0
    0
    0
    0
    0
    0
    0
    0
    0
    0
    0
    0
    0
    0
    0
    0
    0
    0
    0
    0
    0
    0
    0
    0
    0
    0
    0
    0
    0
    0
    0
    0
    0
    0
    0
    0
    0
    0
    0
    0
    0
    0
    0
    0
    0
    0
    0
    0
    0
    0
    0
    0
    0
    0
    0
    0
    0
    0
    0
    0
    0
    0
    0
    0
    0
    0
    0
    0
    0
    0
    0
    0
    0
    0
    0
    0
    0
    0
    0
    0
    0
    0
    0
    0
    0
    0
    0
    0
    0
    0
    0
    0
    0
    0
    0
    0
    0
    0
    0
    0
    0
    0
    0
    0
    0
    0
    0
    0
    0
    0
    0
    0
    0
    0
    0
    0
    0
    0
    0
    0
    0
    0
    0
    0
    0
    0
    0
    0
    0
    0
    0
    0
    0
    0
    0
    0
    0
    0
    0
    0
    0
    0
    0
    0
    0
    0
    0
    0
    0
    0
    0
    0
    0
    0
    0
    0
    0
    0
    0
    0
    0
    0
    0
    0
    0
    0
    0
    0
    0
    0
    0
    0
    0
    0
    0
    0
    0
    0
    0
    0
    0
    0
    0
    0
    0
    0
    0
    0
    0
    0
    0
    0
    0
    0
    0
    0
    0
    0
    0
    0
    0
    0
    0
    0
    0
    0
    0
    0
    0
    0
    0
    0
    0
    0
    0
    0
    0
    0
    0
    0
    0
    0
    0
    0
    0
    0
    0
    0
    0
    0
    0
    0
    0
    0
    0
    0
    0
    0
    0
    0
    0
    0
    0
    0
    0
    0
    0
    0
    0
    0
    0
    0
    0
    0
    0
    0
    0
    0
    0
    0
    0
    0
    0
    0
    0
    0
    0
    0
    0
    0
    0
    0
    0
    0
    0
    0
    0
    0
    0
    0
    0
    0
    0
    0
    0
    0
    0
    0
    0
    0
    0
    0
    0
    0
    0
    0
    0
    0
    0
    0
    0
    0
    0
    0
    0
    0
    0
    0
    0
    0
    0
    0
    0
    0
    0
    0
    0
    0
    0
    0
    0
    0
    0
    0
    0
    0
    0
    0
    0
    0
    0
    0
    0
    0
    0
    0
    0
    0
    0
    0
    0
    0
    0
    0
    0
    0
    0
    0
    0
    0
    0
    0
    0
    0
    0
    0
    0
    0
    0
    0
    0
    0
    0
    0
    0
    0
    0
    0
    0
    0
    0
    0
    0
    0
    0
    0
    0
    0
    0
    0
    0
    0
    0
    0
    0
    0
    0
    0
    0
    0
    0
    0
    0
    0
    0
    0
    0
    0
    0
    0
    0
    0
    0
    0
    0
    0
    0
    0
    0
    0
    0
    0
    0
    0
    0
    0
    0
    0
    0
    0
    0
    0
    0
    0
    0
    0
    0
    0
    0
    0
    0
    0
    0
    0
    0
    0
    0
    0
    0
    0
    0
    0
    0
    0
    0
    0
    0
    0
    0
    0
    0
    0
    0
    0
    0
    0
    0
    0
    0
    0
    0
    0
    0
    0
    0
    0
    0
    0
    0
    0
    0
    0
    0
    0
    0
    0
    0
    0
    0
    0
    0
    0
    0
    0
    0
    0
    0
    0
    0
    0
    0
    0
    0
    0
    0
    0
    0
    0
    0
    0
    0
    0
    0
    0
    0
    0
    0
    0
    0
    0
    0
    0
    0
    0
    0
    0
    0
    0
    0
    0
    0
    0
    0
    0
    0
    0
    0
    0
    0
    0
    0
    0
    0
    0
    0
    0
    0
    0
    0
    0
    0
    0
    0
    0
    0
    0
    0
    0
    0
    0
    0
    0
    0
    0
    0
    0
    0
    0
    0
    0
    0
    0
    0
    0
    0
    0
    0
    0
    0
    0
    0
    0
    0
    0
    0
    0
    0
    0
    0
    0
    0
    0
    0
    0
    0
    0
    0
    0
    0
    0
    0
    0
    0
    0
    0
    0
    0
    0
    0
    0
    0
    0
    0
    0
    0
    0
    0
    0
    0
    0
    0
    0
    0
    0
    0
    0
    0
    0
    0
    0
    0
    0
    0
    0
    0
    0
    0
    0
    0
    0
    0
    0
    0
    0
    0
    0
    0
    0
    0
    0
    0
    0
    0
    0
    0
    0
    0
    0
    0
    0
    0
    0
    0
    0
    0
    0
    0
    0
    0
    0
    0
    0
    0
    0
    0
    0
    0
    0
    0
    0
    0
    0
    0
    0
    0
    0
    0
    0
    0
    0
    0
    0
    0
    0
    0
    0
    0
    0
    0
    0
    0
    0
    0
    0
    0
    0
    0
    0
    0
    0
    0
    0
    0
    0
    0
    0
    0
    0
    0
    0
    0
    0
    0
    0
    0
    0
    0
    0
    0
    0
    0
    0
    0
    0
    0
    0
    0
    0
    0
    0
    0
    0
    0
    0
    0
    0
    0
    0
    0
    0
    0
    0
    0
    0
    0
    0
    0
    0
    0
    0
    0
    0
    0
    0
    0
    0
    0
    0
    0
    0
    0
    0
    0
    0
    0
    0
    0
    0
    0
    0
    0
    0
    0
    0
    0
    0
    0
    0
    0
    0
    0
    0
    0
    0
    0
    0
    0
    0
    0
    0
    0
    0
    0
    0
    0
    0
    0
    0
    0
    0
    0
    0
    0
    0
    0
    0
    0
    0
    0
    0
    0
    0
    0
    0
    0
    0
    0
    0
    0
    0
    0
    0
    0
    0
    0
    0
    0
    0
    0
    0
    0
    0
    0
    0
    0
    0
    0
    0
    0
    0
    0
    0
    0
    0
    0
    0
    0
    0
    0
    0
    0
    0
    0
    0
    0
    0
    0
    0
    0
    0
    0
    0
    0
    0
    0
    0
    0
    0
    0
    0
    0
    0
    0
    0
    0
    0
    0
    0
    0
    0
    0
    0
    0
    0
    0
    0
    0
    0
    0
    0
    0
    0
    0
    0
    0
    0
    0
    0
    0
    0
    0
    0
    0
    0
    0
    0
    0
    0
    0
    0
    0
    0
    0
    0
    0
    0
    0
    0
    0
    0
    0
    0
    0
    0
    0
    0
    0
    0
    0
    0
    0
    0
    0
    0
    0
    0
    0
    0
    0
    0
    0
    0
    0
    0
    0
    0
    0
    0
    0
    0
    0
    0
    0
    0
    0
    0
    0
    0
    0
    0
    0
    0
    0
    0
    0
    0
    0
    0
    0
    0
    0
    0
    0
    0
    0
    0
    0
    0
    0
    0
    0
    0
    0
    0
    0
    0
    0
    0
    0
    0
    0
    0
    0
    0
    0
    0
    0
    0
    0
    0
    0
    0
    0
    0
    0
    0
    0
    0
    0
    0
    0
    0
    0
    0
    0
    0
    0
    0
    0
    0
    0
    0
    0
    0
    0
    0
    0
    0
    0
    0
    0
    0
    0
    0
    0
    0
    0
    0
    0
    0
    0
    0
    0
    0
    0
    0
    0
    0
    0
    0
    0
    0
    0
    0
    0
    0
    0
    0
    0
    0
    0
    0
    0
    0
    0
    0
    0
    0
    0
    0
    0
    0
    0
    0
    0
    0
    0
    0
    0
    0
    0
    0
    0
    0
    0
    0
    0
    0
    0
    0
    0
    0
    0
    0
    0
    0
    0
    0
    0
    0
    0
    0
    0
    0
    0
    0
    0
    0
    0
    0
    0
    0
    0
    0
    0
    0
    0
    0
    0
    0
    0
    0
    0
    0
    0
    0
    0
    0
    0
    0
    0
    0
    0
    0
    0
    0
    0
    0
    0
    0
    0
    0
    0
    0
    0
    0
    0
    0
    0
    0
    0
    0
    0
    0
    0
    0
    0
    0
    0
    0
    0
    0
    0
    0
    0
    0
    0
    0
    0
    0
    0
    0
    0
    0
    0
    0
    0
    0
    0
    0
    0
    0
    0
    0
    0
    0
    0
    0
    0
    0
    0
    0
    0
    0
    0
    0
    0
    0
    0
    0
    0
    0
    0
    0
    0
    0
    0
    0
    0
    0
    0
    0
    0
    0
    0
    0
    0
    0
    0
    0
    0
    0
    0
    0
    0
    0
    0
    0
    0
    0
    0
    0
    0
    0
    0
    0
    0
    0
    0
    0
    0
    0
    0
    0
    0
    0
    0
    0
    0
    0
    0
    0
    0
    0
    0
    0
    0
    0
    0
    0
    0
    0
    0
    0
    0
    0
    0
    0
    0
    0
    0
    0
    0
    0
    0
    0
    0
    0
    0
    0
    0
    0
    0
    0
    0
    0
    0
    0
    0
    0
    0
    0
    0
    0
    0
    0
    0
    0
    0
    0
    0
    0
    0
    0
    0
    0
    0
    0
    0
    0
    0
    0
    0
    0
    0
    0
    0
    0
    0
    0
    0
    0
    0
    0
    0
    0
    0
    0
    0
    0
    0
    0
    0
    0
    0
    0
    0
    0
    0
    0
    0
    0
    0
    0
    0
    0
    0
    0
    0
    0
    0
    0
    0
    0
    0
    0
    0
    0
    0
    0
    0
    0
    0
    0
    0
    0
    0
    0
    0
    0
    0
    0
    0
    0
    0
    0
    0
    0
    0
    0
    0
    0
    0
    0
    0
    0
    0
    0
    0
    0
    0
    0
    0
    0
    0
    0
    0
    0
    0
    0
    0
    0
    0
    0
    0
    0
    0
    0
    0
    0
    0
    0
    0
    0
    0
    0
    0
    0
    0
    0
    0
    0
    0
    0
    0
    0
    0
    0
    0
    0
    0
    0
    0
    0
    0
    0
    0
    0
    0
    0
    0
    0
    0
    0
    0
    0
    0
    0
    0
    0
    0
    0
    0
    0
    0
    0
    0
    0
    0
    0
    0
    0
    0
    0
    0
    0
    0
    0
    0
    0
    0
    0
    0
    0
    0
    0
    0
    0
    0
    0
    0
    0
    0
    0
    0
    0
    0
    0
    0
    0
    0
    0
    0
    0
    0
    0
    0
    0
    0
    0
    0
    0
    0
    0
    0
    0
    0
    0
    0
    0
    0
    0
    0
    0
    0
    0
    0
    0
    0
    0
    0
    0
    0
    0
    0
    0
    0
    0
    0
    0
    0
    0
    0
    0
    0
    0
    0
    0
    0
    0
    0
    0
    0
    0
    0
    0
    0
    0
    0
    0
    0
    0
    0
    0
    0
    0
    0
    0
    0
    0
    0
    0
    0
    0
    0
    0
    0
    0
    0
    0
    0
    0
    0
    0
    0
    0
    0
    0
    0
    0
    0
    0
    0
    0
    0
    0
    0
    0
    0
    0
    0
    0
    0
    0
    0
    0
    0
    0
    0
    0
    0
    0
    0
    0
    0
    0
    0
    0
    0
    0
    0
    0
    0
    0
    0
    0
    0
    0
    0
    0
    0
    0
    0
    0
    0
    0
    0
    0
    0
    0
    0
    0
    0
    0
    0
    0
    0
    0
    0
    0
    0
    0
    0
    0
    0
    0
    0
    0
    0
    0
    0
    0
    0
    0
    0
    0
    0
    0
    0
    0
    0
    0
    0
    0
    0
    0
    0
    0
    0
    0
    0
    0
    0
    0
    0
    0
    0
    0
    0
    0
    0
    0
    0
    0
    0
    0
    0
    0
    0
    0
    0
    0
    0
    0
    0
    0
    0
    0
    0
    0
    0
    0
    0
    0
    0
    0
    0
    0
    0
    0
    0
    0
    0
    0
    0
    0
    0
    0
    0
    0
    0
    0
    0
    0
    0
    0
    0
    0
    0
    0
    0
    0
    0
    0
    0
    0
    0
    0
    0
    0
    0
    0
    0
    0
    0
    0
    0
    0
    0
    0
    0
    0
    0
    0
    0
    0
    0
    0
    0
    0
    0
    0
    0
    0
    0
    0
    0
    0
    0
    0
    0
    0
    0
    0
    0
    0
    0
    0
    0
    0
    0
    0
    0
    0
    0
    0
    0
    0
    0
    0
    0
    0
    0
    0
    0
    0
    0
    0
    0
    0
    0
    0
    0
    0
    0
    0
    0
    0
    0
    0
    0
    0
    0
    0
    0
    0
    0
    0
    0
    0
    0
    0
    0
    0
    0
    0
    0
    0
    0
    0
    0
    0
    0
    0
    0
    0
    0
    0
    0
    0
    0
    0
    0
    0
    0
    0
    0
    0
    0
    0
    0
    0
    0
    0
    0
    0
    0
    0
    0
    0
    0
    0
    0
    0
    0
    0
    0
    0
    0
    0
    0
    0
    0
    0
    0
    0
    0
    0
    0
    0
    0
    0
    0
    0
    0
    0
    0
    0
    0
    0
    0
    0
    0
    0
    0
    0
    0
    0
    0
    0
    0
    0
    0
    0
    0
    0
    0
    0
    0
    0
    0
    0
    0
    0
    0
    0
    0
    0
    0
    0
    0
    0
    0
    0
    0
    0
    0
    0
    0
    0
    0
    0
    0
    0
    0
    0
    0
    0
    0
    0
    0
    0
    0
    0
    0
    0
    0
    0
    0
    0
    0
    0
    0
    0
    0
    0
    0
    0
    0
    0
    0
    0
    0
    0
    0
    0
    0
    0
    0
    0
    0
    0
    0
    0
    0
    0
    0
    0
    0
    0
    0
    0
    0
    0
    0
    0
    0
    0
    0
    0
    0
    0
    0
    0
    0
    0
    0
    0
    0
    0
    0
    0
    0
    0
    0
    0
    0
    0
    0
    0
    0
    0
    0
    0
    0
    0
    0
    0
    0
    0
    0
    0
    0
    0
    0
    0
    0
    0
    0
    0
    0
    0
    0
    0
    0
    0
    0
    0
    0
    0
    0
    0
    0
    0
    0
    0
    0
    0
    0
    0
    0
    0
    0
    0
    0
    0
    0
    0
    0
    0
    0
    0
    0
    0
    0
    0
    0
    0
    0
    0
    0
    0
    0
    0
    0
    0
    0
    0
    0
    0
    0
    0
    0
    0
    0
    0
    0
    0
    0
    0
    0
    0
    0
    0
    0
    0
    0
    0
    0
    0
    0
    0
    0
    0
    0
    0
    0
    0
    0
    0
    0
    0
    0
    0
    0
    0
    0
    0
    0
    0
    0
    0
    0
    0
    0
    0
    0
    0
    0
    0
    0
    0
    0
    0
    0
    0
    0
    0
    0
    0
    0
    0
    0
    0
    0
    0
    0
    0
    0
    0
    0
    0
    0
    0
    0
    0
    0
    0
    0
    0
    0
    0
    0
    0
    0
    0
    0
    0
    0
    0
    0
    0
    0
    0
    0
    0
    0
    0
    0
    0
    0
    0
    0
    0
    0
    0
    0
    0
    0
    0
    0
    0
    0
    0
    0
    0
    0
    0
    0
    0
    0
    0
    0
    0
    0
    0
    0
    0
    0
    0
    0
    0
    0
    0
    0
    0
    0
    0
    0
    0
    0
    0
    0
    0
    0
    0
    0
    0
    0
    0
    0
    0
    0
    0
    0
    0
    0
    0
    0
    0
    0
    0
    0
    0
    0
    0
    0
    0
    0
    0
    0
    0
    0
    0
    0
    0
    0
    0
    0
    0
    0
    0
    0
    0
    0
    0
    0
    0
    0
    0
    0
    0
    0
    0
    0
    0
    0
    0
    0
    0
    0
    0
    0
    0
    0
    0
    0
    0
    0
    0
    0
    0
    0
    0
    0
    0
    0
    0
    0
    0
    0
    0
    0
    0
    0
    0
    0
    0
    0
    0
    0
    0
    0
    0
    0
    0
    0
    0
    0
    0
    0
    0
    0
    0
    0
    0
    0
    0
    0
    0
    0
    0
    0
    0
    0
    0
    0
    0
    0
    0
    0
    0
    0
    0
    0
    0
    0
    0
    0
    0
    0
    0
    0
    0
    0
    0
    0
    0
    0
    0
    0
    0
    0
    0
    0
    0
    0
    0
    0
    0
    0
    0
    0
    0
    0
    0
    0
    0
    0
    0
    0
    0
    0
    0
    0
    0
    0
    0
    0
    0
    0
    0
    0
    0
    0
    0
    0
    0
    0
    0
    0
    0
    0
    0
    0
    0
    0
    0
    0
    0
    0
    0
    0
    0
    0
    0
    0
    0
    0
    0
    0
    0
    0
    0
    0
    0
    0
    0
    0
    0
    0
    0
    0
    0
    0
    0
    0
    0
    0
    0
    0
    0
    0
    0
    0
    0
    0
    0
    0
    0
    0
    0
    0
    0
    0
    0
    0
    0
    0
    0
    0
    0
    0
    0
    0
    0
    0
    0
    0
    0
    0
    0
    0
    0
    0
    0
    0
    0
    0
    0
    0
    0
    0
    0
    0
    0
    0
    0
    0
    0
    0
    0
    0
    0
    0
    0
    0
    0
    0
    0
    0
    0
    0
    0
    0
    0
    0
    0
    0
    0
    0
    0
    0
    0
    0
    0
    0
    0
    0
    0
    0
    0
    0
    0
    0
    0
    0
    0
    0
    0
    0
    0
    0
    0
    0
    0
    0
    0
    0
    0
    0
    0
    0
    0
    0
    0
    0
    0
    0
    0
    0
    0
    0
    0
    0
    0
    0
    0
    0
    0
    0
    0
    0
    0
    0
    0
    0
    0
    0
    0
    0
    0
    0
    0
    0
    0
    0
    0
    0
    0
    0
    0
    0
    0
    0
    0
    0
    0
    0
    0
    0
    0
    0
    0
    0
    0
    0
    0
    0
    0
    0
    0
    0
    0
    0
    0
    0
    0
    0
    0
    0
    0
    0
    0
    0
    0
    0
    0
    0
    0
    0
    0
    0
    0
    0
    0
    0
    0
    0
    0
    0
    0
    0
    0
    0
    0
    0
    0
    0
    0
    0
    0
    0
    0
    0
    0
    0
    0
    0
    0
    0
    0
    0
    0
    0
    0
    0
    0
    0
    0
    0
    0
    0
    0
    0
    0
    0
    0
    0
    0
    0
    0
    0
    0
    0
    0
    0
    0
    0
    0
    0
    0
    0
    0
    0
    0
    0
    0
    0
    0
    0
    0
    0
    0
    0
    0
    0
    0
    0
    0
    0
    0
    0
    0
    0
    0
    0
    0
    0
    0
    0
    0
    0
    0
    0
    0
    0
    0
    0
    0
    0
    0
    0
    0
    0
    0
    0
    0
    0
    0
    0
    0
    0
    0
    0
    0
    0
    0
    0
    0
    0
    0
    0
    0
    0
    0
    0
    0
    0
    0
    0
    0
    0
    0
    0
    0
    0
    0
    0
    0
    0
    0
    0
    0
    0
    0
    0
    0
    0
    0
    0
    0
    0
    0
    0
    0
    0
    0
    0
    0
    0
    0
    0
    0
    0
    0
    0
    0
    0
    0
    0
    0
    0
    0
    0
    0
    0
    0
    0
    0
    0
    0
    0
    0
    0
    0
    0
    0
    0
    0
    0
    0
    0
    0
    0
    0
    0
    0
    0
    0
    0
    0
    0
    0
    0
    0
    0
    0
    0
    0
    0
    0
    0
    0
    0
    0
    0
    0
    0
    0
    0
    0
    0
    0
    0
    0
    0
    0
    0
    0
    0
    0
    0
    0
    0
    0
    0
    0
    0
    0
    0
    0
    0
    0
    0
    0
    0
    0
    0
    0
    0
    0
    0
    0
    0
    0
    0
    0
    0
    0
    0
    0
    0
    0
    0
    0
    0
    0
    0
    0
    0
    0
    0
    0
    0
    0
    0
    0
    0
    0
    0
    0
    0
    0
    0
    0
    0
    0
    0
    0
    0
    0
    0
    0
    0
    0
    0
    0
    0
    0
    0
    0
    0
    0
    0
    0
    0
    0
    0
    0
    0
    0
    0
    0
    0
    0
    0
    0
    0
    0
    0
    0
    0
    0
    0
    0
    0
    0
    0
    0
    0
    0
    0
    0
    0
    0
    0
    0
    0
    0
    0
    0
    0
    0
    0
    0
    0
    0
    0
    0
    0
    0
    0
    0
    0
    0
    0
    0
    0
    0
    0
    0
    0
    0
    0
    0
    0
    0
    0
    0
    0
    0
    0
    0
    0
    0
    0
    0
    0
    0
    0
    0
    0
    0
    0
    0
    0
    0
    0
    0
    0
    0
    0
    0
    0
    0
    0
    0
    0
    0
    0
    0
    0
    0
    0
    0
    0
    0
    0
    0
    0
    0
    0
    0
    0
    0
    0
    0
    0
    0
    0
    0
    0
    0
    0
    0
    0
    0
    0
    0
    0
    0
    0
    0
    0
    0
    0
    0
    0
    0
    0
    0
    0
    0
    0
    0
    0
    0
    0
    0
    0
    0
    0
    0
    0
    0
    0
    0
    0
    0
    0
    0
    0
    0
    0
    0
    0
    0
    0
    0
    0
    0
    0
    0
    0
    0
    0
    0
    0
    0
    0
    0
    0
    0
    0
    0
    0
    0
    0
    0
    0
    0
    0
    0
    0
    0
    0
    0
    0
    0
    0
    0
    0
    0
    0
    0
    0
    0
    0
    0
    0
    0
    0
    0
    0
    0
    0
    0
    0
    0
    0
    0
    0
    0
    0
    0
    0
    0
    0
    0
    0
    0
    0
    0
    0
    0
    0
    0
    0
    0
    0
    0
    0
    0
    0
    0
    0
    0
    0
    0
    0
    0
    0
    0
    0
    0
    0
    0
    0
    0
    0
    0
    0
    0
    0
    0
    0
    0
    0
    0
    0
    0
    0
    0
    0
    0
    0
    0
    0
    0
    0
    0
    0
    0
    0
    0
    0
    0
    0
    0
    0
    0
    0
    0
    0
    0
    0
    0
    0
    0
    0
    0
    0
    0
    0
    0
    0
    0
    0
    0
    0
    0
    0
    0
    0
    0
    0
    0
    0
    0
    0
    0
    0
    0
    0
    0
    0
    0
    0
    0
    0
    0
    0
    0
    0
    0
    0
    0
    0
    0
    0
    0
    0
    0
    0
    0
    0
    0
    0
    0
    0
    0
    0
    0
    0
    0
    0
    0
    0
    0
    0
    0
    0
    0
    0
    0
    0
    0
    0
    0
    0
    0
    0
    0
    0
    0
    0
    0
    0
    0
    0
    0
    0
    0
    0
    0
    0
    0
    0
    0
    0
    0
    0
    0
    0
    0
    0
    0
    0
    0
    0
    0
    0
    0
    0
    0
    0
    0
    0
    0
    0
    0
    0
    0
    0
    0
    0
    0
    0
    0
    0
    0
    0
    0
    0
    0
    0
    0
    0
    0
    0
    0
    0
    0
    0
    0
    0
    0
    0
    0
    0
    0
    0
    0
    0
    0
    0
    0
    0
    0
    0
    0
    0
    0
    0
    0
    0
    0
    0
    0
    0
    0
    0
    0
    0
    0
    0
    0
    0
    0
    0
    0
    0
    0
    0
    0
    0
    0
    0
    0
    0
    0
    0
    0
    0
    0
    0
    0
    0
    0
    0
    0
    0
    0
    0
    0
    0
    0
    0
    0
    0
    0
    0
    0
    0
    0
    0
    0
    0
    0
    0
    0
    0
    0
    0
    0
    0
    0
    0
    0
    0
    0
    0
    0
    0
    0
    0
    0
    0
    0
    0
    0
    0
    0
    0
    0
    0
    0
    0
    0
    0
    0
    0
    0
    0
    0
    0
    0
    0
    0
    0
    0
    0
    0
    0
    0
    0
    0
    0
    0
    0
    0
    0
    0
    0
    0
    0
    0
    0
    0
    0
    0
    0
    0
    0
    0
    0
    0
    0
    0
    0
    0
    0
    0
    0
    0
    0
    0
    0
    0
    0
    0
    0
    0
    0
    0
    0
    0
    0
    0
    0
    0
    0
    0
    0
    0
    0
    0
    0
    0
    0
    0
    0
    0
    0
    0
    0
    0
    0
    0
    0
    0
    0
    0
    0
    0
    0
    0
    0
    0
    0
    0
    0
    0
    0
    0
    0
    0
    0
    0
    0
    0
    0
    0
    0
    0
    0
    0
    0
    0
    0
    0
    0
    0
    0
    0
    0
    0
    0
    0
    0
    0
    0
    0
    0
    0
    0
    0
    0
    0
    0
    0
    0
    0
    0
    0
    0
    0
    0
    0
    0
    0
    0
    0
    0
    0
    0
    0
    0
    0
    0
    0
    0
    0
    0
    0
    0
    0
    0
    0
    0
    0
    0
    0
    0
    0
    0
    0
    0
    0
    0
    0
    0
    0
    0
    0
    0
    0
    0
    0
    0
    0
    0
    0
    0
    0
    0
    0
    0
    0
    0
    0
    0
    0
    0
    0
    0
    0
    0
    0
    0
    0
    0
    0
    0
    0
    0
    0
    0
    0
    0
    0
    0
    0
    0
    0
    0
    0
    0
    0
    0
    0
    0
    0
    0
    0
    0
    0
    0
    0
    0
    0
    0
    0
    0
    0
    0
    0
    0
    0
    0
    0
    0
    0
    0
    0
    0
    0
    0
    0
    0
    0
    0
    0
    0
    0
    0
    0
    0
    0
    0
    0
    0
    0
    0
    0
    0
    0
    0
    0
    0
    0
    0
    0
    0
    0
    0
    0
    0
    0
    0
    0
    0
    0
    0
    0
    0
    0
    0
    0
    0
    0
    0
    0
    0
    0
    0
    0
    0
    0
    0
    0
    0
    0
    0
    0
    0
    0
    0
    0
    0
    0
    0
    0
    0
    0
    0
    0
    0
    0
    0
    0
    0
    0
    0
