Project Info:
    ACQ Time: 2019- 9-24   9:31:19: 925 .
    Project: tq×ó²à×ãÈýÀïÓÒÅÔ¿ª£¨×òÌìÍ¿ºìÒ©Ë®£©
    Name: 
    Part:  
    Operator:  
    Desc.:  
    Sample Data Acquired.

ACQ Parameters:
    Excited Peroid(ms): 50
    Excited Time(ms): 10
    Acq Delay Time(us): 10
    Gate Time(ms): 20
    Count Num per gate: 100
    Repeat Times: 50
    Acq Gate Times: 1
    Interval per Gate(us): 100
    Channel Number: 2

Data:
    659
    595
    542
    467
    434
    412
    381
    372
    353
    334
    303
    276
    274
    254
    257
    246
    246
    206
    207
    192
    198
    162
    151
    163
    155
    143
    130
    119
    111
    112
    104
    118
    81
    123
    106
    126
    93
    86
    71
    85
    72
    86
    61
    55
    71
    52
    72
    53
    55
    47
    54
    56
    41
    48
    57
    44
    42
    46
    35
    36
    45
    52
    33
    32
    26
    32
    31
    23
    38
    35
    31
    22
    22
    32
    22
    25
    27
    20
    32
    15
    15
    11
    20
    26
    18
    18
    18
    19
    21
    10
    18
    16
    11
    24
    13
    14
    8
    10
    14
    14
    609
    627
    529
    471
    412
    399
    381
    364
    328
    289
    302
    295
    237
    289
    261
    240
    223
    181
    196
    186
    190
    165
    168
    151
    166
    143
    139
    134
    139
    125
    128
    111
    127
    107
    89
    108
    87
    85
    82
    85
    88
    67
    75
    73
    70
    70
    56
    66
    52
    62
    46
    53
    58
    37
    53
    37
    51
    43
    42
    40
    46
    32
    41
    41
    39
    35
    33
    19
    39
    30
    25
    26
    13
    29
    31
    36
    15
    27
    29
    21
    25
    20
    23
    20
    17
    25
    11
    20
    20
    19
    12
    12
    12
    17
    13
    13
    8
    10
    12
    13
    592
    582
    534
    491
    444
    443
    381
    370
    348
    289
    302
    285
    272
    271
    236
    243
    233
    209
    229
    181
    196
    166
    161
    183
    154
    152
    124
    118
    138
    131
    125
    112
    124
    99
    98
    101
    84
    78
    76
    72
    81
    85
    86
    65
    60
    77
    81
    66
    52
    52
    48
    64
    46
    40
    56
    39
    51
    49
    50
    39
    37
    42
    29
    35
    37
    24
    26
    32
    34
    23
    34
    29
    33
    27
    32
    16
    25
    19
    24
    23
    26
    26
    25
    28
    21
    24
    23
    19
    18
    15
    15
    17
    13
    14
    10
    18
    15
    20
    20
    14
    644
    626
    518
    480
    439
    401
    401
    386
    325
    306
    321
    298
    271
    257
    229
    228
    214
    214
    203
    199
    181
    175
    154
    163
    160
    148
    137
    114
    125
    120
    133
    120
    106
    99
    83
    107
    98
    99
    96
    89
    93
    74
    74
    71
    63
    54
    64
    65
    50
    68
    57
    54
    48
    35
    48
    46
    49
    43
    44
    40
    44
    41
    45
    35
    42
    36
    33
    30
    30
    33
    30
    24
    24
    40
    30
    30
    21
    20
    26
    32
    30
    25
    21
    24
    25
    22
    21
    17
    20
    17
    27
    13
    14
    16
    13
    21
    18
    19
    14
    12
    635
    623
    530
    482
    492
    394
    402
    359
    365
    327
    312
    307
    278
    247
    255
    218
    233
    215
    233
    179
    179
    174
    184
    156
    149
    135
    150
    141
    131
    117
    127
    97
    118
    122
    97
    96
    89
    92
    88
    88
    73
    88
    64
    61
    63
    64
    60
    60
    63
    59
    55
    54
    48
    55
    45
    40
    68
    33
    47
    39
    34
    40
    38
    43
    33
    30
    31
    34
    28
    22
    34
    33
    36
    30
    28
    30
    18
    22
    24
    21
    17
    17
    23
    18
    20
    20
    28
    21
    17
    11
    18
    18
    19
    19
    14
    18
    15
    16
    18
    16
    590
    581
    535
    458
    445
    407
    379
    386
    357
    343
    300
    283
    282
    247
    273
    202
    200
    208
    205
    181
    188
    164
    155
    154
    163
    147
    141
    131
    139
    146
    109
    137
    117
    111
    92
    88
    101
    77
    93
    87
    100
    70
    76
    87
    67
    77
    71
    72
    56
    60
    53
    62
    50
    53
    43
    61
    32
    38
    56
    42
    32
    42
    44
    38
    38
    39
    38
    29
    29
    29
    37
    27
    16
    28
    30
    27
    22
    23
    16
    25
    29
    18
    16
    20
    18
    32
    16
    22
    21
    18
    25
    17
    13
    10
    13
    14
    15
    11
    10
    10
    650
    621
    540
    523
    429
    385
    402
    342
    345
    329
    309
    288
    257
    277
    251
    235
    239
    208
    213
    187
    214
    184
    191
    162
    162
    170
    139
    149
    124
    129
    126
    118
    97
    126
    94
    106
    115
    108
    81
    84
    87
    90
    84
    63
    62
    71
    57
    57
    56
    55
    60
    45
    52
    51
    54
    51
    58
    31
    43
    39
    46
    45
    30
    34
    31
    40
    32
    33
    27
    36
    31
    38
    41
    35
    24
    33
    28
    26
    16
    34
    26
    17
    33
    15
    29
    21
    21
    21
    20
    19
    23
    20
    17
    14
    20
    15
    10
    17
    11
    13
    638
    566
    523
    522
    433
    422
    386
    376
    338
    323
    338
    289
    273
    290
    257
    271
    234
    213
    197
    184
    181
    191
    144
    171
    160
    150
    147
    129
    144
    115
    127
    108
    125
    127
    102
    94
    87
    72
    93
    99
    94
    76
    84
    75
    54
    71
    70
    70
    71
    61
    57
    57
    49
    44
    58
    50
    52
    41
    41
    31
    43
    38
    38
    43
    30
    33
    31
    34
    29
    37
    28
    24
    26
    27
    29
    18
    33
    22
    35
    31
    25
    27
    26
    24
    17
    18
    14
    20
    30
    14
    17
    19
    17
    13
    17
    19
    15
    22
    15
    15
    585
    586
    546
    444
    479
    424
    380
    332
    332
    344
    317
    287
    287
    287
    277
    240
    220
    218
    213
    194
    189
    164
    177
    150
    156
    170
    117
    132
    145
    128
    137
    118
    115
    100
    107
    109
    102
    99
    94
    86
    97
    62
    90
    84
    77
    89
    60
    69
    63
    65
    63
    47
    48
    49
    57
    42
    51
    55
    51
    37
    38
    41
    35
    22
    39
    40
    43
    25
    30
    28
    34
    40
    27
    33
    32
    28
    32
    22
    17
    23
    25
    14
    21
    17
    27
    20
    17
    17
    20
    23
    24
    18
    18
    12
    14
    17
    11
    22
    16
    15
    632
    574
    513
    498
    467
    426
    370
    383
    310
    312
    297
    299
    255
    259
    249
    213
    226
    199
    187
    210
    193
    171
    160
    162
    152
    136
    136
    146
    140
    126
    129
    135
    116
    99
    105
    119
    94
    87
    84
    77
    81
    84
    78
    76
    65
    62
    65
    52
    74
    63
    48
    61
    49
    51
    45
    52
    46
    43
    42
    35
    37
    43
    58
    28
    35
    35
    35
    33
    38
    35
    22
    30
    28
    20
    30
    27
    25
    31
    17
    20
    26
    23
    28
    16
    23
    19
    15
    19
    18
    15
    20
    12
    26
    16
    17
    13
    12
    15
    10
    14
    633
    589
    491
    513
    462
    418
    398
    367
    307
    312
    302
    301
    251
    268
    245
    235
    233
    214
    204
    218
    196
    190
    151
    172
    156
    136
    150
    142
    141
    134
    126
    122
    112
    87
    97
    101
    95
    86
    75
    103
    74
    83
    68
    93
    84
    72
    73
    68
    67
    47
    60
    52
    59
    63
    55
    56
    43
    41
    38
    46
    38
    43
    43
    40
    48
    33
    43
    32
    28
    29
    37
    21
    31
    24
    35
    31
    30
    30
    40
    21
    20
    21
    30
    23
    19
    17
    21
    21
    13
    23
    21
    14
    24
    20
    16
    15
    17
    15
    16
    12
    616
    607
    514
    491
    470
    395
    392
    361
    342
    329
    308
    329
    259
    265
    252
    229
    236
    217
    200
    209
    177
    181
    170
    151
    177
    170
    131
    151
    130
    128
    135
    104
    100
    90
    108
    118
    98
    95
    92
    74
    85
    84
    79
    67
    63
    84
    74
    67
    62
    67
    51
    50
    49
    45
    54
    52
    36
    49
    40
    38
    43
    50
    44
    33
    40
    26
    40
    36
    44
    23
    33
    32
    35
    26
    17
    27
    29
    19
    30
    25
    10
    28
    12
    32
    12
    20
    18
    21
    16
    28
    18
    15
    21
    13
    22
    22
    14
    14
    16
    13
    613
    627
    536
    536
    423
    459
    400
    383
    352
    329
    295
    300
    283
    252
    273
    236
    229
    227
    213
    180
    189
    175
    176
    173
    166
    146
    156
    136
    131
    147
    121
    125
    113
    91
    107
    86
    108
    102
    93
    85
    91
    87
    84
    73
    71
    73
    56
    53
    66
    50
    49
    57
    58
    54
    46
    53
    53
    30
    51
    44
    38
    54
    44
    40
    32
    39
    32
    32
    32
    33
    40
    18
    36
    31
    20
    26
    33
    38
    29
    19
    28
    31
    24
    21
    23
    17
    20
    10
    13
    10
    12
    19
    18
    13
    14
    16
    16
    22
    16
    18
    590
    607
    524
    484
    451
    397
    376
    331
    337
    336
    321
    286
    289
    286
    243
    246
    257
    218
    193
    182
    174
    177
    166
    157
    161
    142
    136
    135
    139
    130
    109
    109
    109
    99
    114
    91
    108
    100
    83
    71
    87
    88
    89
    60
    69
    70
    74
    62
    71
    76
    61
    57
    58
    40
    51
    52
    48
    58
    54
    37
    33
    49
    35
    60
    29
    42
    33
    39
    31
    26
    32
    31
    44
    37
    34
    28
    29
    21
    28
    35
    24
    20
    24
    23
    18
    17
    21
    22
    18
    18
    15
    24
    21
    17
    15
    19
    10
    13
    21
    14
    593
    570
    554
    482
    434
    422
    379
    363
    351
    304
    306
    290
    287
    273
    264
    249
    219
    206
    232
    198
    168
    165
    165
    150
    162
    144
    148
    138
    134
    152
    139
    101
    106
    100
    110
    92
    103
    94
    73
    89
    83
    85
    76
    61
    73
    66
    71
    71
    56
    55
    70
    68
    61
    63
    43
    48
    51
    56
    56
    41
    41
    53
    43
    41
    33
    33
    42
    39
    28
    30
    29
    22
    38
    33
    22
    25
    25
    23
    30
    18
    30
    15
    19
    19
    23
    24
    19
    24
    20
    16
    15
    16
    22
    12
    13
    8
    19
    27
    11
    24
    627
    611
    557
    456
    422
    392
    392
    364
    349
    305
    325
    275
    267
    264
    226
    249
    232
    203
    215
    218
    175
    178
    181
    188
    164
    170
    143
    134
    135
    126
    145
    129
    109
    100
    95
    114
    103
    92
    91
    93
    82
    80
    89
    82
    70
    65
    52
    66
    74
    59
    68
    66
    54
    65
    52
    63
    42
    42
    44
    51
    54
    43
    38
    34
    36
    32
    31
    41
    28
    31
    31
    32
    31
    30
    25
    21
    23
    15
    19
    24
    22
    29
    35
    27
    33
    23
    12
    16
    14
    11
    18
    16
    17
    16
    23
    16
    17
    12
    10
    13
    649
    557
    567
    495
    390
    450
    398
    405
    363
    312
    321
    310
    271
    293
    216
    233
    227
    205
    212
    203
    187
    191
    168
    183
    171
    147
    122
    136
    134
    124
    104
    101
    123
    105
    100
    109
    88
    87
    93
    87
    104
    81
    68
    95
    71
    71
    72
    55
    70
    66
    47
    67
    59
    40
    44
    48
    60
    42
    38
    44
    39
    42
    41
    29
    38
    32
    29
    35
    35
    42
    30
    29
    28
    36
    31
    23
    23
    22
    24
    26
    17
    23
    23
    22
    19
    12
    17
    20
    16
    16
    20
    13
    15
    21
    14
    11
    14
    14
    10
    9
    667
    582
    522
    473
    435
    414
    394
    339
    350
    319
    302
    303
    278
    276
    233
    258
    195
    225
    213
    212
    172
    179
    152
    164
    182
    144
    133
    144
    156
    127
    112
    126
    117
    106
    112
    93
    92
    101
    97
    99
    81
    87
    77
    63
    78
    64
    69
    68
    69
    52
    68
    60
    56
    58
    55
    48
    48
    43
    46
    35
    55
    37
    39
    46
    42
    37
    33
    33
    35
    34
    35
    38
    35
    35
    27
    41
    26
    28
    21
    24
    22
    22
    18
    22
    22
    16
    26
    17
    16
    10
    13
    14
    20
    16
    18
    15
    14
    12
    15
    11
    635
    615
    581
    499
    417
    420
    389
    362
    356
    331
    334
    307
    257
    269
    246
    263
    230
    233
    216
    172
    180
    173
    177
    153
    158
    158
    141
    154
    142
    121
    135
    126
    113
    97
    93
    125
    100
    102
    91
    65
    76
    91
    78
    79
    81
    78
    72
    57
    67
    68
    58
    60
    51
    59
    57
    49
    47
    48
    46
    44
    41
    35
    47
    54
    45
    44
    29
    27
    43
    36
    25
    24
    31
    33
    29
    30
    25
    20
    27
    24
    25
    19
    25
    23
    17
    21
    16
    18
    17
    14
    17
    23
    16
    21
    19
    14
    17
    10
    19
    21
    638
    565
    515
    462
    412
    433
    383
    363
    328
    316
    307
    282
    286
    262
    264
    229
    240
    211
    210
    184
    180
    196
    183
    172
    149
    157
    147
    157
    144
    146
    133
    125
    115
    97
    107
    104
    96
    100
    76
    80
    81
    76
    92
    67
    79
    72
    78
    72
    71
    64
    68
    69
    49
    57
    45
    55
    54
    51
    32
    46
    47
    36
    40
    40
    38
    33
    31
    50
    37
    27
    31
    38
    38
    26
    25
    19
    21
    35
    22
    23
    30
    20
    20
    18
    17
    17
    14
    25
    20
    20
    23
    21
    12
    18
    17
    11
    13
    16
    9
    14
    630
    582
    517
    456
    422
    403
    390
    331
    362
    329
    319
    302
    276
    279
    218
    215
    255
    213
    215
    203
    188
    187
    172
    159
    135
    155
    174
    151
    154
    118
    134
    109
    125
    121
    102
    114
    92
    81
    83
    93
    78
    84
    81
    82
    54
    95
    59
    57
    62
    57
    54
    59
    65
    57
    46
    50
    43
    47
    41
    34
    43
    46
    31
    31
    29
    27
    34
    32
    28
    31
    35
    21
    35
    28
    23
    31
    29
    35
    24
    26
    28
    21
    25
    24
    29
    20
    31
    28
    18
    22
    18
    14
    18
    14
    7
    11
    20
    13
    21
    19
    605
    636
    527
    466
    433
    416
    423
    367
    335
    320
    312
    288
    264
    244
    271
    258
    225
    217
    202
    208
    172
    177
    188
    171
    149
    166
    147
    147
    140
    128
    113
    116
    102
    115
    104
    96
    97
    83
    80
    86
    92
    84
    76
    68
    74
    70
    61
    78
    51
    62
    59
    52
    62
    61
    65
    55
    52
    45
    44
    48
    48
    47
    47
    33
    36
    32
    27
    42
    37
    35
    24
    30
    32
    35
    29
    30
    32
    28
    14
    23
    25
    30
    20
    30
    17
    27
    17
    22
    27
    15
    12
    15
    17
    18
    14
    24
    12
    15
    6
    6
    632
    560
    528
    480
    489
    411
    412
    341
    350
    320
    312
    283
    286
    300
    241
    233
    218
    232
    199
    206
    194
    182
    168
    189
    156
    148
    149
    145
    148
    120
    132
    108
    112
    117
    116
    107
    97
    97
    84
    91
    93
    90
    97
    70
    73
    69
    60
    67
    64
    52
    67
    54
    59
    61
    44
    56
    48
    56
    48
    36
    39
    47
    41
    29
    43
    28
    39
    28
    36
    32
    37
    30
    25
    35
    28
    37
    30
    27
    20
    23
    20
    16
    15
    27
    22
    19
    20
    18
    21
    19
    19
    13
    17
    18
    25
    17
    20
    24
    18
    11
    572
    589
    542
    477
    439
    384
    399
    364
    358
    328
    324
    293
    290
    254
    235
    209
    204
    224
    216
    198
    172
    199
    170
    143
    159
    159
    136
    144
    126
    111
    126
    127
    96
    100
    105
    100
    104
    100
    92
    99
    81
    84
    76
    73
    80
    84
    66
    60
    57
    67
    65
    48
    58
    52
    55
    54
    55
    47
    41
    36
    48
    44
    36
    33
    37
    41
    43
    35
    26
    35
    27
    29
    29
    33
    24
    24
    30
    30
    21
    28
    28
    19
    28
    22
    17
    23
    22
    26
    16
    21
    15
    25
    9
    19
    10
    16
    12
    13
    25
    16
    603
    559
    534
    516
    433
    430
    346
    363
    337
    324
    286
    305
    284
    269
    252
    253
    224
    217
    203
    202
    181
    192
    186
    179
    149
    174
    163
    169
    134
    141
    130
    108
    116
    105
    104
    108
    90
    75
    108
    97
    82
    88
    73
    64
    74
    69
    68
    56
    53
    72
    60
    56
    55
    47
    52
    51
    42
    62
    39
    39
    40
    46
    37
    39
    38
    34
    30
    32
    39
    32
    29
    32
    27
    20
    35
    32
    28
    28
    26
    21
    20
    24
    28
    21
    29
    19
    16
    18
    19
    25
    17
    11
    14
    23
    13
    18
    15
    10
    10
    16
    656
    568
    548
    459
    407
    447
    413
    431
    338
    345
    317
    288
    297
    246
    259
    254
    234
    237
    198
    196
    174
    208
    176
    175
    157
    158
    155
    146
    111
    146
    115
    101
    116
    106
    132
    101
    100
    103
    83
    75
    75
    69
    80
    81
    85
    73
    82
    63
    69
    50
    43
    62
    65
    49
    42
    43
    54
    46
    40
    45
    38
    32
    43
    38
    36
    31
    47
    32
    30
    26
    30
    44
    23
    34
    39
    27
    35
    38
    28
    29
    26
    20
    28
    34
    21
    17
    20
    17
    11
    22
    11
    13
    10
    17
    19
    10
    18
    6
    20
    13
    614
    608
    513
    478
    441
    421
    400
    366
    320
    326
    302
    294
    284
    265
    262
    256
    227
    242
    202
    189
    204
    184
    184
    163
    167
    166
    149
    148
    132
    119
    126
    119
    116
    100
    107
    113
    107
    92
    98
    80
    81
    73
    100
    93
    70
    68
    93
    57
    75
    70
    60
    65
    66
    44
    39
    42
    55
    42
    57
    50
    36
    40
    35
    40
    40
    38
    40
    34
    30
    34
    34
    26
    26
    30
    33
    19
    34
    35
    33
    21
    19
    24
    26
    18
    23
    29
    22
    19
    19
    16
    21
    21
    23
    16
    22
    11
    19
    16
    12
    14
    627
    564
    502
    475
    433
    388
    386
    376
    342
    312
    305
    307
    292
    269
    285
    207
    238
    204
    225
    173
    197
    169
    156
    175
    145
    147
    149
    140
    139
    141
    126
    108
    117
    112
    98
    119
    102
    100
    82
    84
    91
    84
    83
    87
    80
    71
    42
    66
    60
    59
    66
    51
    52
    66
    78
    47
    58
    55
    50
    44
    46
    49
    41
    40
    39
    35
    44
    34
    29
    28
    21
    34
    31
    29
    21
    31
    23
    24
    20
    24
    19
    21
    25
    25
    26
    14
    21
    26
    23
    27
    17
    19
    21
    18
    13
    11
    18
    13
    15
    21
    614
    603
    524
    483
    471
    425
    396
    376
    338
    349
    320
    310
    304
    266
    251
    233
    229
    199
    209
    206
    185
    174
    184
    171
    161
    159
    160
    152
    135
    121
    143
    122
    113
    104
    113
    104
    103
    103
    80
    92
    87
    84
    88
    78
    62
    70
    83
    67
    62
    55
    59
    59
    56
    51
    56
    58
    55
    56
    52
    43
    40
    35
    41
    54
    48
    35
    40
    37
    32
    24
    36
    32
    31
    29
    42
    31
    20
    19
    17
    29
    26
    20
    29
    32
    26
    16
    19
    23
    24
    21
    27
    23
    21
    16
    18
    7
    26
    17
    13
    16
    644
    594
    565
    507
    442
    392
    414
    354
    372
    321
    344
    308
    308
    246
    225
    257
    241
    222
    176
    206
    198
    198
    194
    162
    188
    158
    136
    162
    146
    114
    137
    147
    117
    114
    108
    107
    110
    92
    81
    98
    83
    80
    83
    87
    69
    79
    67
    60
    45
    66
    59
    62
    74
    49
    51
    52
    45
    62
    47
    41
    40
    48
    44
    45
    37
    42
    56
    32
    35
    36
    46
    29
    29
    27
    25
    31
    28
    20
    34
    24
    20
    23
    24
    28
    25
    28
    21
    19
    17
    15
    25
    25
    20
    16
    13
    11
    8
    13
    15
    15
    599
    562
    519
    502
    454
    424
    412
    391
    342
    317
    312
    266
    274
    266
    262
    233
    214
    233
    220
    197
    193
    191
    169
    163
    147
    163
    133
    141
    123
    129
    143
    110
    120
    109
    122
    102
    89
    107
    97
    87
    87
    65
    81
    78
    56
    91
    61
    54
    67
    60
    62
    67
    62
    57
    41
    52
    55
    51
    48
    41
    49
    45
    48
    32
    39
    38
    37
    35
    30
    34
    40
    26
    35
    24
    29
    24
    28
    25
    22
    15
    29
    24
    18
    19
    23
    14
    23
    16
    13
    18
    22
    13
    22
    27
    20
    15
    17
    11
    18
    23
    645
    577
    511
    476
    453
    427
    378
    367
    331
    338
    310
    306
    277
    286
    245
    257
    241
    200
    215
    194
    209
    185
    150
    167
    165
    146
    124
    139
    133
    122
    141
    126
    112
    120
    91
    109
    106
    104
    109
    80
    91
    97
    88
    66
    69
    66
    60
    71
    56
    65
    52
    58
    48
    66
    54
    53
    41
    47
    51
    42
    43
    42
    40
    39
    35
    27
    39
    38
    28
    34
    26
    35
    21
    37
    23
    22
    34
    38
    27
    27
    17
    24
    19
    15
    23
    25
    15
    26
    19
    23
    20
    19
    8
    18
    24
    15
    13
    9
    14
    20
    582
    581
    544
    468
    479
    400
    404
    363
    359
    322
    335
    282
    289
    278
    235
    234
    233
    218
    196
    194
    180
    209
    165
    158
    155
    139
    146
    169
    124
    112
    114
    108
    111
    107
    111
    100
    105
    82
    94
    93
    100
    74
    87
    77
    83
    83
    71
    78
    74
    60
    67
    60
    61
    57
    69
    48
    45
    45
    44
    47
    56
    47
    40
    48
    47
    30
    33
    22
    27
    27
    24
    41
    22
    24
    34
    34
    32
    29
    21
    35
    22
    29
    19
    25
    21
    16
    13
    21
    23
    23
    18
    23
    9
    23
    16
    20
    14
    13
    18
    17
    636
    605
    536
    468
    445
    426
    398
    362
    324
    336
    323
    290
    246
    254
    257
    233
    224
    197
    207
    210
    195
    174
    192
    160
    161
    151
    138
    135
    155
    144
    118
    115
    115
    110
    110
    83
    100
    78
    122
    96
    88
    85
    96
    76
    63
    73
    68
    70
    60
    64
    54
    61
    61
    55
    47
    56
    51
    38
    49
    37
    45
    58
    31
    44
    40
    33
    35
    50
    34
    35
    40
    24
    26
    34
    27
    31
    36
    18
    38
    27
    25
    18
    20
    25
    21
    15
    19
    11
    21
    14
    16
    22
    15
    21
    15
    17
    11
    16
    19
    15
    653
    588
    528
    477
    428
    384
    370
    356
    296
    345
    313
    305
    266
    280
    221
    234
    234
    197
    215
    219
    187
    171
    171
    135
    163
    155
    152
    134
    130
    139
    127
    111
    128
    103
    117
    94
    107
    99
    94
    74
    80
    72
    75
    78
    80
    77
    72
    64
    55
    60
    68
    62
    54
    42
    54
    40
    46
    55
    47
    45
    41
    37
    36
    37
    29
    37
    38
    27
    33
    30
    39
    25
    27
    26
    30
    36
    20
    34
    20
    14
    24
    25
    23
    19
    23
    20
    14
    25
    20
    15
    17
    23
    15
    16
    14
    22
    20
    13
    11
    9
    664
    542
    556
    444
    412
    449
    426
    345
    348
    335
    275
    287
    287
    266
    239
    230
    213
    228
    206
    185
    207
    192
    160
    183
    151
    152
    161
    125
    149
    135
    112
    118
    117
    94
    106
    111
    89
    108
    78
    87
    88
    88
    97
    72
    81
    63
    74
    53
    52
    62
    57
    54
    53
    63
    52
    51
    55
    59
    44
    50
    54
    45
    35
    38
    34
    31
    38
    36
    37
    30
    40
    31
    31
    24
    27
    38
    42
    22
    22
    23
    28
    18
    22
    19
    14
    27
    26
    22
    21
    16
    26
    24
    18
    14
    25
    10
    18
    16
    18
    8
    620
    572
    548
    459
    451
    423
    389
    355
    357
    338
    319
    260
    284
    263
    261
    259
    222
    207
    215
    181
    188
    196
    174
    149
    150
    153
    154
    132
    127
    125
    142
    143
    126
    98
    102
    95
    97
    75
    83
    89
    84
    79
    89
    77
    74
    74
    70
    65
    74
    52
    64
    50
    49
    47
    55
    52
    49
    50
    47
    48
    47
    38
    26
    21
    36
    34
    29
    36
    25
    38
    18
    34
    27
    35
    30
    31
    33
    19
    28
    26
    21
    16
    19
    23
    18
    21
    24
    17
    13
    17
    15
    19
    22
    17
    19
    13
    17
    21
    14
    8
    562
    603
    552
    483
    463
    410
    395
    336
    377
    322
    297
    272
    274
    254
    230
    194
    249
    246
    216
    212
    182
    171
    189
    169
    164
    131
    132
    134
    147
    136
    109
    129
    131
    106
    95
    104
    120
    94
    90
    91
    70
    64
    79
    72
    65
    68
    89
    66
    66
    66
    61
    69
    44
    47
    53
    58
    48
    39
    44
    45
    51
    56
    39
    41
    37
    30
    36
    31
    37
    34
    38
    31
    37
    22
    25
    32
    29
    20
    22
    24
    28
    27
    23
    27
    20
    25
    24
    20
    19
    26
    20
    19
    11
    11
    17
    14
    19
    24
    14
    18
    588
    581
    570
    476
    473
    435
    362
    362
    369
    333
    300
    303
    269
    269
    254
    222
    205
    242
    197
    213
    187
    176
    163
    146
    162
    163
    138
    141
    133
    127
    121
    135
    104
    109
    107
    98
    99
    85
    83
    69
    66
    89
    83
    83
    70
    70
    67
    71
    68
    63
    40
    62
    55
    47
    51
    49
    50
    53
    54
    43
    51
    28
    38
    39
    46
    31
    33
    36
    41
    27
    31
    30
    35
    29
    23
    27
    30
    21
    28
    27
    28
    23
    20
    19
    15
    22
    24
    15
    19
    16
    16
    15
    19
    15
    20
    21
    13
    16
    17
    18
    604
    581
    530
    512
    417
    398
    393
    362
    351
    327
    323
    310
    286
    283
    220
    250
    248
    213
    204
    202
    244
    196
    164
    159
    137
    153
    173
    128
    145
    132
    112
    111
    147
    119
    110
    82
    110
    93
    81
    85
    75
    74
    79
    77
    79
    82
    80
    60
    55
    58
    68
    59
    72
    61
    57
    46
    45
    59
    50
    52
    35
    37
    43
    34
    39
    39
    44
    40
    35
    30
    32
    29
    27
    43
    29
    29
    27
    25
    20
    30
    22
    24
    17
    23
    16
    25
    22
    25
    23
    19
    13
    24
    9
    21
    12
    14
    21
    13
    13
    13
    647
    594
    518
    468
    468
    397
    412
    361
    319
    342
    326
    283
    319
    250
    234
    240
    235
    207
    217
    215
    195
    173
    172
    144
    169
    162
    160
    163
    135
    132
    136
    110
    114
    109
    110
    111
    105
    91
    112
    86
    84
    94
    75
    65
    72
    69
    51
    57
    70
    63
    73
    75
    44
    53
    55
    50
    50
    41
    42
    60
    40
    49
    40
    37
    36
    35
    33
    30
    31
    32
    32
    44
    39
    24
    34
    29
    26
    31
    16
    33
    20
    21
    29
    22
    18
    17
    27
    25
    13
    18
    20
    14
    17
    18
    24
    19
    10
    16
    15
    11
    630
    558
    537
    487
    467
    387
    365
    388
    335
    326
    298
    302
    287
    275
    237
    219
    252
    239
    236
    197
    180
    184
    163
    177
    163
    159
    146
    138
    127
    122
    120
    121
    117
    111
    98
    94
    91
    100
    84
    91
    83
    78
    73
    81
    73
    67
    57
    72
    60
    61
    47
    62
    53
    51
    49
    41
    37
    48
    52
    40
    41
    34
    38
    40
    39
    36
    40
    30
    34
    30
    28
    43
    27
    25
    21
    24
    23
    29
    34
    24
    26
    21
    18
    17
    25
    26
    12
    23
    23
    22
    20
    22
    18
    17
    11
    14
    20
    15
    12
    17
    607
    606
    541
    502
    456
    425
    403
    373
    367
    319
    277
    309
    292
    295
    238
    244
    253
    220
    186
    211
    209
    167
    161
    167
    165
    180
    144
    130
    120
    129
    120
    128
    112
    115
    107
    106
    92
    87
    93
    90
    91
    70
    83
    82
    76
    81
    71
    65
    58
    61
    47
    58
    58
    55
    40
    41
    47
    45
    37
    45
    41
    45
    46
    35
    41
    43
    42
    30
    33
    41
    24
    41
    36
    26
    24
    29
    17
    28
    27
    28
    24
    23
    19
    35
    25
    19
    25
    24
    13
    19
    22
    20
    17
    24
    16
    18
    16
    14
    22
    14
    607
    601
    516
    480
    462
    422
    422
    367
    387
    359
    309
    307
    288
    249
    271
    239
    227
    254
    196
    194
    162
    171
    186
    143
    198
    134
    151
    154
    158
    145
    124
    100
    105
    118
    111
    112
    107
    91
    86
    107
    91
    83
    68
    82
    73
    70
    68
    58
    67
    54
    70
    65
    44
    61
    55
    63
    44
    58
    48
    41
    53
    34
    46
    42
    38
    35
    45
    32
    36
    28
    37
    29
    26
    17
    29
    33
    28
    17
    33
    25
    19
    18
    22
    16
    24
    17
    22
    19
    21
    14
    21
    17
    19
    21
    18
    19
    10
    19
    10
    19
    656
    577
    524
    495
    437
    387
    371
    357
    311
    315
    306
    299
    271
    287
    233
    204
    230
    224
    224
    213
    196
    192
    155
    159
    152
    155
    132
    142
    125
    146
    135
    122
    129
    120
    104
    126
    110
    96
    80
    75
    77
    83
    88
    67
    75
    61
    68
    67
    47
    68
    73
    55
    47
    52
    68
    43
    47
    55
    39
    44
    46
    49
    45
    52
    25
    26
    30
    25
    40
    43
    31
    22
    30
    43
    21
    27
    27
    16
    33
    33
    34
    27
    24
    24
    19
    24
    24
    27
    17
    27
    17
    21
    13
    17
    15
    16
    21
    15
    12
    13
    642
    571
    569
    486
    443
    435
    369
    340
    353
    304
    316
    302
    277
    247
    246
    224
    216
    238
    198
    199
    195
    178
    155
    174
    183
    164
    142
    127
    123
    150
    126
    116
    112
    103
    102
    101
    110
    96
    84
    80
    72
    91
    75
    88
    96
    66
    60
    62
    66
    66
    59
    67
    58
    52
    58
    51
    57
    46
    51
    56
    45
    40
    45
    39
    49
    37
    36
    27
    30
    29
    32
    24
    40
    28
    31
    26
    20
    32
    33
    36
    16
    15
    29
    15
    26
    18
    16
    19
    21
    21
    22
    16
    16
    11
    15
    20
    21
    17
    10
    17
    588
    610
    558
    490
    451
    473
    375
    361
    339
    340
    292
    320
    264
    275
    262
    242
    211
    210
    229
    201
    186
    180
    154
    168
    149
    161
    149
    140
    110
    139
    122
    127
    150
    121
    101
    110
    82
    90
    90
    86
    82
    72
    83
    85
    74
    66
    82
    68
    54
    75
    61
    61
    73
    54
    52
    44
    52
    46
    44
    33
    44
    32
    26
    44
    32
    28
    41
    34
    46
    34
    29
    34
    30
    24
    23
    38
    27
    26
    19
    24
    20
    27
    26
    22
    19
    28
    20
    23
    28
    20
    18
    17
    22
    20
    15
    15
    14
    16
    12
    14
    653
    596
    557
    544
    450
    417
    391
    354
    347
    317
    318
    280
    284
    281
    223
    231
    233
    213
    194
    186
    170
    193
    172
    180
    148
    142
    129
    134
    155
    117
    104
    127
    118
    115
    109
    98
    107
    95
    81
    85
    71
    93
    72
    79
    84
    66
    76
    60
    51
    45
    58
    46
    56
    54
    51
    60
    48
    44
    40
    46
    47
    52
    36
    39
    45
    42
    29
    36
    35
    25
    33
    31
    28
    26
    31
    25
    21
    24
    24
    28
    15
    19
    32
    24
    19
    19
    19
    17
    21
    19
    18
    17
    24
    17
    15
    19
    19
    15
    13
    12
    614
    623
    526
    513
    433
    410
    386
    394
    366
    320
    273
    269
    288
    298
    262
    227
    249
    224
    207
    208
    190
    165
    179
    178
    144
    138
    138
    145
    149
    126
    117
    121
    112
    112
    128
    109
    92
    104
    84
    90
    74
    84
    69
    70
    79
    72
    64
    72
    75
    67
    72
    56
    52
    48
    51
    50
    48
    52
    42
    38
    40
    50
    44
    33
    42
    39
    43
    43
    42
    44
    31
    30
    33
    40
    39
    25
    28
    22
    24
    35
    35
    20
    29
    22
    22
    30
    15
    19
    16
    16
    23
    19
    24
    17
    24
    24
    20
    15
    15
    19
    643
    591
    520
    493
    462
    417
    418
    365
    344
    320
    322
    312
    283
    274
    244
    254
    219
    209
    210
    197
    191
    169
    193
    166
    174
    132
    151
    154
    124
    132
    101
    120
    103
    111
    103
    89
    100
    82
    100
    83
    99
    82
    81
    75
    63
    73
    71
    74
    60
    64
    52
    54
    55
    63
    60
    50
    46
    53
    55
    48
    40
    39
    41
    45
    40
    35
    46
    34
    31
    37
    36
    35
    32
    30
    29
    23
    23
    25
    31
    20
    18
    28
    21
    22
    15
    19
    18
    21
    21
    28
    13
    16
    15
    10
    13
    14
    10
    19
    13
    15

Data:
    0
    0
    0
    0
    0
    0
    0
    0
    0
    0
    0
    0
    0
    0
    0
    0
    0
    0
    0
    0
    0
    0
    0
    0
    0
    0
    0
    0
    0
    0
    0
    0
    0
    0
    0
    0
    0
    0
    0
    0
    0
    0
    0
    0
    0
    0
    0
    0
    0
    0
    0
    0
    0
    0
    0
    0
    0
    0
    0
    0
    0
    0
    0
    0
    0
    0
    0
    0
    0
    0
    0
    0
    0
    0
    0
    0
    0
    0
    0
    0
    0
    0
    0
    0
    0
    0
    0
    0
    0
    0
    0
    0
    0
    0
    0
    0
    0
    0
    0
    0
    0
    0
    0
    0
    0
    0
    0
    0
    0
    0
    0
    0
    0
    0
    0
    0
    0
    0
    0
    0
    0
    0
    0
    0
    0
    0
    0
    0
    0
    0
    0
    0
    0
    0
    0
    0
    0
    0
    0
    0
    0
    0
    0
    0
    0
    0
    0
    0
    0
    0
    0
    0
    0
    0
    0
    0
    0
    0
    0
    0
    0
    0
    0
    0
    0
    0
    0
    0
    0
    0
    0
    0
    0
    0
    0
    0
    0
    0
    0
    0
    0
    0
    0
    0
    0
    0
    0
    0
    0
    0
    0
    0
    0
    0
    0
    0
    0
    0
    0
    0
    0
    0
    0
    0
    0
    0
    0
    0
    0
    0
    0
    0
    0
    0
    0
    0
    0
    0
    0
    0
    0
    0
    0
    0
    0
    0
    0
    0
    0
    0
    0
    0
    0
    0
    0
    0
    0
    0
    0
    0
    0
    0
    0
    0
    0
    0
    0
    0
    0
    0
    0
    0
    0
    0
    0
    0
    0
    0
    0
    0
    0
    0
    0
    0
    0
    0
    0
    0
    0
    0
    0
    0
    0
    0
    0
    0
    0
    0
    0
    0
    0
    0
    0
    0
    0
    0
    0
    0
    0
    0
    0
    0
    0
    0
    0
    0
    0
    0
    0
    0
    0
    0
    0
    0
    0
    0
    0
    0
    0
    0
    0
    0
    0
    0
    0
    0
    0
    0
    0
    0
    0
    0
    0
    0
    0
    0
    0
    0
    0
    0
    0
    0
    0
    0
    0
    0
    0
    0
    0
    0
    0
    0
    0
    0
    0
    0
    0
    0
    0
    0
    0
    0
    0
    0
    0
    0
    0
    0
    0
    0
    0
    0
    0
    0
    0
    0
    0
    0
    0
    0
    0
    0
    0
    0
    0
    0
    0
    0
    0
    0
    0
    0
    0
    0
    0
    0
    0
    0
    0
    0
    0
    0
    0
    0
    0
    0
    0
    0
    0
    0
    0
    0
    0
    0
    0
    0
    0
    0
    0
    0
    0
    0
    0
    0
    0
    0
    0
    0
    0
    0
    0
    0
    0
    0
    0
    0
    0
    0
    0
    0
    0
    0
    0
    0
    0
    0
    0
    0
    0
    0
    0
    0
    0
    0
    0
    0
    0
    0
    0
    0
    0
    0
    0
    0
    0
    0
    0
    0
    0
    0
    0
    0
    0
    0
    0
    0
    0
    0
    0
    0
    0
    0
    0
    0
    0
    0
    0
    0
    0
    0
    0
    0
    0
    0
    0
    0
    0
    0
    0
    0
    0
    0
    0
    0
    0
    0
    0
    0
    0
    0
    0
    0
    0
    0
    0
    0
    0
    0
    0
    0
    0
    0
    0
    0
    0
    0
    0
    0
    0
    0
    0
    0
    0
    0
    0
    0
    0
    0
    0
    0
    0
    0
    0
    0
    0
    0
    0
    0
    0
    0
    0
    0
    0
    0
    0
    0
    0
    0
    0
    0
    0
    0
    0
    0
    0
    0
    0
    0
    0
    0
    0
    0
    0
    0
    0
    0
    0
    0
    0
    0
    0
    0
    0
    0
    0
    0
    0
    0
    0
    0
    0
    0
    0
    0
    0
    0
    0
    0
    0
    0
    0
    0
    0
    0
    0
    0
    0
    0
    0
    0
    0
    0
    0
    0
    0
    0
    0
    0
    0
    0
    0
    0
    0
    0
    0
    0
    0
    0
    0
    0
    0
    0
    0
    0
    0
    0
    0
    0
    0
    0
    0
    0
    0
    0
    0
    0
    0
    0
    0
    0
    0
    0
    0
    0
    0
    0
    0
    0
    0
    0
    0
    0
    0
    0
    0
    0
    0
    0
    0
    0
    0
    0
    0
    0
    0
    0
    0
    0
    0
    0
    0
    0
    0
    0
    0
    0
    0
    0
    0
    0
    0
    0
    0
    0
    0
    0
    0
    0
    0
    0
    0
    0
    0
    0
    0
    0
    0
    0
    0
    0
    0
    0
    0
    0
    0
    0
    0
    0
    0
    0
    0
    0
    0
    0
    0
    0
    0
    0
    0
    0
    0
    0
    0
    0
    0
    0
    0
    0
    0
    0
    0
    0
    0
    0
    0
    0
    0
    0
    0
    0
    0
    0
    0
    0
    0
    0
    0
    0
    0
    0
    0
    0
    0
    0
    0
    0
    0
    0
    0
    0
    0
    0
    0
    0
    0
    0
    0
    0
    0
    0
    0
    0
    0
    0
    0
    0
    0
    0
    0
    0
    0
    0
    0
    0
    0
    0
    0
    0
    0
    0
    0
    0
    0
    0
    0
    0
    0
    0
    0
    0
    0
    0
    0
    0
    0
    0
    0
    0
    0
    0
    0
    0
    0
    0
    0
    0
    0
    0
    0
    0
    0
    0
    0
    0
    0
    0
    0
    0
    0
    0
    0
    0
    0
    0
    0
    0
    0
    0
    0
    0
    0
    0
    0
    0
    0
    0
    0
    0
    0
    0
    0
    0
    0
    0
    0
    0
    0
    0
    0
    0
    0
    0
    0
    0
    0
    0
    0
    0
    0
    0
    0
    0
    0
    0
    0
    0
    0
    0
    0
    0
    0
    0
    0
    0
    0
    0
    0
    0
    0
    0
    0
    0
    0
    0
    0
    0
    0
    0
    0
    0
    0
    0
    0
    0
    0
    0
    0
    0
    0
    0
    0
    0
    0
    0
    0
    0
    0
    0
    0
    0
    0
    0
    0
    0
    0
    0
    0
    0
    0
    0
    0
    0
    0
    0
    0
    0
    0
    0
    0
    0
    0
    0
    0
    0
    0
    0
    0
    0
    0
    0
    0
    0
    0
    0
    0
    0
    0
    0
    0
    0
    0
    0
    0
    0
    0
    0
    0
    0
    0
    0
    0
    0
    0
    0
    0
    0
    0
    0
    0
    0
    0
    0
    0
    0
    0
    0
    0
    0
    0
    0
    0
    0
    0
    0
    0
    0
    0
    0
    0
    0
    0
    0
    0
    0
    0
    0
    0
    0
    0
    0
    0
    0
    0
    0
    0
    0
    0
    0
    0
    0
    0
    0
    0
    0
    0
    0
    0
    0
    0
    0
    0
    0
    0
    0
    0
    0
    0
    0
    0
    0
    0
    0
    0
    0
    0
    0
    0
    0
    0
    0
    0
    0
    0
    0
    0
    0
    0
    0
    0
    0
    0
    0
    0
    0
    0
    0
    0
    0
    0
    0
    0
    0
    0
    0
    0
    0
    0
    0
    0
    0
    0
    0
    0
    0
    0
    0
    0
    0
    0
    0
    0
    0
    0
    0
    0
    0
    0
    0
    0
    0
    0
    0
    0
    0
    0
    0
    0
    0
    0
    0
    0
    0
    0
    0
    0
    0
    0
    0
    0
    0
    0
    0
    0
    0
    0
    0
    0
    0
    0
    0
    0
    0
    0
    0
    0
    0
    0
    0
    0
    0
    0
    0
    0
    0
    0
    0
    0
    0
    0
    0
    0
    0
    0
    0
    0
    0
    0
    0
    0
    0
    0
    0
    0
    0
    0
    0
    0
    0
    0
    0
    0
    0
    0
    0
    0
    0
    0
    0
    0
    0
    0
    0
    0
    0
    0
    0
    0
    0
    0
    0
    0
    0
    0
    0
    0
    0
    0
    0
    0
    0
    0
    0
    0
    0
    0
    0
    0
    0
    0
    0
    0
    0
    0
    0
    0
    0
    0
    0
    0
    0
    0
    0
    0
    0
    0
    0
    0
    0
    0
    0
    0
    0
    0
    0
    0
    0
    0
    0
    0
    0
    0
    0
    0
    0
    0
    0
    0
    0
    0
    0
    0
    0
    0
    0
    0
    0
    0
    0
    0
    0
    0
    0
    0
    0
    0
    0
    0
    0
    0
    0
    0
    0
    0
    0
    0
    0
    0
    0
    0
    0
    0
    0
    0
    0
    0
    0
    0
    0
    0
    0
    0
    0
    0
    0
    0
    0
    0
    0
    0
    0
    0
    0
    0
    0
    0
    0
    0
    0
    0
    0
    0
    0
    0
    0
    0
    0
    0
    0
    0
    0
    0
    0
    0
    0
    0
    0
    0
    0
    0
    0
    0
    0
    0
    0
    0
    0
    0
    0
    0
    0
    0
    0
    0
    0
    0
    0
    0
    0
    0
    0
    0
    0
    0
    0
    0
    0
    0
    0
    0
    0
    0
    0
    0
    0
    0
    0
    0
    0
    0
    0
    0
    0
    0
    0
    0
    0
    0
    0
    0
    0
    0
    0
    0
    0
    0
    0
    0
    0
    0
    0
    0
    0
    0
    0
    0
    0
    0
    0
    0
    0
    0
    0
    0
    0
    0
    0
    0
    0
    0
    0
    0
    0
    0
    0
    0
    0
    0
    0
    0
    0
    0
    0
    0
    0
    0
    0
    0
    0
    0
    0
    0
    0
    0
    0
    0
    0
    0
    0
    0
    0
    0
    0
    0
    0
    0
    0
    0
    0
    0
    0
    0
    0
    0
    0
    0
    0
    0
    0
    0
    0
    0
    0
    0
    0
    0
    0
    0
    0
    0
    0
    0
    0
    0
    0
    0
    0
    0
    0
    0
    0
    0
    0
    0
    0
    0
    0
    0
    0
    0
    0
    0
    0
    0
    0
    0
    0
    0
    0
    0
    0
    0
    0
    0
    0
    0
    0
    0
    0
    0
    0
    0
    0
    0
    0
    0
    0
    0
    0
    0
    0
    0
    0
    0
    0
    0
    0
    0
    0
    0
    0
    0
    0
    0
    0
    0
    0
    0
    0
    0
    0
    0
    0
    0
    0
    0
    0
    0
    0
    0
    0
    0
    0
    0
    0
    0
    0
    0
    0
    0
    0
    0
    0
    0
    0
    0
    0
    0
    0
    0
    0
    0
    0
    0
    0
    0
    0
    0
    0
    0
    0
    0
    0
    0
    0
    0
    0
    0
    0
    0
    0
    0
    0
    0
    0
    0
    0
    0
    0
    0
    0
    0
    0
    0
    0
    0
    0
    0
    0
    0
    0
    0
    0
    0
    0
    0
    0
    0
    0
    0
    0
    0
    0
    0
    0
    0
    0
    0
    0
    0
    0
    0
    0
    0
    0
    0
    0
    0
    0
    0
    0
    0
    0
    0
    0
    0
    0
    0
    0
    0
    0
    0
    0
    0
    0
    0
    0
    0
    0
    0
    0
    0
    0
    0
    0
    0
    0
    0
    0
    0
    0
    0
    0
    0
    0
    0
    0
    0
    0
    0
    0
    0
    0
    0
    0
    0
    0
    0
    0
    0
    0
    0
    0
    0
    0
    0
    0
    0
    0
    0
    0
    0
    0
    0
    0
    0
    0
    0
    0
    0
    0
    0
    0
    0
    0
    0
    0
    0
    0
    0
    0
    0
    0
    0
    0
    0
    0
    0
    0
    0
    0
    0
    0
    0
    0
    0
    0
    0
    0
    0
    0
    0
    0
    0
    0
    0
    0
    0
    0
    0
    0
    0
    0
    0
    0
    0
    0
    0
    0
    0
    0
    0
    0
    0
    0
    0
    0
    0
    0
    0
    0
    0
    0
    0
    0
    0
    0
    0
    0
    0
    0
    0
    0
    0
    0
    0
    0
    0
    0
    0
    0
    0
    0
    0
    0
    0
    0
    0
    0
    0
    0
    0
    0
    0
    0
    0
    0
    0
    0
    0
    0
    0
    0
    0
    0
    0
    0
    0
    0
    0
    0
    0
    0
    0
    0
    0
    0
    0
    0
    0
    0
    0
    0
    0
    0
    0
    0
    0
    0
    0
    0
    0
    0
    0
    0
    0
    0
    0
    0
    0
    0
    0
    0
    0
    0
    0
    0
    0
    0
    0
    0
    0
    0
    0
    0
    0
    0
    0
    0
    0
    0
    0
    0
    0
    0
    0
    0
    0
    0
    0
    0
    0
    0
    0
    0
    0
    0
    0
    0
    0
    0
    0
    0
    0
    0
    0
    0
    0
    0
    0
    0
    0
    0
    0
    0
    0
    0
    0
    0
    0
    0
    0
    0
    0
    0
    0
    0
    0
    0
    0
    0
    0
    0
    0
    0
    0
    0
    0
    0
    0
    0
    0
    0
    0
    0
    0
    0
    0
    0
    0
    0
    0
    0
    0
    0
    0
    0
    0
    0
    0
    0
    0
    0
    0
    0
    0
    0
    0
    0
    0
    0
    0
    0
    0
    0
    0
    0
    0
    0
    0
    0
    0
    0
    0
    0
    0
    0
    0
    0
    0
    0
    0
    0
    0
    0
    0
    0
    0
    0
    0
    0
    0
    0
    0
    0
    0
    0
    0
    0
    0
    0
    0
    0
    0
    0
    0
    0
    0
    0
    0
    0
    0
    0
    0
    0
    0
    0
    0
    0
    0
    0
    0
    0
    0
    0
    0
    0
    0
    0
    0
    0
    0
    0
    0
    0
    0
    0
    0
    0
    0
    0
    0
    0
    0
    0
    0
    0
    0
    0
    0
    0
    0
    0
    0
    0
    0
    0
    0
    0
    0
    0
    0
    0
    0
    0
    0
    0
    0
    0
    0
    0
    0
    0
    0
    0
    0
    0
    0
    0
    0
    0
    0
    0
    0
    0
    0
    0
    0
    0
    0
    0
    0
    0
    0
    0
    0
    0
    0
    0
    0
    0
    0
    0
    0
    0
    0
    0
    0
    0
    0
    0
    0
    0
    0
    0
    0
    0
    0
    0
    0
    0
    0
    0
    0
    0
    0
    0
    0
    0
    0
    0
    0
    0
    0
    0
    0
    0
    0
    0
    0
    0
    0
    0
    0
    0
    0
    0
    0
    0
    0
    0
    0
    0
    0
    0
    0
    0
    0
    0
    0
    0
    0
    0
    0
    0
    0
    0
    0
    0
    0
    0
    0
    0
    0
    0
    0
    0
    0
    0
    0
    0
    0
    0
    0
    0
    0
    0
    0
    0
    0
    0
    0
    0
    0
    0
    0
    0
    0
    0
    0
    0
    0
    0
    0
    0
    0
    0
    0
    0
    0
    0
    0
    0
    0
    0
    0
    0
    0
    0
    0
    0
    0
    0
    0
    0
    0
    0
    0
    0
    0
    0
    0
    0
    0
    0
    0
    0
    0
    0
    0
    0
    0
    0
    0
    0
    0
    0
    0
    0
    0
    0
    0
    0
    0
    0
    0
    0
    0
    0
    0
    0
    0
    0
    0
    0
    0
    0
    0
    0
    0
    0
    0
    0
    0
    0
    0
    0
    0
    0
    0
    0
    0
    0
    0
    0
    0
    0
    0
    0
    0
    0
    0
    0
    0
    0
    0
    0
    0
    0
    0
    0
    0
    0
    0
    0
    0
    0
    0
    0
    0
    0
    0
    0
    0
    0
    0
    0
    0
    0
    0
    0
    0
    0
    0
    0
    0
    0
    0
    0
    0
    0
    0
    0
    0
    0
    0
    0
    0
    0
    0
    0
    0
    0
    0
    0
    0
    0
    0
    0
    0
    0
    0
    0
    0
    0
    0
    0
    0
    0
    0
    0
    0
    0
    0
    0
    0
    0
    0
    0
    0
    0
    0
    0
    0
    0
    0
    0
    0
    0
    0
    0
    0
    0
    0
    0
    0
    0
    0
    0
    0
    0
    0
    0
    0
    0
    0
    0
    0
    0
    0
    0
    0
    0
    0
    0
    0
    0
    0
    0
    0
    0
    0
    0
    0
    0
    0
    0
    0
    0
    0
    0
    0
    0
    0
    0
    0
    0
    0
    0
    0
    0
    0
    0
    0
    0
    0
    0
    0
    0
    0
    0
    0
    0
    0
    0
    0
    0
    0
    0
    0
    0
    0
    0
    0
    0
    0
    0
    0
    0
    0
    0
    0
    0
    0
    0
    0
    0
    0
    0
    0
    0
    0
    0
    0
    0
    0
    0
    0
    0
    0
    0
    0
    0
    0
    0
    0
    0
    0
    0
    0
    0
    0
    0
    0
    0
    0
    0
    0
    0
    0
    0
    0
    0
    0
    0
    0
    0
    0
    0
    0
    0
    0
    0
    0
    0
    0
    0
    0
    0
    0
    0
    0
    0
    0
    0
    0
    0
    0
    0
    0
    0
    0
    0
    0
    0
    0
    0
    0
    0
    0
    0
    0
    0
    0
    0
    0
    0
    0
    0
    0
    0
    0
    0
    0
    0
    0
    0
    0
    0
    0
    0
    0
    0
    0
    0
    0
    0
    0
    0
    0
    0
    0
    0
    0
    0
    0
    0
    0
    0
    0
    0
    0
    0
    0
    0
    0
    0
    0
    0
    0
    0
    0
    0
    0
    0
    0
    0
    0
    0
    0
    0
    0
    0
    0
    0
    0
    0
    0
    0
    0
    0
    0
    0
    0
    0
    0
    0
    0
    0
    0
    0
    0
    0
    0
    0
    0
    0
    0
    0
    0
    0
    0
    0
    0
    0
    0
    0
    0
    0
    0
    0
    0
    0
    0
    0
    0
    0
    0
    0
    0
    0
    0
    0
    0
    0
    0
    0
    0
    0
    0
    0
    0
    0
    0
    0
    0
    0
    0
    0
    0
    0
    0
    0
    0
    0
    0
    0
    0
    0
    0
    0
    0
    0
    0
    0
    0
    0
    0
    0
    0
    0
    0
    0
    0
    0
    0
    0
    0
    0
    0
    0
    0
    0
    0
    0
    0
    0
    0
    0
    0
    0
    0
    0
    0
    0
    0
    0
    0
    0
    0
    0
    0
    0
    0
    0
    0
    0
    0
    0
    0
    0
    0
    0
    0
    0
    0
    0
    0
    0
    0
    0
    0
    0
    0
    0
    0
    0
    0
    0
    0
    0
    0
    0
    0
    0
    0
    0
    0
    0
    0
    0
    0
    0
    0
    0
    0
    0
    0
    0
    0
    0
    0
    0
    0
    0
    0
    0
    0
    0
    0
    0
    0
    0
    0
    0
    0
    0
    0
    0
    0
    0
    0
    0
    0
    0
    0
    0
    0
    0
    0
    0
    0
    0
    0
    0
    0
    0
    0
    0
    0
    0
    0
    0
    0
    0
    0
    0
    0
    0
    0
    0
    0
    0
    0
    0
    0
    0
    0
    0
    0
    0
    0
    0
    0
    0
    0
    0
    0
    0
    0
    0
    0
    0
    0
    0
    0
    0
    0
    0
    0
    0
    0
    0
    0
    0
    0
    0
    0
    0
    0
    0
    0
    0
    0
    0
    0
    0
    0
    0
    0
    0
    0
    0
    0
    0
    0
    0
    0
    0
    0
    0
    0
    0
    0
    0
    0
    0
    0
    0
    0
    0
    0
    0
    0
    0
    0
    0
    0
    0
    0
    0
    0
    0
    0
    0
    0
    0
    0
    0
    0
    0
    0
    0
    0
    0
    0
    0
    0
    0
    0
    0
    0
    0
    0
    0
    0
    0
    0
    0
    0
    0
    0
    0
    0
    0
    0
    0
    0
    0
    0
    0
    0
    0
    0
    0
    0
    0
    0
    0
    0
    0
    0
    0
    0
    0
    0
    0
    0
    0
    0
    0
    0
    0
    0
    0
    0
    0
    0
    0
    0
    0
    0
    0
    0
    0
    0
    0
    0
    0
    0
    0
    0
    0
    0
    0
    0
    0
    0
    0
    0
    0
    0
    0
    0
    0
    0
    0
    0
    0
    0
    0
    0
    0
    0
    0
    0
    0
    0
    0
    0
    0
    0
    0
    0
    0
    0
    0
    0
    0
    0
    0
    0
    0
    0
    0
    0
    0
    0
    0
    0
    0
    0
    0
    0
    0
    0
    0
    0
    0
    0
    0
    0
    0
    0
    0
    0
    0
    0
    0
    0
    0
    0
    0
    0
    0
    0
    0
    0
    0
    0
    0
    0
    0
    0
    0
    0
    0
    0
    0
    0
    0
    0
    0
    0
    0
    0
    0
    0
    0
    0
    0
    0
    0
    0
    0
    0
    0
    0
    0
    0
    0
    0
    0
    0
    0
    0
    0
    0
    0
    0
    0
    0
    0
    0
    0
    0
    0
    0
    0
    0
    0
    0
    0
    0
    0
    0
    0
    0
    0
    0
    0
    0
    0
    0
    0
    0
    0
    0
    0
    0
    0
    0
    0
    0
    0
    0
    0
    0
    0
    0
    0
    0
    0
    0
    0
    0
    0
    0
    0
    0
    0
    0
    0
    0
    0
    0
    0
    0
    0
    0
    0
    0
    0
    0
    0
    0
    0
    0
    0
    0
    0
    0
    0
    0
    0
    0
    0
    0
    0
    0
    0
    0
    0
    0
    0
    0
    0
    0
    0
    0
    0
    0
    0
    0
    0
    0
    0
    0
    0
    0
    0
    0
    0
    0
    0
    0
    0
    0
    0
    0
    0
    0
    0
    0
    0
    0
    0
    0
    0
    0
    0
    0
    0
    0
    0
    0
    0
    0
    0
    0
    0
    0
    0
    0
    0
    0
    0
    0
    0
    0
    0
    0
    0
    0
    0
    0
    0
    0
    0
    0
    0
    0
    0
    0
    0
    0
    0
    0
    0
    0
    0
    0
    0
    0
    0
    0
    0
    0
    0
    0
    0
    0
    0
    0
    0
    0
    0
    0
    0
    0
    0
    0
    0
    0
    0
    0
    0
    0
    0
    0
    0
    0
    0
    0
    0
    0
    0
    0
    0
    0
    0
    0
    0
    0
    0
    0
    0
    0
    0
    0
    0
    0
    0
    0
    0
    0
    0
    0
    0
    0
    0
    0
    0
    0
    0
    0
    0
    0
    0
    0
    0
    0
    0
    0
    0
    0
    0
    0
    0
    0
    0
    0
    0
    0
    0
    0
    0
    0
    0
    0
    0
    0
    0
    0
    0
    0
    0
    0
    0
    0
    0
    0
    0
    0
    0
    0
    0
    0
    0
    0
    0
    0
    0
    0
    0
    0
    0
    0
    0
    0
    0
    0
    0
    0
    0
    0
    0
    0
    0
    0
    0
    0
    0
    0
    0
    0
    0
    0
    0
    0
    0
    0
    0
    0
    0
    0
    0
    0
    0
    0
    0
    0
    0
    0
    0
    0
    0
    0
    0
    0
    0
    0
    0
    0
    0
    0
    0
    0
    0
    0
    0
    0
    0
    0
    0
    0
    0
    0
    0
    0
    0
    0
    0
    0
    0
    0
    0
    0
    0
    0
    0
    0
    0
    0
    0
    0
    0
    0
    0
    0
    0
    0
    0
    0
    0
    0
    0
    0
    0
    0
    0
    0
    0
    0
    0
    0
    0
    0
    0
    0
    0
    0
    0
    0
    0
    0
    0
    0
    0
    0
    0
    0
    0
    0
    0
    0
    0
    0
    0
    0
    0
    0
    0
    0
    0
    0
    0
    0
    0
    0
    0
    0
    0
    0
    0
    0
    0
    0
    0
    0
    0
    0
    0
    0
    0
    0
    0
    0
    0
    0
    0
    0
    0
    0
    0
    0
    0
    0
    0
    0
    0
    0
    0
    0
    0
    0
    0
    0
    0
    0
    0
    0
    0
    0
    0
    0
    0
    0
    0
    0
    0
    0
    0
    0
    0
    0
    0
    0
    0
    0
    0
    0
    0
    0
    0
    0
    0
    0
    0
    0
    0
    0
    0
    0
    0
    0
    0
    0
    0
    0
    0
    0
    0
    0
    0
    0
    0
    0
    0
    0
    0
    0
    0
    0
    0
    0
    0
    0
    0
    0
    0
    0
    0
    0
    0
    0
    0
    0
    0
    0
    0
    0
    0
    0
    0
    0
    0
    0
    0
    0
    0
    0
    0
    0
    0
    0
    0
    0
    0
    0
    0
    0
    0
    0
    0
    0
    0
    0
    0
    0
    0
    0
    0
    0
    0
    0
    0
    0
    0
    0
    0
    0
    0
    0
    0
    0
    0
    0
    0
    0
    0
    0
    0
    0
    0
    0
    0
    0
    0
    0
    0
    0
    0
    0
    0
    0
    0
    0
    0
    0
    0
    0
    0
    0
    0
    0
    0
    0
    0
    0
    0
    0
    0
    0
    0
    0
    0
    0
    0
    0
    0
    0
    0
    0
    0
    0
    0
    0
    0
    0
    0
    0
    0
    0
    0
    0
    0
    0
    0
    0
    0
    0
    0
    0
    0
    0
    0
    0
    0
    0
    0
    0
    0
    0
    0
    0
    0
    0
    0
    0
    0
    0
    0
    0
    0
    0
    0
    0
    0
    0
    0
    0
    0
    0
    0
    0
    0
    0
    0
    0
    0
    0
    0
    0
    0
    0
    0
    0
    0
    0
    0
    0
    0
    0
    0
    0
    0
    0
    0
    0
    0
    0
    0
    0
    0
    0
    0
    0
    0
    0
    0
    0
    0
    0
    0
    0
    0
    0
    0
    0
    0
    0
    0
    0
    0
    0
    0
    0
    0
    0
    0
    0
    0
    0
    0
    0
    0
    0
    0
    0
    0
    0
    0
    0
    0
    0
    0
    0
    0
    0
    0
    0
    0
    0
    0
    0
    0
    0
    0
    0
    0
    0
    0
    0
    0
    0
    0
    0
    0
    0
    0
    0
    0
    0
    0
    0
    0
    0
    0
    0
    0
    0
    0
    0
    0
    0
    0
    0
    0
    0
    0
    0
    0
    0
    0
    0
    0
    0
    0
    0
    0
    0
    0
    0
    0
    0
    0
    0
    0
    0
    0
    0
    0
    0
    0
    0
    0
    0
    0
    0
    0
    0
    0
    0
    0
    0
    0
    0
    0
    0
    0
    0
    0
    0
    0
    0
    0
    0
    0
    0
    0
    0
    0
    0
    0
    0
    0
    0
    0
    0
    0
    0
    0
    0
    0
    0
    0
    0
    0
    0
    0
    0
    0
    0
    0
    0
    0
    0
    0
    0
    0
    0
    0
    0
    0
    0
    0
    0
    0
    0
    0
    0
    0
    0
    0
    0
    0
    0
    0
    0
    0
    0
    0
    0
    0
    0
    0
    0
    0
    0
    0
    0
    0
    0
    0
    0
    0
    0
    0
    0
    0
    0
    0
    0
    0
    0
    0
    0
    0
    0
    0
    0
    0
    0
    0
    0
    0
    0
    0
    0
    0
    0
    0
    0
    0
    0
    0
    0
    0
    0
    0
    0
    0
    0
    0
    0
    0
    0
    0
    0
    0
    0
    0
    0
    0
    0
    0
    0
    0
    0
    0
    0
    0
    0
    0
    0
    0
    0
    0
    0
    0
    0
    0
    0
    0
    0
    0
    0
    0
    0
    0
    0
    0
    0
    0
    0
    0
    0
    0
    0
    0
    0
    0
    0
    0
    0
    0
    0
    0
    0
    0
    0
    0
    0
    0
    0
    0
    0
    0
    0
    0
    0
    0
    0
    0
    0
    0
    0
    0
    0
    0
    0
    0
    0
    0
    0
    0
    0
    0
    0
    0
    0
    0
    0
    0
    0
    0
    0
    0
    0
    0
    0
    0
    0
    0
    0
    0
    0
    0
    0
    0
    0
    0
    0
    0
    0
    0
    0
    0
    0
    0
    0
    0
    0
    0
    0
    0
    0
    0
    0
    0
    0
    0
    0
    0
    0
    0
    0
    0
    0
    0
    0
    0
    0
    0
    0
    0
    0
    0
    0
    0
    0
    0
    0
    0
    0
    0
    0
    0
    0
    0
    0
    0
    0
    0
    0
    0
    0
    0
    0
    0
    0
    0
    0
    0
    0
    0
    0
    0
    0
    0
    0
    0
    0
    0
    0
    0
    0
    0
    0
    0
    0
    0
    0
    0
    0
    0
    0
    0
    0
    0
    0
    0
    0
    0
    0
    0
    0
    0
    0
    0
    0
    0
    0
    0
    0
    0
    0
    0
    0
    0
    0
    0
    0
    0
    0
    0
    0
    0
    0
    0
    0
    0
    0
    0
    0
    0
    0
    0
    0
    0
    0
    0
    0
    0
    0
    0
    0
    0
    0
    0
    0
    0
    0
    0
    0
    0
    0
    0
    0
    0
    0
    0
    0
    0
    0
    0
    0
    0
    0
    0
    0
    0
    0
    0
    0
    0
    0
    0
    0
    0
    0
    0
    0
    0
    0
    0
    0
    0
    0
    0
    0
    0
    0
    0
    0
    0
    0
    0
    0
    0
    0
    0
    0
    0
    0
    0
    0
    0
    0
    0
    0
    0
    0
    0
    0
    0
    0
    0
    0
    0
    0
    0
    0
    0
    0
    0
    0
    0
    0
    0
    0
    0
    0
    0
    0
    0
    0
    0
    0
    0
    0
    0
    0
    0
    0
    0
    0
    0
    0
    0
    0
    0
    0
    0
    0
    0
    0
    0
    0
    0
    0
    0
    0
    0
    0
    0
    0
    0
    0
    0
    0
    0
    0
    0
    0
    0
    0
    0
    0
    0
    0
    0
    0
    0
    0
    0
    0
    0
    0
    0
    0
    0
    0
    0
    0
    0
    0
    0
    0
    0
    0
    0
    0
    0
    0
    0
    0
    0
    0
    0
    0
    0
    0
    0
    0
    0
    0
    0
    0
    0
    0
    0
    0
    0
    0
    0
    0
    0
    0
    0
    0
    0
    0
    0
    0
    0
    0
    0
    0
    0
    0
    0
    0
    0
    0
    0
    0
    0
    0
    0
    0
    0
    0
    0
    0
    0
    0
    0
    0
    0
    0
    0
    0
    0
    0
    0
    0
    0
    0
    0
    0
    0
    0
    0
    0
    0
    0
    0
    0
    0
    0
    0
    0
    0
    0
    0
    0
    0
    0
    0
    0
    0
    0
    0
    0
    0
    0
    0
    0
    0
    0
    0
    0
    0
    0
    0
    0
    0
    0
    0
    0
    0
    0
    0
    0
    0
    0
    0
    0
    0
    0
    0
    0
    0
    0
    0
    0
    0
    0
    0
    0
    0
    0
    0
    0
    0
    0
    0
    0
    0
    0
    0
    0
    0
    0
    0
    0
    0
    0
    0
    0
    0
    0
    0
    0
    0
    0
    0
    0
    0
    0
    0
    0
    0
    0
    0
    0
    0
    0
    0
    0
    0
    0
    0
    0
    0
    0
    0
    0
    0
    0
    0
    0
    0
    0
    0
    0
    0
    0
    0
    0
    0
    0
    0
    0
    0
    0
    0
    0
    0
    0
    0
    0
    0
    0
    0
    0
    0
    0
    0
    0
    0
    0
    0
    0
    0
    0
    0
    0
    0
    0
    0
    0
    0
    0
    0
    0
    0
    0
    0
    0
    0
    0
    0
    0
    0
    0
    0
    0
    0
    0
    0
    0
    0
    0
    0
    0
    0
    0
    0
    0
    0
    0
    0
    0
    0
    0
    0
    0
    0
    0
    0
    0
    0
    0
    0
    0
    0
    0
    0
    0
    0
    0
    0
    0
    0
    0
    0
    0
    0
    0
    0
    0
    0
    0
    0
    0
    0
    0
    0
    0
    0
    0
    0
    0
    0
    0
    0
    0
    0
    0
    0
    0
    0
    0
    0
    0
    0
    0
    0
    0
    0
    0
    0
    0
    0
    0
    0
    0
    0
    0
    0
    0
    0
    0
    0
    0
    0
    0
    0
    0
    0
    0
    0
    0
    0
    0
    0
    0
    0
    0
    0
    0
    0
    0
    0
    0
    0
    0
    0
    0
    0
    0
    0
    0
    0
    0
    0
    0
    0
    0
    0
    0
    0
    0
    0
    0
    0
    0
    0
    0
    0
    0
    0
    0
    0
    0
    0
    0
    0
    0
    0
    0
    0
    0
    0
    0
    0
    0
    0
    0
    0
    0
    0
    0
    0
    0
    0
    0
    0
    0
    0
    0
    0
    0
    0
    0
    0
    0
    0
    0
    0
    0
    0
    0
    0
    0
    0
    0
    0
    0
    0
    0
    0
    0
    0
    0
    0
    0
    0
    0
    0
    0
    0
    0
    0
    0
    0
    0
    0
    0
    0
    0
    0
    0
    0
    0
    0
    0
    0
    0
    0
    0
    0
    0
    0
    0
    0
    0
    0
    0
    0
    0
    0
    0
    0
    0
    0
    0
    0
    0
    0
    0
    0
    0
    0
    0
    0
    0
    0
    0
    0
    0
    0
    0
    0
    0
    0
    0
    0
    0
    0
    0
    0
    0
    0
    0
    0
    0
    0
    0
    0
    0
    0
    0
    0
    0
    0
    0
    0
    0
    0
    0
    0
    0
    0
    0
    0
    0
    0
    0
    0
    0
    0
    0
    0
    0
    0
    0
    0
    0
    0
    0
    0
    0
    0
    0
    0
    0
    0
    0
    0
    0
    0
    0
    0
    0
    0
    0
    0
    0
    0
    0
    0
    0
    0
    0
    0
    0
    0
    0
    0
    0
    0
    0
    0
    0
    0
    0
    0
