Project Info:
    ACQ Time: 2019- 9-24   9:33: 4: 495 .
    Project: tq左侧足三里（加深涂红药水）
    Name: 
    Part:  
    Operator:  
    Desc.:  
    Sample Data Acquired.

ACQ Parameters:
    Excited Peroid(ms): 50
    Excited Time(ms): 10
    Acq Delay Time(us): 10
    Gate Time(ms): 20
    Count Num per gate: 100
    Repeat Times: 50
    Acq Gate Times: 1
    Interval per Gate(us): 100
    Channel Number: 2

Data:
    357
    299
    275
    251
    223
    224
    189
    180
    170
    142
    179
    122
    139
    133
    117
    95
    109
    115
    87
    94
    97
    73
    81
    92
    79
    66
    68
    60
    61
    52
    54
    53
    46
    41
    48
    44
    36
    33
    45
    45
    32
    28
    33
    33
    32
    22
    28
    23
    23
    27
    28
    19
    30
    19
    19
    19
    25
    20
    22
    14
    13
    18
    19
    14
    16
    19
    17
    10
    12
    17
    16
    11
    9
    9
    12
    8
    6
    6
    9
    6
    12
    10
    13
    9
    12
    7
    9
    6
    11
    3
    3
    5
    5
    9
    5
    8
    4
    6
    8
    4
    352
    301
    291
    272
    248
    202
    176
    173
    167
    141
    180
    128
    140
    110
    115
    118
    129
    107
    108
    84
    78
    84
    68
    78
    63
    65
    64
    62
    61
    51
    58
    52
    58
    39
    48
    50
    59
    40
    44
    43
    32
    41
    31
    27
    28
    33
    32
    28
    34
    26
    19
    24
    27
    20
    25
    18
    17
    21
    21
    19
    22
    14
    19
    15
    13
    8
    14
    16
    10
    16
    10
    12
    8
    15
    11
    12
    4
    9
    11
    11
    9
    8
    7
    11
    7
    3
    11
    9
    3
    8
    7
    5
    7
    10
    4
    5
    5
    6
    2
    5
    335
    315
    269
    234
    221
    214
    193
    175
    164
    163
    138
    145
    139
    107
    132
    109
    100
    95
    91
    81
    76
    90
    71
    77
    67
    67
    73
    50
    59
    52
    73
    58
    55
    44
    46
    38
    54
    37
    36
    23
    46
    32
    28
    24
    29
    24
    36
    36
    26
    22
    24
    31
    21
    20
    24
    20
    17
    16
    9
    15
    21
    20
    15
    18
    15
    12
    18
    19
    12
    13
    19
    11
    10
    16
    12
    18
    11
    7
    11
    5
    7
    5
    6
    6
    9
    7
    8
    5
    9
    5
    5
    7
    7
    9
    6
    3
    6
    6
    5
    4
    324
    284
    270
    239
    222
    201
    214
    185
    162
    146
    134
    145
    131
    120
    118
    112
    101
    113
    80
    110
    83
    84
    65
    85
    73
    76
    76
    50
    61
    59
    40
    51
    52
    48
    47
    40
    52
    47
    31
    30
    26
    46
    30
    32
    29
    37
    40
    30
    30
    25
    28
    22
    25
    26
    37
    22
    24
    17
    15
    17
    14
    14
    20
    13
    18
    11
    16
    18
    8
    14
    13
    7
    14
    16
    10
    9
    3
    14
    10
    15
    13
    9
    9
    9
    7
    8
    7
    11
    9
    9
    4
    4
    8
    10
    2
    3
    5
    9
    7
    8
    305
    331
    256
    261
    220
    191
    171
    163
    172
    153
    137
    133
    130
    126
    118
    120
    85
    87
    94
    83
    92
    74
    89
    64
    59
    69
    67
    56
    65
    53
    41
    49
    50
    49
    53
    53
    38
    53
    38
    35
    39
    33
    33
    31
    16
    27
    25
    17
    33
    13
    18
    17
    22
    16
    23
    22
    23
    23
    21
    18
    12
    18
    23
    12
    12
    8
    14
    15
    15
    10
    10
    9
    11
    13
    11
    10
    10
    13
    15
    12
    9
    8
    12
    4
    10
    9
    7
    14
    5
    13
    9
    9
    11
    3
    8
    4
    5
    3
    6
    7
    327
    315
    258
    227
    221
    201
    195
    164
    187
    170
    164
    147
    124
    107
    116
    118
    104
    98
    86
    105
    79
    69
    83
    78
    71
    69
    58
    66
    65
    66
    41
    43
    64
    55
    49
    38
    48
    35
    37
    43
    34
    24
    33
    34
    29
    18
    36
    30
    28
    27
    26
    24
    27
    18
    25
    23
    28
    16
    20
    17
    25
    15
    19
    14
    10
    22
    12
    12
    15
    10
    11
    10
    11
    16
    9
    9
    11
    17
    5
    16
    10
    10
    8
    11
    9
    11
    14
    5
    5
    6
    7
    6
    6
    5
    8
    3
    7
    2
    6
    6
    317
    281
    257
    247
    221
    198
    194
    156
    170
    146
    144
    142
    127
    131
    131
    119
    111
    109
    103
    109
    84
    86
    70
    74
    63
    64
    77
    51
    59
    44
    60
    45
    54
    56
    53
    42
    43
    36
    28
    29
    43
    27
    27
    29
    40
    22
    22
    32
    34
    28
    18
    21
    24
    31
    24
    31
    11
    15
    10
    20
    14
    13
    22
    18
    11
    13
    14
    15
    7
    16
    10
    10
    13
    13
    10
    11
    9
    8
    6
    15
    8
    6
    8
    4
    14
    3
    8
    8
    12
    9
    7
    7
    10
    8
    8
    8
    3
    8
    8
    8
    340
    309
    242
    207
    229
    206
    186
    178
    163
    146
    164
    136
    122
    122
    127
    91
    113
    95
    98
    75
    77
    81
    90
    68
    59
    73
    62
    57
    61
    50
    43
    52
    49
    39
    56
    43
    38
    46
    30
    39
    39
    38
    42
    30
    46
    26
    26
    28
    33
    29
    30
    20
    23
    18
    19
    12
    18
    23
    18
    20
    19
    14
    16
    18
    17
    17
    13
    11
    6
    15
    11
    15
    11
    9
    10
    12
    10
    8
    13
    12
    11
    15
    13
    6
    4
    11
    3
    5
    8
    5
    7
    6
    6
    5
    11
    9
    8
    7
    6
    8
    326
    320
    282
    258
    237
    213
    195
    168
    168
    159
    162
    143
    129
    122
    119
    104
    107
    90
    102
    109
    104
    80
    82
    65
    59
    74
    62
    73
    68
    51
    46
    45
    51
    45
    42
    45
    48
    45
    40
    37
    45
    31
    35
    32
    33
    34
    33
    17
    21
    31
    25
    22
    25
    21
    19
    18
    24
    21
    24
    18
    19
    20
    12
    16
    14
    19
    11
    19
    22
    21
    13
    9
    10
    11
    15
    14
    13
    11
    12
    8
    10
    11
    14
    10
    11
    8
    18
    7
    6
    9
    7
    11
    9
    6
    6
    6
    5
    6
    5
    8
    335
    321
    294
    247
    237
    218
    195
    188
    178
    175
    179
    124
    128
    125
    107
    124
    110
    116
    111
    88
    84
    96
    76
    80
    65
    59
    67
    63
    57
    64
    56
    54
    41
    40
    53
    45
    40
    37
    41
    38
    33
    44
    28
    36
    17
    21
    33
    34
    22
    27
    21
    24
    25
    30
    21
    14
    16
    18
    21
    22
    16
    13
    19
    14
    15
    11
    12
    13
    17
    15
    17
    18
    8
    17
    5
    11
    4
    14
    19
    14
    8
    10
    15
    4
    12
    9
    8
    3
    8
    7
    7
    4
    8
    8
    4
    5
    7
    6
    9
    6
    324
    307
    288
    261
    212
    197
    215
    170
    167
    155
    146
    128
    139
    132
    117
    117
    113
    100
    95
    105
    89
    92
    87
    56
    68
    61
    74
    71
    68
    65
    54
    49
    54
    40
    34
    50
    48
    50
    44
    34
    27
    37
    30
    35
    35
    29
    34
    26
    31
    22
    18
    26
    20
    25
    18
    16
    18
    16
    17
    25
    15
    14
    17
    11
    18
    14
    11
    8
    18
    9
    11
    15
    12
    8
    9
    7
    7
    14
    10
    11
    11
    12
    5
    12
    11
    5
    9
    7
    5
    9
    2
    3
    7
    6
    5
    9
    6
    8
    12
    3
    321
    292
    291
    243
    232
    227
    192
    164
    181
    174
    154
    114
    125
    122
    129
    107
    113
    94
    97
    86
    91
    80
    72
    72
    70
    79
    55
    62
    69
    50
    56
    34
    58
    47
    48
    50
    46
    38
    34
    34
    29
    26
    30
    19
    31
    39
    29
    27
    35
    18
    26
    24
    32
    20
    20
    19
    26
    17
    17
    20
    16
    17
    12
    22
    12
    13
    10
    8
    10
    21
    12
    18
    8
    13
    15
    12
    18
    9
    5
    4
    8
    18
    8
    8
    9
    10
    8
    10
    10
    10
    9
    5
    8
    5
    13
    7
    8
    11
    5
    5
    336
    318
    282
    244
    246
    210
    200
    181
    155
    166
    150
    149
    126
    120
    125
    138
    118
    101
    89
    97
    81
    93
    84
    84
    83
    62
    72
    69
    59
    51
    50
    51
    49
    49
    53
    43
    46
    44
    40
    37
    31
    39
    48
    33
    24
    25
    25
    32
    28
    27
    29
    30
    20
    35
    25
    28
    21
    22
    22
    20
    18
    16
    29
    15
    11
    15
    16
    13
    12
    11
    14
    12
    18
    15
    12
    9
    7
    7
    10
    10
    15
    13
    7
    9
    8
    6
    8
    13
    8
    8
    6
    9
    8
    5
    8
    12
    7
    5
    7
    7
    339
    285
    259
    262
    214
    209
    189
    177
    188
    158
    145
    154
    130
    134
    119
    124
    95
    97
    89
    87
    97
    87
    79
    76
    73
    70
    70
    70
    57
    55
    76
    54
    40
    63
    39
    41
    55
    29
    37
    46
    36
    32
    31
    33
    32
    21
    27
    39
    25
    22
    32
    22
    32
    23
    19
    24
    25
    19
    22
    16
    21
    19
    22
    11
    14
    19
    14
    14
    19
    12
    14
    19
    10
    16
    14
    15
    19
    13
    7
    13
    10
    13
    2
    9
    8
    9
    7
    12
    9
    9
    3
    6
    4
    10
    9
    7
    9
    8
    6
    4
    336
    324
    288
    230
    213
    222
    211
    197
    165
    165
    153
    144
    140
    114
    110
    121
    105
    105
    102
    103
    93
    101
    78
    89
    67
    65
    67
    66
    64
    66
    59
    50
    44
    40
    58
    51
    36
    49
    34
    49
    35
    34
    29
    24
    36
    28
    31
    31
    30
    30
    22
    35
    25
    31
    32
    24
    23
    20
    24
    15
    19
    19
    24
    15
    20
    11
    11
    19
    12
    16
    14
    9
    14
    19
    7
    6
    14
    10
    12
    11
    8
    11
    11
    11
    5
    8
    6
    11
    9
    7
    6
    4
    10
    6
    7
    9
    9
    4
    4
    7
    320
    292
    248
    243
    219
    212
    191
    184
    183
    161
    160
    143
    140
    101
    131
    108
    119
    91
    86
    91
    101
    85
    69
    69
    76
    79
    66
    68
    60
    49
    50
    51
    37
    64
    59
    57
    43
    39
    38
    36
    47
    45
    46
    29
    40
    34
    16
    20
    41
    21
    23
    24
    29
    18
    28
    20
    21
    26
    20
    17
    24
    19
    16
    20
    16
    20
    20
    14
    4
    12
    14
    7
    8
    6
    16
    10
    9
    13
    15
    10
    10
    11
    12
    8
    10
    11
    9
    7
    6
    8
    5
    4
    10
    10
    7
    4
    7
    4
    5
    10
    308
    306
    252
    246
    209
    223
    203
    184
    149
    159
    168
    127
    139
    124
    129
    124
    124
    104
    88
    70
    99
    83
    91
    69
    65
    67
    79
    62
    70
    67
    59
    50
    53
    65
    44
    37
    41
    54
    43
    29
    36
    30
    36
    28
    28
    38
    35
    31
    25
    23
    20
    28
    24
    27
    21
    20
    34
    18
    23
    23
    20
    13
    21
    12
    16
    10
    13
    12
    17
    14
    15
    17
    15
    11
    14
    10
    12
    14
    6
    11
    19
    5
    13
    7
    8
    8
    8
    13
    15
    4
    4
    4
    10
    8
    3
    7
    4
    10
    7
    7
    338
    351
    265
    260
    224
    195
    199
    178
    156
    162
    142
    129
    131
    136
    125
    106
    115
    91
    98
    109
    83
    103
    88
    85
    80
    43
    56
    64
    64
    51
    54
    62
    55
    61
    47
    52
    41
    46
    42
    26
    39
    37
    36
    32
    30
    35
    25
    24
    29
    33
    29
    27
    17
    25
    28
    23
    23
    17
    17
    17
    17
    25
    9
    11
    16
    14
    11
    15
    16
    12
    13
    11
    18
    10
    18
    13
    9
    15
    8
    12
    6
    13
    14
    6
    9
    9
    6
    10
    8
    7
    7
    3
    11
    8
    9
    12
    7
    12
    6
    7
    291
    304
    305
    218
    220
    181
    206
    177
    191
    138
    157
    156
    122
    150
    147
    127
    97
    102
    112
    85
    96
    84
    76
    72
    85
    66
    83
    61
    75
    63
    54
    63
    61
    49
    51
    34
    49
    49
    37
    29
    39
    37
    40
    36
    33
    29
    34
    35
    35
    30
    25
    26
    29
    20
    24
    17
    16
    21
    11
    25
    25
    19
    18
    24
    14
    14
    17
    14
    12
    11
    15
    12
    18
    15
    13
    6
    13
    15
    12
    9
    10
    6
    9
    11
    11
    6
    15
    5
    3
    3
    7
    13
    8
    3
    8
    7
    9
    5
    7
    5
    337
    302
    284
    249
    225
    240
    236
    160
    136
    163
    149
    162
    120
    149
    120
    109
    126
    105
    111
    103
    79
    72
    96
    70
    71
    66
    48
    48
    65
    65
    55
    47
    52
    44
    45
    38
    48
    46
    38
    31
    33
    44
    31
    32
    37
    37
    25
    29
    34
    24
    24
    27
    17
    20
    16
    23
    26
    18
    21
    19
    17
    21
    15
    17
    15
    17
    19
    11
    17
    12
    13
    13
    9
    6
    9
    6
    14
    8
    12
    11
    8
    11
    12
    9
    5
    10
    9
    11
    5
    9
    5
    11
    8
    5
    5
    6
    4
    2
    10
    6
    341
    314
    241
    239
    237
    217
    191
    191
    172
    138
    155
    125
    149
    130
    114
    112
    111
    104
    81
    94
    91
    80
    86
    75
    72
    60
    83
    65
    81
    50
    47
    58
    63
    55
    63
    50
    45
    38
    46
    44
    38
    34
    41
    24
    23
    28
    35
    35
    31
    30
    17
    30
    22
    29
    22
    18
    15
    13
    21
    17
    19
    14
    18
    16
    20
    17
    10
    14
    11
    16
    19
    9
    11
    12
    12
    13
    9
    11
    11
    7
    4
    20
    13
    3
    11
    8
    7
    12
    8
    8
    4
    5
    11
    15
    6
    6
    7
    3
    8
    5
    349
    286
    262
    246
    247
    222
    181
    183
    183
    156
    146
    144
    125
    116
    127
    105
    103
    113
    91
    96
    85
    76
    88
    61
    83
    76
    63
    65
    54
    71
    69
    56
    58
    50
    54
    50
    41
    39
    48
    30
    28
    29
    37
    27
    27
    33
    28
    35
    24
    35
    28
    24
    35
    35
    16
    24
    23
    22
    17
    20
    17
    17
    19
    23
    15
    17
    18
    16
    16
    12
    11
    16
    11
    15
    16
    9
    25
    9
    5
    14
    9
    16
    10
    11
    13
    6
    10
    7
    12
    11
    8
    9
    5
    6
    7
    3
    12
    6
    7
    10
    325
    315
    273
    231
    233
    210
    175
    189
    167
    161
    152
    145
    131
    106
    122
    99
    113
    119
    88
    110
    90
    99
    75
    73
    77
    68
    64
    66
    52
    64
    65
    54
    58
    49
    42
    41
    41
    39
    38
    41
    44
    36
    33
    47
    24
    30
    21
    34
    25
    21
    20
    30
    20
    21
    27
    28
    16
    19
    13
    19
    23
    17
    21
    11
    12
    10
    21
    15
    9
    11
    19
    13
    13
    11
    12
    16
    9
    8
    8
    14
    14
    10
    10
    6
    7
    17
    10
    8
    9
    12
    10
    10
    11
    11
    7
    6
    8
    2
    4
    6
    361
    323
    266
    255
    210
    195
    190
    169
    196
    142
    141
    150
    141
    109
    120
    112
    96
    101
    96
    97
    86
    74
    95
    75
    68
    68
    58
    55
    68
    62
    58
    47
    54
    61
    51
    42
    50
    48
    44
    54
    50
    27
    32
    30
    22
    37
    29
    30
    21
    26
    25
    33
    16
    23
    25
    31
    19
    20
    23
    25
    10
    16
    20
    18
    13
    20
    17
    19
    14
    11
    11
    17
    16
    14
    10
    15
    11
    12
    8
    9
    11
    8
    11
    11
    11
    11
    15
    4
    9
    3
    5
    9
    11
    8
    11
    5
    3
    5
    7
    7
    301
    337
    262
    275
    258
    206
    187
    177
    172
    154
    143
    146
    134
    115
    120
    121
    115
    108
    104
    94
    77
    91
    81
    78
    74
    67
    74
    71
    60
    61
    50
    60
    44
    53
    53
    57
    46
    50
    37
    40
    36
    52
    30
    47
    30
    31
    24
    31
    29
    23
    29
    28
    26
    23
    21
    27
    25
    28
    29
    19
    13
    9
    23
    19
    12
    13
    15
    18
    17
    16
    9
    9
    11
    13
    12
    16
    13
    11
    9
    9
    8
    5
    14
    7
    6
    10
    14
    6
    11
    5
    9
    6
    6
    7
    7
    5
    6
    5
    9
    5
    324
    293
    272
    238
    251
    214
    188
    191
    197
    163
    141
    145
    134
    149
    110
    111
    102
    109
    99
    98
    82
    63
    76
    84
    63
    59
    58
    79
    56
    74
    62
    66
    35
    50
    51
    38
    53
    54
    49
    45
    37
    34
    36
    41
    32
    33
    29
    23
    27
    27
    24
    25
    21
    22
    17
    19
    31
    19
    20
    14
    11
    15
    23
    21
    19
    17
    15
    21
    12
    15
    12
    8
    11
    12
    10
    19
    14
    11
    17
    15
    10
    9
    12
    7
    15
    6
    11
    14
    12
    11
    8
    12
    5
    6
    7
    5
    6
    6
    8
    5
    307
    312
    291
    236
    211
    188
    206
    178
    172
    147
    143
    133
    154
    141
    115
    116
    100
    97
    112
    98
    97
    71
    75
    80
    77
    78
    71
    60
    62
    46
    55
    57
    53
    41
    51
    42
    41
    34
    36
    45
    47
    38
    32
    41
    34
    29
    33
    29
    24
    28
    25
    29
    25
    20
    16
    22
    15
    24
    18
    19
    11
    22
    18
    12
    13
    15
    12
    14
    19
    11
    16
    6
    11
    8
    15
    14
    8
    14
    13
    9
    13
    10
    13
    11
    6
    3
    9
    4
    8
    3
    3
    9
    4
    5
    6
    4
    4
    5
    4
    1
    305
    302
    247
    257
    242
    213
    190
    182
    172
    165
    157
    125
    122
    130
    123
    107
    109
    139
    96
    90
    77
    77
    88
    89
    76
    67
    56
    70
    62
    48
    61
    48
    54
    53
    50
    48
    49
    56
    33
    46
    37
    49
    41
    32
    33
    29
    29
    26
    20
    24
    23
    28
    29
    21
    25
    18
    27
    17
    24
    20
    21
    20
    18
    18
    13
    14
    20
    18
    21
    11
    20
    7
    10
    14
    12
    8
    10
    3
    5
    10
    11
    12
    7
    5
    4
    8
    8
    11
    8
    11
    8
    4
    9
    7
    4
    7
    10
    6
    7
    3
    333
    330
    282
    247
    237
    210
    212
    181
    188
    155
    146
    145
    134
    121
    130
    117
    109
    106
    112
    78
    99
    99
    80
    85
    73
    79
    67
    74
    61
    51
    67
    46
    56
    48
    50
    57
    44
    32
    39
    47
    32
    38
    36
    35
    29
    25
    35
    24
    23
    32
    33
    20
    23
    21
    23
    27
    18
    25
    23
    21
    14
    17
    18
    17
    17
    16
    11
    16
    20
    16
    8
    11
    10
    10
    12
    7
    9
    9
    12
    7
    12
    10
    16
    10
    10
    10
    10
    6
    6
    11
    8
    9
    10
    8
    8
    6
    0
    5
    9
    5
    325
    289
    260
    248
    232
    223
    183
    202
    156
    138
    164
    146
    148
    130
    120
    119
    126
    116
    88
    88
    87
    80
    81
    78
    55
    68
    82
    69
    71
    59
    51
    62
    51
    40
    49
    40
    57
    52
    45
    40
    41
    35
    25
    38
    33
    31
    30
    23
    21
    24
    28
    30
    27
    29
    18
    15
    22
    23
    15
    15
    21
    15
    20
    19
    11
    11
    10
    13
    14
    17
    13
    12
    17
    11
    8
    9
    9
    10
    15
    6
    11
    7
    11
    16
    9
    10
    6
    7
    11
    4
    4
    13
    8
    6
    5
    9
    5
    5
    3
    7
    316
    271
    253
    240
    230
    220
    190
    183
    173
    140
    161
    168
    160
    133
    126
    135
    92
    111
    112
    97
    88
    71
    80
    69
    70
    82
    71
    60
    81
    63
    61
    45
    44
    52
    48
    53
    44
    47
    47
    37
    40
    44
    36
    35
    32
    30
    30
    28
    29
    30
    29
    18
    17
    22
    14
    20
    25
    16
    21
    22
    22
    15
    20
    17
    16
    15
    13
    19
    15
    12
    11
    14
    15
    8
    12
    5
    11
    9
    3
    9
    12
    7
    10
    10
    5
    7
    12
    6
    5
    8
    6
    9
    8
    7
    4
    5
    7
    13
    7
    3
    353
    324
    288
    245
    213
    214
    185
    183
    177
    172
    132
    161
    128
    119
    112
    91
    125
    91
    108
    111
    88
    88
    90
    75
    71
    65
    77
    67
    57
    66
    53
    54
    50
    61
    39
    45
    49
    45
    44
    34
    26
    32
    45
    36
    29
    36
    32
    32
    31
    36
    25
    33
    27
    23
    28
    23
    13
    18
    19
    17
    15
    22
    20
    10
    18
    22
    21
    14
    12
    18
    13
    13
    10
    14
    14
    8
    9
    12
    6
    8
    9
    9
    8
    9
    10
    10
    10
    8
    10
    8
    8
    8
    8
    6
    8
    8
    7
    8
    7
    9
    330
    318
    252
    246
    238
    199
    190
    183
    161
    150
    156
    163
    132
    122
    119
    111
    128
    110
    102
    102
    77
    80
    58
    53
    73
    78
    68
    61
    83
    51
    56
    54
    51
    36
    68
    47
    41
    43
    36
    46
    33
    39
    41
    30
    35
    41
    23
    39
    32
    41
    42
    24
    18
    30
    16
    22
    31
    21
    20
    14
    14
    25
    15
    9
    19
    23
    13
    22
    14
    13
    13
    11
    14
    9
    18
    14
    8
    8
    8
    9
    10
    7
    9
    11
    9
    5
    7
    11
    6
    10
    7
    3
    11
    7
    10
    3
    9
    5
    7
    6
    331
    333
    293
    256
    245
    193
    206
    199
    163
    168
    174
    149
    150
    145
    115
    119
    113
    90
    91
    109
    98
    85
    75
    78
    58
    67
    62
    80
    83
    57
    56
    49
    48
    52
    53
    59
    33
    36
    45
    42
    36
    36
    34
    29
    28
    43
    37
    21
    20
    23
    21
    19
    18
    24
    19
    21
    21
    20
    19
    17
    13
    13
    14
    16
    13
    19
    12
    17
    10
    17
    10
    18
    9
    19
    17
    7
    16
    12
    10
    14
    6
    7
    7
    12
    12
    9
    6
    9
    4
    10
    6
    3
    3
    9
    7
    4
    3
    4
    6
    6
    355
    272
    256
    219
    249
    225
    198
    212
    156
    152
    145
    155
    144
    132
    113
    133
    94
    104
    89
    108
    87
    84
    64
    83
    53
    63
    71
    52
    78
    55
    47
    58
    46
    48
    42
    44
    40
    38
    37
    41
    29
    37
    42
    27
    30
    26
    27
    26
    20
    29
    26
    27
    26
    20
    29
    22
    24
    22
    19
    19
    18
    24
    13
    22
    10
    10
    12
    14
    12
    15
    15
    6
    15
    18
    9
    14
    13
    8
    10
    11
    9
    9
    11
    9
    12
    8
    7
    5
    9
    6
    11
    4
    7
    9
    10
    8
    11
    6
    4
    10
    307
    299
    302
    217
    251
    206
    181
    179
    159
    183
    137
    142
    132
    116
    110
    120
    85
    105
    83
    82
    77
    75
    88
    75
    84
    70
    88
    57
    75
    71
    59
    56
    51
    50
    47
    51
    46
    41
    40
    29
    48
    41
    29
    49
    25
    29
    23
    25
    24
    29
    40
    31
    17
    17
    26
    19
    26
    19
    19
    17
    18
    22
    14
    14
    13
    19
    18
    19
    13
    13
    15
    13
    14
    10
    15
    16
    13
    10
    11
    9
    15
    8
    12
    13
    11
    7
    8
    8
    7
    4
    8
    7
    14
    8
    7
    5
    4
    5
    2
    7
    329
    289
    288
    256
    220
    245
    202
    193
    155
    156
    172
    131
    137
    130
    120
    112
    112
    90
    109
    83
    100
    76
    87
    78
    71
    57
    70
    77
    52
    56
    51
    59
    50
    40
    41
    43
    50
    57
    32
    42
    35
    36
    43
    32
    30
    28
    41
    34
    21
    22
    31
    24
    23
    23
    18
    20
    24
    18
    17
    22
    20
    17
    22
    16
    15
    12
    19
    12
    14
    14
    12
    12
    13
    8
    14
    20
    10
    15
    15
    8
    10
    10
    8
    10
    9
    16
    8
    8
    4
    1
    8
    11
    7
    7
    1
    8
    10
    3
    6
    8
    336
    295
    304
    265
    216
    181
    203
    183
    182
    176
    129
    146
    163
    130
    137
    115
    109
    113
    108
    105
    89
    68
    74
    81
    68
    70
    72
    68
    66
    78
    74
    53
    62
    59
    44
    51
    45
    41
    39
    44
    40
    28
    41
    34
    33
    47
    20
    32
    27
    27
    27
    26
    28
    32
    17
    29
    32
    21
    12
    29
    15
    22
    13
    25
    11
    25
    18
    20
    15
    12
    13
    12
    20
    21
    9
    12
    8
    8
    14
    9
    11
    9
    9
    6
    7
    6
    16
    4
    12
    7
    12
    6
    11
    7
    3
    12
    5
    7
    5
    7
    324
    306
    290
    253
    222
    197
    183
    185
    173
    174
    151
    139
    134
    131
    120
    120
    115
    84
    103
    97
    93
    86
    78
    66
    60
    63
    65
    55
    56
    50
    45
    64
    49
    51
    47
    42
    41
    60
    30
    47
    37
    40
    41
    35
    34
    31
    22
    30
    27
    34
    28
    26
    23
    32
    22
    24
    23
    24
    15
    18
    15
    16
    18
    16
    11
    13
    19
    20
    18
    13
    19
    12
    12
    10
    11
    13
    13
    6
    8
    11
    8
    9
    7
    10
    8
    8
    9
    12
    5
    6
    11
    9
    4
    3
    6
    4
    7
    4
    10
    8
    303
    316
    275
    214
    224
    225
    208
    176
    156
    142
    154
    146
    126
    126
    115
    119
    117
    98
    91
    89
    100
    88
    79
    83
    81
    63
    58
    49
    75
    49
    47
    49
    41
    51
    49
    44
    45
    47
    48
    44
    35
    33
    40
    35
    33
    33
    26
    23
    24
    24
    25
    21
    19
    25
    18
    21
    20
    21
    13
    20
    24
    22
    21
    17
    16
    14
    16
    10
    19
    16
    10
    17
    16
    19
    7
    9
    10
    5
    12
    14
    11
    7
    10
    11
    8
    6
    14
    9
    6
    7
    6
    7
    6
    7
    8
    9
    6
    4
    4
    7
    322
    319
    276
    256
    242
    201
    194
    202
    149
    168
    169
    122
    116
    123
    119
    127
    107
    113
    122
    99
    83
    70
    67
    71
    85
    70
    57
    71
    70
    61
    49
    59
    54
    47
    43
    52
    36
    43
    49
    43
    45
    37
    35
    36
    29
    29
    31
    28
    33
    27
    28
    20
    21
    30
    27
    15
    32
    20
    25
    22
    13
    21
    17
    22
    20
    27
    16
    20
    18
    19
    16
    18
    16
    9
    10
    11
    8
    10
    9
    16
    12
    12
    13
    9
    12
    14
    11
    10
    4
    6
    9
    8
    9
    8
    7
    7
    11
    8
    9
    8
    348
    314
    289
    259
    225
    209
    210
    179
    169
    166
    141
    138
    130
    145
    124
    109
    114
    94
    110
    91
    114
    85
    88
    83
    79
    68
    87
    67
    72
    48
    44
    58
    62
    54
    55
    41
    53
    34
    39
    38
    33
    29
    37
    35
    35
    34
    35
    21
    28
    38
    21
    26
    27
    32
    18
    17
    25
    19
    20
    25
    24
    19
    17
    14
    16
    13
    17
    15
    12
    17
    11
    16
    14
    7
    13
    13
    14
    13
    11
    11
    5
    13
    7
    11
    8
    6
    4
    11
    12
    5
    6
    8
    5
    6
    6
    9
    4
    10
    5
    4
    320
    298
    280
    257
    239
    224
    209
    185
    186
    152
    157
    151
    147
    121
    117
    126
    94
    103
    88
    114
    95
    90
    75
    89
    84
    76
    76
    63
    60
    73
    62
    57
    60
    57
    44
    41
    51
    40
    36
    34
    33
    35
    45
    41
    34
    32
    38
    28
    23
    31
    23
    30
    28
    26
    22
    22
    21
    23
    25
    19
    25
    14
    21
    16
    13
    13
    8
    20
    17
    15
    14
    12
    14
    12
    13
    9
    11
    6
    8
    10
    9
    5
    6
    12
    13
    5
    8
    11
    9
    9
    11
    9
    3
    7
    11
    6
    4
    10
    10
    7
    326
    301
    294
    250
    217
    194
    192
    179
    176
    156
    165
    119
    134
    120
    108
    126
    116
    121
    104
    86
    87
    93
    74
    75
    73
    71
    66
    61
    66
    57
    66
    42
    50
    46
    52
    44
    48
    44
    35
    49
    34
    30
    35
    34
    35
    31
    40
    38
    38
    28
    23
    19
    32
    28
    22
    20
    15
    11
    21
    16
    22
    20
    22
    18
    19
    14
    16
    18
    15
    10
    16
    13
    19
    19
    14
    10
    12
    8
    8
    12
    14
    10
    14
    10
    12
    18
    11
    6
    5
    9
    4
    9
    8
    7
    8
    7
    10
    5
    7
    8
    312
    308
    264
    258
    242
    231
    177
    184
    166
    181
    143
    149
    148
    104
    133
    119
    108
    121
    107
    86
    91
    73
    80
    86
    77
    79
    62
    67
    66
    61
    55
    54
    43
    48
    48
    45
    50
    43
    36
    42
    40
    39
    41
    35
    30
    36
    34
    34
    20
    28
    29
    26
    22
    30
    20
    20
    30
    24
    20
    20
    24
    17
    16
    22
    15
    17
    16
    17
    7
    17
    16
    17
    14
    7
    10
    11
    7
    8
    13
    12
    14
    8
    13
    7
    7
    11
    9
    8
    9
    9
    7
    2
    8
    11
    10
    11
    8
    3
    6
    7
    344
    318
    300
    234
    192
    239
    195
    180
    160
    154
    143
    145
    137
    116
    121
    119
    107
    102
    110
    83
    95
    82
    79
    85
    81
    68
    63
    68
    44
    57
    66
    55
    49
    53
    39
    39
    52
    44
    45
    28
    45
    44
    45
    39
    25
    38
    34
    36
    32
    28
    37
    19
    27
    23
    24
    17
    22
    23
    22
    18
    22
    17
    16
    19
    12
    23
    19
    18
    16
    11
    14
    14
    9
    14
    10
    10
    17
    14
    10
    8
    8
    11
    22
    11
    12
    15
    8
    10
    9
    4
    5
    9
    8
    8
    6
    7
    6
    8
    5
    8
    324
    326
    261
    248
    216
    225
    200
    186
    188
    164
    143
    129
    149
    119
    138
    113
    109
    103
    96
    99
    92
    105
    87
    79
    66
    107
    59
    64
    54
    53
    57
    54
    57
    54
    57
    48
    37
    44
    44
    44
    41
    30
    34
    32
    21
    35
    33
    24
    29
    25
    30
    17
    16
    23
    29
    17
    23
    17
    21
    17
    11
    14
    18
    16
    16
    14
    14
    17
    13
    11
    21
    14
    10
    12
    12
    12
    11
    12
    10
    8
    8
    11
    8
    10
    7
    12
    7
    9
    6
    9
    7
    4
    7
    4
    6
    7
    4
    9
    2
    6
    331
    275
    289
    254
    229
    199
    178
    180
    197
    157
    152
    158
    130
    136
    116
    112
    130
    95
    101
    108
    82
    91
    75
    65
    61
    69
    83
    55
    59
    62
    60
    55
    51
    50
    43
    57
    36
    40
    44
    43
    45
    37
    29
    27
    19
    36
    31
    45
    36
    27
    30
    19
    26
    37
    22
    24
    26
    27
    11
    24
    18
    17
    13
    19
    15
    17
    12
    15
    12
    13
    13
    14
    13
    12
    15
    15
    18
    12
    18
    9
    7
    8
    7
    9
    13
    13
    8
    12
    3
    4
    7
    7
    8
    5
    3
    11
    5
    9
    11
    6
    299
    292
    306
    229
    237
    219
    203
    189
    185
    152
    176
    155
    143
    134
    135
    103
    99
    112
    86
    86
    94
    95
    73
    80
    103
    71
    76
    69
    77
    71
    56
    54
    62
    39
    46
    54
    46
    45
    38
    45
    43
    24
    42
    37
    39
    24
    29
    25
    23
    25
    32
    24
    28
    25
    25
    26
    28
    17
    22
    22
    27
    16
    18
    24
    15
    13
    15
    18
    16
    18
    16
    13
    10
    10
    18
    14
    4
    8
    10
    8
    6
    13
    8
    8
    13
    16
    9
    7
    8
    6
    11
    7
    5
    11
    6
    5
    8
    8
    6
    10
    307
    290
    270
    265
    223
    225
    192
    210
    175
    164
    132
    149
    134
    131
    119
    111
    116
    100
    106
    86
    73
    92
    88
    66
    95
    74
    61
    62
    50
    50
    68
    51
    58
    37
    47
    51
    49
    30
    53
    47
    43
    39
    32
    42
    36
    40
    33
    37
    32
    27
    28
    23
    24
    19
    24
    30
    19
    24
    24
    15
    14
    21
    24
    18
    13
    14
    10
    19
    15
    19
    18
    11
    9
    10
    13
    11
    14
    14
    10
    7
    12
    10
    5
    5
    4
    9
    11
    9
    5
    6
    7
    5
    4
    16
    6
    12
    5
    10
    3
    5

Data:
    0
    0
    0
    0
    0
    0
    0
    0
    0
    0
    0
    0
    0
    0
    0
    0
    0
    0
    0
    0
    0
    0
    0
    0
    0
    0
    0
    0
    0
    0
    0
    0
    0
    0
    0
    0
    0
    0
    0
    0
    0
    0
    0
    0
    0
    0
    0
    0
    0
    0
    0
    0
    0
    0
    0
    0
    0
    0
    0
    0
    0
    0
    0
    0
    0
    0
    0
    0
    0
    0
    0
    0
    0
    0
    0
    0
    0
    0
    0
    0
    0
    0
    0
    0
    0
    0
    0
    0
    0
    0
    0
    0
    0
    0
    0
    0
    0
    0
    0
    0
    0
    0
    0
    0
    0
    0
    0
    0
    0
    0
    0
    0
    0
    0
    0
    0
    0
    0
    0
    0
    0
    0
    0
    0
    0
    0
    0
    0
    0
    0
    0
    0
    0
    0
    0
    0
    0
    0
    0
    0
    0
    0
    0
    0
    0
    0
    0
    0
    0
    0
    0
    0
    0
    0
    0
    0
    0
    0
    0
    0
    0
    0
    0
    0
    0
    0
    0
    0
    0
    0
    0
    0
    0
    0
    0
    0
    0
    0
    0
    0
    0
    0
    0
    0
    0
    0
    0
    0
    0
    0
    0
    0
    0
    0
    0
    0
    0
    0
    0
    0
    0
    0
    0
    0
    0
    0
    0
    0
    0
    0
    0
    0
    0
    0
    0
    0
    0
    0
    0
    0
    0
    0
    0
    0
    0
    0
    0
    0
    0
    0
    0
    0
    0
    0
    0
    0
    0
    0
    0
    0
    0
    0
    0
    0
    0
    0
    0
    0
    0
    0
    0
    0
    0
    0
    0
    0
    0
    0
    0
    0
    0
    0
    0
    0
    0
    0
    0
    0
    0
    0
    0
    0
    0
    0
    0
    0
    0
    0
    0
    0
    0
    0
    0
    0
    0
    0
    0
    0
    0
    0
    0
    0
    0
    0
    0
    0
    0
    0
    0
    0
    0
    0
    0
    0
    0
    0
    0
    0
    0
    0
    0
    0
    0
    0
    0
    0
    0
    0
    0
    0
    0
    0
    0
    0
    0
    0
    0
    0
    0
    0
    0
    0
    0
    0
    0
    0
    0
    0
    0
    0
    0
    0
    0
    0
    0
    0
    0
    0
    0
    0
    0
    0
    0
    0
    0
    0
    0
    0
    0
    0
    0
    0
    0
    0
    0
    0
    0
    0
    0
    0
    0
    0
    0
    0
    0
    0
    0
    0
    0
    0
    0
    0
    0
    0
    0
    0
    0
    0
    0
    0
    0
    0
    0
    0
    0
    0
    0
    0
    0
    0
    0
    0
    0
    0
    0
    0
    0
    0
    0
    0
    0
    0
    0
    0
    0
    0
    0
    0
    0
    0
    0
    0
    0
    0
    0
    0
    0
    0
    0
    0
    0
    0
    0
    0
    0
    0
    0
    0
    0
    0
    0
    0
    0
    0
    0
    0
    0
    0
    0
    0
    0
    0
    0
    0
    0
    0
    0
    0
    0
    0
    0
    0
    0
    0
    0
    0
    0
    0
    0
    0
    0
    0
    0
    0
    0
    0
    0
    0
    0
    0
    0
    0
    0
    0
    0
    0
    0
    0
    0
    0
    0
    0
    0
    0
    0
    0
    0
    0
    0
    0
    0
    0
    0
    0
    0
    0
    0
    0
    0
    0
    0
    0
    0
    0
    0
    0
    0
    0
    0
    0
    0
    0
    0
    0
    0
    0
    0
    0
    0
    0
    0
    0
    0
    0
    0
    0
    0
    0
    0
    0
    0
    0
    0
    0
    0
    0
    0
    0
    0
    0
    0
    0
    0
    0
    0
    0
    0
    0
    0
    0
    0
    0
    0
    0
    0
    0
    0
    0
    0
    0
    0
    0
    0
    0
    0
    0
    0
    0
    0
    0
    0
    0
    0
    0
    0
    0
    0
    0
    0
    0
    0
    0
    0
    0
    0
    0
    0
    0
    0
    0
    0
    0
    0
    0
    0
    0
    0
    0
    0
    0
    0
    0
    0
    0
    0
    0
    0
    0
    0
    0
    0
    0
    0
    0
    0
    0
    0
    0
    0
    0
    0
    0
    0
    0
    0
    0
    0
    0
    0
    0
    0
    0
    0
    0
    0
    0
    0
    0
    0
    0
    0
    0
    0
    0
    0
    0
    0
    0
    0
    0
    0
    0
    0
    0
    0
    0
    0
    0
    0
    0
    0
    0
    0
    0
    0
    0
    0
    0
    0
    0
    0
    0
    0
    0
    0
    0
    0
    0
    0
    0
    0
    0
    0
    0
    0
    0
    0
    0
    0
    0
    0
    0
    0
    0
    0
    0
    0
    0
    0
    0
    0
    0
    0
    0
    0
    0
    0
    0
    0
    0
    0
    0
    0
    0
    0
    0
    0
    0
    0
    0
    0
    0
    0
    0
    0
    0
    0
    0
    0
    0
    0
    0
    0
    0
    0
    0
    0
    0
    0
    0
    0
    0
    0
    0
    0
    0
    0
    0
    0
    0
    0
    0
    0
    0
    0
    0
    0
    0
    0
    0
    0
    0
    0
    0
    0
    0
    0
    0
    0
    0
    0
    0
    0
    0
    0
    0
    0
    0
    0
    0
    0
    0
    0
    0
    0
    0
    0
    0
    0
    0
    0
    0
    0
    0
    0
    0
    0
    0
    0
    0
    0
    0
    0
    0
    0
    0
    0
    0
    0
    0
    0
    0
    0
    0
    0
    0
    0
    0
    0
    0
    0
    0
    0
    0
    0
    0
    0
    0
    0
    0
    0
    0
    0
    0
    0
    0
    0
    0
    0
    0
    0
    0
    0
    0
    0
    0
    0
    0
    0
    0
    0
    0
    0
    0
    0
    0
    0
    0
    0
    0
    0
    0
    0
    0
    0
    0
    0
    0
    0
    0
    0
    0
    0
    0
    0
    0
    0
    0
    0
    0
    0
    0
    0
    0
    0
    0
    0
    0
    0
    0
    0
    0
    0
    0
    0
    0
    0
    0
    0
    0
    0
    0
    0
    0
    0
    0
    0
    0
    0
    0
    0
    0
    0
    0
    0
    0
    0
    0
    0
    0
    0
    0
    0
    0
    0
    0
    0
    0
    0
    0
    0
    0
    0
    0
    0
    0
    0
    0
    0
    0
    0
    0
    0
    0
    0
    0
    0
    0
    0
    0
    0
    0
    0
    0
    0
    0
    0
    0
    0
    0
    0
    0
    0
    0
    0
    0
    0
    0
    0
    0
    0
    0
    0
    0
    0
    0
    0
    0
    0
    0
    0
    0
    0
    0
    0
    0
    0
    0
    0
    0
    0
    0
    0
    0
    0
    0
    0
    0
    0
    0
    0
    0
    0
    0
    0
    0
    0
    0
    0
    0
    0
    0
    0
    0
    0
    0
    0
    0
    0
    0
    0
    0
    0
    0
    0
    0
    0
    0
    0
    0
    0
    0
    0
    0
    0
    0
    0
    0
    0
    0
    0
    0
    0
    0
    0
    0
    0
    0
    0
    0
    0
    0
    0
    0
    0
    0
    0
    0
    0
    0
    0
    0
    0
    0
    0
    0
    0
    0
    0
    0
    0
    0
    0
    0
    0
    0
    0
    0
    0
    0
    0
    0
    0
    0
    0
    0
    0
    0
    0
    0
    0
    0
    0
    0
    0
    0
    0
    0
    0
    0
    0
    0
    0
    0
    0
    0
    0
    0
    0
    0
    0
    0
    0
    0
    0
    0
    0
    0
    0
    0
    0
    0
    0
    0
    0
    0
    0
    0
    0
    0
    0
    0
    0
    0
    0
    0
    0
    0
    0
    0
    0
    0
    0
    0
    0
    0
    0
    0
    0
    0
    0
    0
    0
    0
    0
    0
    0
    0
    0
    0
    0
    0
    0
    0
    0
    0
    0
    0
    0
    0
    0
    0
    0
    0
    0
    0
    0
    0
    0
    0
    0
    0
    0
    0
    0
    0
    0
    0
    0
    0
    0
    0
    0
    0
    0
    0
    0
    0
    0
    0
    0
    0
    0
    0
    0
    0
    0
    0
    0
    0
    0
    0
    0
    0
    0
    0
    0
    0
    0
    0
    0
    0
    0
    0
    0
    0
    0
    0
    0
    0
    0
    0
    0
    0
    0
    0
    0
    0
    0
    0
    0
    0
    0
    0
    0
    0
    0
    0
    0
    0
    0
    0
    0
    0
    0
    0
    0
    0
    0
    0
    0
    0
    0
    0
    0
    0
    0
    0
    0
    0
    0
    0
    0
    0
    0
    0
    0
    0
    0
    0
    0
    0
    0
    0
    0
    0
    0
    0
    0
    0
    0
    0
    0
    0
    0
    0
    0
    0
    0
    0
    0
    0
    0
    0
    0
    0
    0
    0
    0
    0
    0
    0
    0
    0
    0
    0
    0
    0
    0
    0
    0
    0
    0
    0
    0
    0
    0
    0
    0
    0
    0
    0
    0
    0
    0
    0
    0
    0
    0
    0
    0
    0
    0
    0
    0
    0
    0
    0
    0
    0
    0
    0
    0
    0
    0
    0
    0
    0
    0
    0
    0
    0
    0
    0
    0
    0
    0
    0
    0
    0
    0
    0
    0
    0
    0
    0
    0
    0
    0
    0
    0
    0
    0
    0
    0
    0
    0
    0
    0
    0
    0
    0
    0
    0
    0
    0
    0
    0
    0
    0
    0
    0
    0
    0
    0
    0
    0
    0
    0
    0
    0
    0
    0
    0
    0
    0
    0
    0
    0
    0
    0
    0
    0
    0
    0
    0
    0
    0
    0
    0
    0
    0
    0
    0
    0
    0
    0
    0
    0
    0
    0
    0
    0
    0
    0
    0
    0
    0
    0
    0
    0
    0
    0
    0
    0
    0
    0
    0
    0
    0
    0
    0
    0
    0
    0
    0
    0
    0
    0
    0
    0
    0
    0
    0
    0
    0
    0
    0
    0
    0
    0
    0
    0
    0
    0
    0
    0
    0
    0
    0
    0
    0
    0
    0
    0
    0
    0
    0
    0
    0
    0
    0
    0
    0
    0
    0
    0
    0
    0
    0
    0
    0
    0
    0
    0
    0
    0
    0
    0
    0
    0
    0
    0
    0
    0
    0
    0
    0
    0
    0
    0
    0
    0
    0
    0
    0
    0
    0
    0
    0
    0
    0
    0
    0
    0
    0
    0
    0
    0
    0
    0
    0
    0
    0
    0
    0
    0
    0
    0
    0
    0
    0
    0
    0
    0
    0
    0
    0
    0
    0
    0
    0
    0
    0
    0
    0
    0
    0
    0
    0
    0
    0
    0
    0
    0
    0
    0
    0
    0
    0
    0
    0
    0
    0
    0
    0
    0
    0
    0
    0
    0
    0
    0
    0
    0
    0
    0
    0
    0
    0
    0
    0
    0
    0
    0
    0
    0
    0
    0
    0
    0
    0
    0
    0
    0
    0
    0
    0
    0
    0
    0
    0
    0
    0
    0
    0
    0
    0
    0
    0
    0
    0
    0
    0
    0
    0
    0
    0
    0
    0
    0
    0
    0
    0
    0
    0
    0
    0
    0
    0
    0
    0
    0
    0
    0
    0
    0
    0
    0
    0
    0
    0
    0
    0
    0
    0
    0
    0
    0
    0
    0
    0
    0
    0
    0
    0
    0
    0
    0
    0
    0
    0
    0
    0
    0
    0
    0
    0
    0
    0
    0
    0
    0
    0
    0
    0
    0
    0
    0
    0
    0
    0
    0
    0
    0
    0
    0
    0
    0
    0
    0
    0
    0
    0
    0
    0
    0
    0
    0
    0
    0
    0
    0
    0
    0
    0
    0
    0
    0
    0
    0
    0
    0
    0
    0
    0
    0
    0
    0
    0
    0
    0
    0
    0
    0
    0
    0
    0
    0
    0
    0
    0
    0
    0
    0
    0
    0
    0
    0
    0
    0
    0
    0
    0
    0
    0
    0
    0
    0
    0
    0
    0
    0
    0
    0
    0
    0
    0
    0
    0
    0
    0
    0
    0
    0
    0
    0
    0
    0
    0
    0
    0
    0
    0
    0
    0
    0
    0
    0
    0
    0
    0
    0
    0
    0
    0
    0
    0
    0
    0
    0
    0
    0
    0
    0
    0
    0
    0
    0
    0
    0
    0
    0
    0
    0
    0
    0
    0
    0
    0
    0
    0
    0
    0
    0
    0
    0
    0
    0
    0
    0
    0
    0
    0
    0
    0
    0
    0
    0
    0
    0
    0
    0
    0
    0
    0
    0
    0
    0
    0
    0
    0
    0
    0
    0
    0
    0
    0
    0
    0
    0
    0
    0
    0
    0
    0
    0
    0
    0
    0
    0
    0
    0
    0
    0
    0
    0
    0
    0
    0
    0
    0
    0
    0
    0
    0
    0
    0
    0
    0
    0
    0
    0
    0
    0
    0
    0
    0
    0
    0
    0
    0
    0
    0
    0
    0
    0
    0
    0
    0
    0
    0
    0
    0
    0
    0
    0
    0
    0
    0
    0
    0
    0
    0
    0
    0
    0
    0
    0
    0
    0
    0
    0
    0
    0
    0
    0
    0
    0
    0
    0
    0
    0
    0
    0
    0
    0
    0
    0
    0
    0
    0
    0
    0
    0
    0
    0
    0
    0
    0
    0
    0
    0
    0
    0
    0
    0
    0
    0
    0
    0
    0
    0
    0
    0
    0
    0
    0
    0
    0
    0
    0
    0
    0
    0
    0
    0
    0
    0
    0
    0
    0
    0
    0
    0
    0
    0
    0
    0
    0
    0
    0
    0
    0
    0
    0
    0
    0
    0
    0
    0
    0
    0
    0
    0
    0
    0
    0
    0
    0
    0
    0
    0
    0
    0
    0
    0
    0
    0
    0
    0
    0
    0
    0
    0
    0
    0
    0
    0
    0
    0
    0
    0
    0
    0
    0
    0
    0
    0
    0
    0
    0
    0
    0
    0
    0
    0
    0
    0
    0
    0
    0
    0
    0
    0
    0
    0
    0
    0
    0
    0
    0
    0
    0
    0
    0
    0
    0
    0
    0
    0
    0
    0
    0
    0
    0
    0
    0
    0
    0
    0
    0
    0
    0
    0
    0
    0
    0
    0
    0
    0
    0
    0
    0
    0
    0
    0
    0
    0
    0
    0
    0
    0
    0
    0
    0
    0
    0
    0
    0
    0
    0
    0
    0
    0
    0
    0
    0
    0
    0
    0
    0
    0
    0
    0
    0
    0
    0
    0
    0
    0
    0
    0
    0
    0
    0
    0
    0
    0
    0
    0
    0
    0
    0
    0
    0
    0
    0
    0
    0
    0
    0
    0
    0
    0
    0
    0
    0
    0
    0
    0
    0
    0
    0
    0
    0
    0
    0
    0
    0
    0
    0
    0
    0
    0
    0
    0
    0
    0
    0
    0
    0
    0
    0
    0
    0
    0
    0
    0
    0
    0
    0
    0
    0
    0
    0
    0
    0
    0
    0
    0
    0
    0
    0
    0
    0
    0
    0
    0
    0
    0
    0
    0
    0
    0
    0
    0
    0
    0
    0
    0
    0
    0
    0
    0
    0
    0
    0
    0
    0
    0
    0
    0
    0
    0
    0
    0
    0
    0
    0
    0
    0
    0
    0
    0
    0
    0
    0
    0
    0
    0
    0
    0
    0
    0
    0
    0
    0
    0
    0
    0
    0
    0
    0
    0
    0
    0
    0
    0
    0
    0
    0
    0
    0
    0
    0
    0
    0
    0
    0
    0
    0
    0
    0
    0
    0
    0
    0
    0
    0
    0
    0
    0
    0
    0
    0
    0
    0
    0
    0
    0
    0
    0
    0
    0
    0
    0
    0
    0
    0
    0
    0
    0
    0
    0
    0
    0
    0
    0
    0
    0
    0
    0
    0
    0
    0
    0
    0
    0
    0
    0
    0
    0
    0
    0
    0
    0
    0
    0
    0
    0
    0
    0
    0
    0
    0
    0
    0
    0
    0
    0
    0
    0
    0
    0
    0
    0
    0
    0
    0
    0
    0
    0
    0
    0
    0
    0
    0
    0
    0
    0
    0
    0
    0
    0
    0
    0
    0
    0
    0
    0
    0
    0
    0
    0
    0
    0
    0
    0
    0
    0
    0
    0
    0
    0
    0
    0
    0
    0
    0
    0
    0
    0
    0
    0
    0
    0
    0
    0
    0
    0
    0
    0
    0
    0
    0
    0
    0
    0
    0
    0
    0
    0
    0
    0
    0
    0
    0
    0
    0
    0
    0
    0
    0
    0
    0
    0
    0
    0
    0
    0
    0
    0
    0
    0
    0
    0
    0
    0
    0
    0
    0
    0
    0
    0
    0
    0
    0
    0
    0
    0
    0
    0
    0
    0
    0
    0
    0
    0
    0
    0
    0
    0
    0
    0
    0
    0
    0
    0
    0
    0
    0
    0
    0
    0
    0
    0
    0
    0
    0
    0
    0
    0
    0
    0
    0
    0
    0
    0
    0
    0
    0
    0
    0
    0
    0
    0
    0
    0
    0
    0
    0
    0
    0
    0
    0
    0
    0
    0
    0
    0
    0
    0
    0
    0
    0
    0
    0
    0
    0
    0
    0
    0
    0
    0
    0
    0
    0
    0
    0
    0
    0
    0
    0
    0
    0
    0
    0
    0
    0
    0
    0
    0
    0
    0
    0
    0
    0
    0
    0
    0
    0
    0
    0
    0
    0
    0
    0
    0
    0
    0
    0
    0
    0
    0
    0
    0
    0
    0
    0
    0
    0
    0
    0
    0
    0
    0
    0
    0
    0
    0
    0
    0
    0
    0
    0
    0
    0
    0
    0
    0
    0
    0
    0
    0
    0
    0
    0
    0
    0
    0
    0
    0
    0
    0
    0
    0
    0
    0
    0
    0
    0
    0
    0
    0
    0
    0
    0
    0
    0
    0
    0
    0
    0
    0
    0
    0
    0
    0
    0
    0
    0
    0
    0
    0
    0
    0
    0
    0
    0
    0
    0
    0
    0
    0
    0
    0
    0
    0
    0
    0
    0
    0
    0
    0
    0
    0
    0
    0
    0
    0
    0
    0
    0
    0
    0
    0
    0
    0
    0
    0
    0
    0
    0
    0
    0
    0
    0
    0
    0
    0
    0
    0
    0
    0
    0
    0
    0
    0
    0
    0
    0
    0
    0
    0
    0
    0
    0
    0
    0
    0
    0
    0
    0
    0
    0
    0
    0
    0
    0
    0
    0
    0
    0
    0
    0
    0
    0
    0
    0
    0
    0
    0
    0
    0
    0
    0
    0
    0
    0
    0
    0
    0
    0
    0
    0
    0
    0
    0
    0
    0
    0
    0
    0
    0
    0
    0
    0
    0
    0
    0
    0
    0
    0
    0
    0
    0
    0
    0
    0
    0
    0
    0
    0
    0
    0
    0
    0
    0
    0
    0
    0
    0
    0
    0
    0
    0
    0
    0
    0
    0
    0
    0
    0
    0
    0
    0
    0
    0
    0
    0
    0
    0
    0
    0
    0
    0
    0
    0
    0
    0
    0
    0
    0
    0
    0
    0
    0
    0
    0
    0
    0
    0
    0
    0
    0
    0
    0
    0
    0
    0
    0
    0
    0
    0
    0
    0
    0
    0
    0
    0
    0
    0
    0
    0
    0
    0
    0
    0
    0
    0
    0
    0
    0
    0
    0
    0
    0
    0
    0
    0
    0
    0
    0
    0
    0
    0
    0
    0
    0
    0
    0
    0
    0
    0
    0
    0
    0
    0
    0
    0
    0
    0
    0
    0
    0
    0
    0
    0
    0
    0
    0
    0
    0
    0
    0
    0
    0
    0
    0
    0
    0
    0
    0
    0
    0
    0
    0
    0
    0
    0
    0
    0
    0
    0
    0
    0
    0
    0
    0
    0
    0
    0
    0
    0
    0
    0
    0
    0
    0
    0
    0
    0
    0
    0
    0
    0
    0
    0
    0
    0
    0
    0
    0
    0
    0
    0
    0
    0
    0
    0
    0
    0
    0
    0
    0
    0
    0
    0
    0
    0
    0
    0
    0
    0
    0
    0
    0
    0
    0
    0
    0
    0
    0
    0
    0
    0
    0
    0
    0
    0
    0
    0
    0
    0
    0
    0
    0
    0
    0
    0
    0
    0
    0
    0
    0
    0
    0
    0
    0
    0
    0
    0
    0
    0
    0
    0
    0
    0
    0
    0
    0
    0
    0
    0
    0
    0
    0
    0
    0
    0
    0
    0
    0
    0
    0
    0
    0
    0
    0
    0
    0
    0
    0
    0
    0
    0
    0
    0
    0
    0
    0
    0
    0
    0
    0
    0
    0
    0
    0
    0
    0
    0
    0
    0
    0
    0
    0
    0
    0
    0
    0
    0
    0
    0
    0
    0
    0
    0
    0
    0
    0
    0
    0
    0
    0
    0
    0
    0
    0
    0
    0
    0
    0
    0
    0
    0
    0
    0
    0
    0
    0
    0
    0
    0
    0
    0
    0
    0
    0
    0
    0
    0
    0
    0
    0
    0
    0
    0
    0
    0
    0
    0
    0
    0
    0
    0
    0
    0
    0
    0
    0
    0
    0
    0
    0
    0
    0
    0
    0
    0
    0
    0
    0
    0
    0
    0
    0
    0
    0
    0
    0
    0
    0
    0
    0
    0
    0
    0
    0
    0
    0
    0
    0
    0
    0
    0
    0
    0
    0
    0
    0
    0
    0
    0
    0
    0
    0
    0
    0
    0
    0
    0
    0
    0
    0
    0
    0
    0
    0
    0
    0
    0
    0
    0
    0
    0
    0
    0
    0
    0
    0
    0
    0
    0
    0
    0
    0
    0
    0
    0
    0
    0
    0
    0
    0
    0
    0
    0
    0
    0
    0
    0
    0
    0
    0
    0
    0
    0
    0
    0
    0
    0
    0
    0
    0
    0
    0
    0
    0
    0
    0
    0
    0
    0
    0
    0
    0
    0
    0
    0
    0
    0
    0
    0
    0
    0
    0
    0
    0
    0
    0
    0
    0
    0
    0
    0
    0
    0
    0
    0
    0
    0
    0
    0
    0
    0
    0
    0
    0
    0
    0
    0
    0
    0
    0
    0
    0
    0
    0
    0
    0
    0
    0
    0
    0
    0
    0
    0
    0
    0
    0
    0
    0
    0
    0
    0
    0
    0
    0
    0
    0
    0
    0
    0
    0
    0
    0
    0
    0
    0
    0
    0
    0
    0
    0
    0
    0
    0
    0
    0
    0
    0
    0
    0
    0
    0
    0
    0
    0
    0
    0
    0
    0
    0
    0
    0
    0
    0
    0
    0
    0
    0
    0
    0
    0
    0
    0
    0
    0
    0
    0
    0
    0
    0
    0
    0
    0
    0
    0
    0
    0
    0
    0
    0
    0
    0
    0
    0
    0
    0
    0
    0
    0
    0
    0
    0
    0
    0
    0
    0
    0
    0
    0
    0
    0
    0
    0
    0
    0
    0
    0
    0
    0
    0
    0
    0
    0
    0
    0
    0
    0
    0
    0
    0
    0
    0
    0
    0
    0
    0
    0
    0
    0
    0
    0
    0
    0
    0
    0
    0
    0
    0
    0
    0
    0
    0
    0
    0
    0
    0
    0
    0
    0
    0
    0
    0
    0
    0
    0
    0
    0
    0
    0
    0
    0
    0
    0
    0
    0
    0
    0
    0
    0
    0
    0
    0
    0
    0
    0
    0
    0
    0
    0
    0
    0
    0
    0
    0
    0
    0
    0
    0
    0
    0
    0
    0
    0
    0
    0
    0
    0
    0
    0
    0
    0
    0
    0
    0
    0
    0
    0
    0
    0
    0
    0
    0
    0
    0
    0
    0
    0
    0
    0
    0
    0
    0
    0
    0
    0
    0
    0
    0
    0
    0
    0
    0
    0
    0
    0
    0
    0
    0
    0
    0
    0
    0
    0
    0
    0
    0
    0
    0
    0
    0
    0
    0
    0
    0
    0
    0
    0
    0
    0
    0
    0
    0
    0
    0
    0
    0
    0
    0
    0
    0
    0
    0
    0
    0
    0
    0
    0
    0
    0
    0
    0
    0
    0
    0
    0
    0
    0
    0
    0
    0
    0
    0
    0
    0
    0
    0
    0
    0
    0
    0
    0
    0
    0
    0
    0
    0
    0
    0
    0
    0
    0
    0
    0
    0
    0
    0
    0
    0
    0
    0
    0
    0
    0
    0
    0
    0
    0
    0
    0
    0
    0
    0
    0
    0
    0
    0
    0
    0
    0
    0
    0
    0
    0
    0
    0
    0
    0
    0
    0
    0
    0
    0
    0
    0
    0
    0
    0
    0
    0
    0
    0
    0
    0
    0
    0
    0
    0
    0
    0
    0
    0
    0
    0
    0
    0
    0
    0
    0
    0
    0
    0
    0
    0
    0
    0
    0
    0
    0
    0
    0
    0
    0
    0
    0
    0
    0
    0
    0
    0
    0
    0
    0
    0
    0
    0
    0
    0
    0
    0
    0
    0
    0
    0
    0
    0
    0
    0
    0
    0
    0
    0
    0
    0
    0
    0
    0
    0
    0
    0
    0
    0
    0
    0
    0
    0
    0
    0
    0
    0
    0
    0
    0
    0
    0
    0
    0
    0
    0
    0
    0
    0
    0
    0
    0
    0
    0
    0
    0
    0
    0
    0
    0
    0
    0
    0
    0
    0
    0
    0
    0
    0
    0
    0
    0
    0
    0
    0
    0
    0
    0
    0
    0
    0
    0
    0
    0
    0
    0
    0
    0
    0
    0
    0
    0
    0
    0
    0
    0
    0
    0
    0
    0
    0
    0
    0
    0
    0
    0
    0
    0
    0
    0
    0
    0
    0
    0
    0
    0
    0
    0
    0
    0
    0
    0
    0
    0
    0
    0
    0
    0
    0
    0
    0
    0
    0
    0
    0
    0
    0
    0
    0
    0
    0
    0
    0
    0
    0
    0
    0
    0
    0
    0
    0
    0
    0
    0
    0
    0
    0
    0
    0
    0
    0
    0
    0
    0
    0
    0
    0
    0
    0
    0
    0
    0
    0
    0
    0
    0
    0
    0
    0
    0
    0
    0
    0
    0
    0
    0
    0
    0
    0
    0
    0
    0
    0
    0
    0
    0
    0
    0
    0
    0
    0
    0
    0
    0
    0
    0
    0
    0
    0
    0
    0
    0
    0
    0
    0
    0
    0
    0
    0
    0
    0
    0
    0
    0
    0
    0
    0
    0
    0
    0
    0
    0
    0
    0
    0
    0
    0
    0
    0
    0
    0
    0
    0
    0
    0
    0
    0
    0
    0
    0
    0
    0
    0
    0
    0
    0
    0
    0
    0
    0
    0
    0
    0
    0
    0
    0
    0
    0
    0
    0
    0
    0
    0
    0
    0
    0
    0
    0
    0
    0
    0
    0
    0
    0
    0
    0
    0
    0
    0
    0
    0
    0
    0
    0
    0
    0
    0
    0
    0
    0
    0
    0
    0
    0
    0
    0
    0
    0
    0
    0
    0
    0
    0
    0
    0
    0
    0
    0
    0
    0
    0
    0
    0
    0
    0
    0
    0
    0
    0
    0
    0
    0
    0
    0
    0
    0
    0
    0
    0
    0
    0
    0
    0
    0
    0
    0
    0
    0
    0
    0
    0
    0
    0
    0
    0
    0
    0
    0
    0
    0
    0
    0
    0
    0
    0
    0
    0
    0
    0
    0
    0
    0
    0
    0
    0
    0
    0
    0
    0
    0
    0
    0
    0
    0
    0
    0
    0
    0
    0
    0
    0
    0
    0
    0
    0
    0
    0
    0
    0
    0
    0
    0
    0
    0
    0
    0
    0
    0
    0
    0
    0
    0
    0
    0
    0
    0
    0
    0
    0
    0
    0
    0
    0
    0
    0
    0
    0
    0
    0
    0
    0
    0
    0
    0
    0
    0
    0
    0
    0
    0
    0
    0
    0
    0
    0
    0
    0
    0
    0
    0
    0
    0
    0
    0
    0
    0
    0
    0
    0
    0
    0
    0
    0
    0
    0
    0
    0
    0
    0
    0
    0
    0
    0
    0
    0
    0
    0
    0
    0
    0
    0
    0
    0
    0
    0
    0
    0
    0
    0
    0
    0
    0
    0
    0
    0
    0
    0
    0
    0
    0
    0
    0
    0
    0
    0
    0
    0
    0
    0
    0
    0
    0
    0
    0
    0
    0
    0
    0
    0
    0
    0
    0
    0
    0
    0
    0
    0
    0
    0
    0
    0
    0
    0
    0
    0
    0
    0
    0
    0
    0
    0
    0
    0
    0
    0
    0
    0
    0
    0
    0
    0
    0
    0
    0
    0
    0
    0
    0
    0
    0
    0
    0
    0
    0
    0
    0
    0
    0
    0
    0
    0
    0
    0
    0
    0
    0
    0
    0
    0
    0
    0
    0
    0
    0
    0
    0
    0
    0
    0
    0
    0
    0
    0
    0
    0
    0
    0
    0
    0
    0
    0
    0
    0
    0
    0
    0
    0
    0
    0
    0
    0
    0
    0
    0
    0
    0
    0
    0
    0
    0
    0
    0
    0
    0
    0
    0
    0
    0
    0
    0
    0
    0
    0
    0
    0
    0
    0
    0
    0
    0
    0
    0
    0
    0
    0
    0
    0
    0
    0
    0
    0
    0
    0
    0
    0
    0
    0
    0
    0
    0
    0
    0
    0
    0
    0
    0
    0
    0
    0
    0
    0
    0
    0
    0
    0
    0
    0
    0
    0
    0
    0
    0
    0
    0
    0
    0
    0
    0
    0
    0
    0
    0
    0
    0
    0
    0
    0
    0
    0
    0
    0
    0
    0
    0
    0
    0
    0
    0
    0
    0
    0
    0
    0
    0
    0
    0
    0
    0
    0
    0
    0
    0
    0
    0
    0
    0
    0
    0
    0
    0
    0
    0
    0
    0
    0
    0
    0
    0
    0
    0
    0
    0
    0
    0
    0
    0
    0
    0
    0
    0
    0
    0
    0
    0
    0
    0
    0
    0
    0
    0
    0
    0
    0
    0
    0
    0
    0
    0
    0
    0
    0
    0
    0
    0
    0
    0
    0
    0
    0
    0
    0
    0
    0
    0
    0
    0
    0
    0
    0
    0
    0
    0
    0
    0
    0
    0
    0
    0
    0
    0
    0
    0
    0
    0
    0
    0
    0
    0
    0
    0
    0
    0
    0
    0
    0
    0
    0
    0
    0
    0
    0
    0
    0
    0
    0
    0
    0
    0
    0
    0
    0
    0
    0
    0
    0
    0
    0
    0
    0
    0
    0
    0
    0
    0
    0
    0
    0
    0
    0
    0
    0
    0
    0
    0
    0
    0
    0
    0
    0
    0
    0
    0
    0
    0
    0
    0
    0
    0
    0
    0
    0
    0
    0
    0
    0
    0
    0
    0
    0
    0
    0
    0
    0
    0
    0
    0
    0
    0
    0
    0
    0
    0
    0
    0
    0
    0
    0
    0
    0
    0
    0
    0
    0
    0
    0
    0
    0
    0
    0
    0
    0
    0
    0
    0
    0
    0
    0
    0
    0
    0
    0
    0
    0
    0
    0
    0
    0
    0
    0
    0
    0
    0
    0
    0
    0
    0
    0
    0
    0
    0
    0
    0
    0
    0
    0
    0
    0
    0
    0
    0
    0
    0
    0
    0
    0
    0
    0
    0
    0
    0
    0
    0
    0
    0
    0
    0
    0
    0
    0
    0
    0
    0
    0
    0
    0
    0
    0
    0
    0
    0
    0
    0
    0
    0
    0
    0
    0
    0
    0
    0
    0
    0
    0
    0
    0
    0
    0
    0
    0
    0
    0
    0
    0
    0
    0
    0
    0
    0
    0
    0
    0
    0
    0
    0
    0
    0
    0
    0
    0
    0
    0
    0
    0
    0
    0
    0
    0
    0
    0
    0
    0
    0
    0
    0
    0
    0
    0
    0
    0
    0
    0
    0
    0
    0
    0
    0
    0
    0
    0
    0
    0
    0
    0
    0
    0
    0
    0
    0
    0
    0
    0
    0
    0
    0
    0
    0
    0
    0
    0
    0
    0
    0
    0
    0
    0
    0
    0
    0
    0
    0
    0
    0
    0
    0
    0
    0
    0
    0
    0
    0
    0
    0
    0
    0
    0
    0
    0
    0
    0
    0
    0
    0
    0
    0
    0
    0
    0
    0
    0
    0
    0
    0
    0
    0
    0
    0
    0
    0
    0
    0
    0
    0
    0
    0
    0
    0
    0
    0
    0
    0
    0
    0
    0
    0
    0
    0
    0
    0
    0
    0
    0
    0
    0
    0
    0
    0
    0
    0
    0
    0
    0
    0
    0
    0
    0
    0
    0
    0
    0
    0
    0
    0
    0
    0
    0
    0
    0
    0
    0
    0
    0
    0
    0
    0
    0
    0
    0
    0
    0
    0
    0
    0
    0
    0
    0
    0
    0
    0
    0
    0
    0
    0
    0
    0
    0
    0
    0
    0
    0
    0
    0
    0
    0
    0
    0
    0
    0
    0
    0
    0
    0
    0
    0
    0
    0
    0
    0
    0
    0
    0
    0
    0
    0
    0
    0
    0
    0
    0
    0
    0
    0
    0
    0
    0
    0
    0
    0
    0
    0
    0
    0
    0
    0
    0
    0
    0
    0
    0
    0
    0
    0
    0
    0
    0
    0
    0
    0
    0
    0
    0
    0
    0
    0
    0
    0
    0
    0
    0
    0
    0
    0
    0
    0
