Project Info:
    ACQ Time: 2019- 9-24  11:21:52: 715 .
    Project: ltj左侧足三里右旁开（足三里涂红药水30min）
    Name: 
    Part:  
    Operator:  
    Desc.:  
    Sample Data Acquired.

ACQ Parameters:
    Excited Peroid(ms): 50
    Excited Time(ms): 10
    Acq Delay Time(us): 10
    Gate Time(ms): 20
    Count Num per gate: 100
    Repeat Times: 50
    Acq Gate Times: 1
    Interval per Gate(us): 100
    Channel Number: 2

Data:
    393
    374
    320
    313
    248
    227
    227
    242
    197
    173
    167
    156
    140
    139
    119
    114
    109
    111
    118
    82
    91
    103
    85
    74
    82
    59
    75
    49
    55
    70
    47
    68
    52
    59
    45
    51
    37
    50
    50
    41
    51
    34
    41
    40
    48
    21
    28
    33
    25
    28
    19
    17
    16
    29
    24
    25
    18
    30
    20
    17
    18
    14
    23
    17
    16
    11
    13
    6
    12
    11
    12
    11
    15
    13
    13
    14
    9
    11
    10
    10
    11
    15
    7
    8
    11
    14
    8
    5
    11
    11
    5
    8
    6
    8
    5
    7
    9
    2
    6
    7
    428
    361
    319
    275
    244
    245
    232
    179
    210
    200
    186
    163
    144
    149
    143
    127
    121
    106
    99
    100
    96
    95
    91
    78
    89
    55
    75
    72
    62
    62
    57
    64
    44
    50
    55
    51
    43
    44
    34
    34
    33
    34
    32
    27
    26
    32
    38
    36
    31
    34
    16
    15
    30
    27
    24
    21
    16
    18
    15
    19
    22
    21
    19
    15
    21
    17
    18
    19
    17
    9
    18
    10
    11
    10
    12
    10
    9
    10
    16
    11
    10
    17
    10
    12
    10
    5
    9
    10
    7
    9
    6
    9
    9
    4
    7
    14
    5
    6
    7
    7
    423
    342
    331
    268
    259
    252
    198
    232
    177
    171
    153
    159
    151
    142
    130
    117
    120
    119
    100
    89
    92
    84
    73
    94
    82
    78
    76
    66
    41
    78
    41
    57
    61
    33
    52
    39
    41
    53
    40
    38
    32
    37
    41
    37
    31
    22
    27
    32
    23
    32
    22
    25
    33
    30
    25
    16
    26
    15
    19
    22
    16
    12
    14
    17
    11
    12
    25
    16
    13
    13
    8
    17
    10
    19
    12
    11
    13
    11
    18
    8
    12
    15
    11
    10
    13
    6
    6
    9
    2
    7
    9
    8
    8
    8
    10
    7
    9
    5
    8
    7
    408
    368
    326
    267
    254
    221
    238
    224
    199
    177
    174
    179
    137
    136
    123
    125
    130
    96
    120
    106
    97
    94
    93
    88
    85
    90
    83
    70
    72
    64
    68
    70
    71
    58
    49
    48
    55
    44
    35
    47
    42
    36
    38
    42
    31
    36
    28
    33
    26
    26
    32
    26
    30
    25
    26
    30
    19
    14
    21
    22
    21
    19
    10
    17
    21
    20
    21
    9
    19
    5
    21
    14
    16
    15
    16
    13
    13
    12
    6
    9
    13
    9
    11
    15
    10
    6
    6
    8
    12
    8
    9
    10
    14
    11
    8
    4
    3
    3
    5
    8
    385
    382
    320
    258
    252
    242
    224
    193
    184
    175
    175
    168
    161
    152
    128
    114
    135
    96
    95
    99
    113
    104
    85
    89
    69
    78
    72
    64
    61
    57
    59
    69
    59
    50
    60
    37
    51
    58
    38
    42
    30
    41
    32
    39
    27
    40
    35
    29
    26
    33
    29
    24
    26
    24
    22
    23
    26
    25
    20
    21
    22
    21
    21
    23
    15
    27
    19
    17
    17
    28
    11
    15
    7
    13
    14
    6
    17
    14
    9
    11
    8
    14
    18
    7
    5
    10
    10
    4
    9
    7
    8
    7
    5
    5
    6
    10
    5
    4
    4
    7
    409
    366
    327
    263
    224
    231
    229
    191
    206
    180
    127
    148
    151
    128
    140
    148
    150
    122
    95
    116
    87
    105
    91
    83
    75
    83
    67
    75
    65
    69
    64
    56
    56
    52
    70
    54
    53
    41
    49
    50
    32
    33
    37
    39
    46
    32
    31
    42
    35
    31
    26
    20
    21
    31
    23
    30
    26
    28
    26
    22
    29
    16
    16
    15
    11
    13
    19
    17
    23
    16
    13
    11
    15
    11
    14
    14
    14
    15
    9
    18
    15
    10
    8
    17
    6
    10
    8
    10
    0
    7
    11
    6
    11
    12
    12
    9
    10
    9
    4
    5
    407
    325
    317
    277
    258
    231
    218
    205
    204
    192
    151
    160
    151
    149
    122
    116
    128
    115
    105
    101
    106
    94
    77
    87
    92
    80
    74
    70
    67
    68
    52
    66
    56
    61
    63
    51
    52
    44
    48
    38
    39
    40
    45
    42
    39
    31
    28
    34
    26
    36
    25
    25
    25
    18
    20
    34
    27
    26
    17
    25
    22
    18
    18
    15
    20
    25
    19
    26
    17
    13
    13
    11
    14
    17
    11
    16
    10
    17
    15
    13
    8
    13
    11
    5
    15
    13
    10
    12
    9
    9
    5
    5
    9
    7
    8
    10
    9
    7
    2
    4
    400
    388
    308
    270
    270
    247
    240
    194
    176
    187
    206
    159
    139
    154
    145
    128
    112
    104
    115
    115
    107
    103
    87
    89
    94
    84
    87
    73
    71
    64
    51
    68
    58
    64
    47
    46
    58
    48
    53
    49
    34
    46
    35
    28
    30
    40
    30
    32
    28
    29
    29
    26
    26
    23
    33
    30
    21
    24
    20
    18
    16
    17
    16
    15
    28
    16
    15
    11
    18
    18
    16
    12
    7
    18
    14
    25
    20
    13
    8
    5
    10
    9
    8
    14
    13
    4
    5
    7
    9
    8
    10
    12
    5
    5
    11
    3
    7
    8
    10
    9
    372
    369
    352
    268
    290
    232
    232
    199
    199
    185
    165
    141
    149
    147
    131
    113
    129
    112
    100
    97
    101
    116
    92
    71
    77
    87
    71
    66
    79
    65
    57
    72
    54
    64
    56
    56
    41
    43
    48
    42
    51
    45
    34
    44
    45
    24
    40
    37
    28
    35
    33
    22
    22
    30
    25
    19
    32
    18
    36
    16
    16
    15
    12
    19
    16
    19
    14
    19
    18
    16
    21
    15
    18
    11
    12
    13
    8
    19
    18
    6
    5
    7
    13
    11
    6
    9
    14
    3
    6
    12
    5
    4
    8
    16
    8
    8
    9
    8
    11
    4
    405
    377
    323
    316
    264
    230
    226
    214
    180
    178
    175
    165
    123
    143
    143
    120
    110
    99
    111
    111
    94
    89
    76
    95
    85
    84
    67
    82
    54
    65
    80
    65
    53
    64
    48
    50
    38
    52
    40
    44
    40
    47
    38
    43
    35
    32
    36
    28
    34
    21
    30
    31
    32
    26
    18
    23
    25
    22
    27
    14
    22
    19
    15
    19
    23
    14
    19
    16
    17
    22
    14
    21
    17
    18
    13
    22
    15
    13
    19
    9
    8
    9
    13
    9
    14
    10
    19
    11
    12
    9
    12
    5
    18
    8
    3
    13
    6
    6
    6
    6
    392
    386
    319
    270
    255
    243
    208
    222
    185
    182
    196
    155
    150
    137
    129
    128
    120
    116
    104
    114
    111
    95
    125
    91
    85
    74
    84
    72
    64
    65
    72
    72
    49
    59
    46
    52
    55
    68
    58
    47
    39
    70
    41
    36
    40
    32
    32
    43
    20
    28
    24
    30
    30
    27
    15
    23
    29
    24
    22
    25
    25
    16
    25
    20
    20
    21
    19
    16
    10
    14
    14
    14
    13
    18
    6
    16
    9
    14
    12
    13
    16
    13
    11
    6
    7
    13
    10
    11
    14
    11
    12
    9
    6
    10
    5
    13
    6
    8
    10
    11
    406
    383
    324
    293
    254
    233
    217
    209
    177
    171
    152
    140
    152
    137
    140
    131
    131
    96
    114
    124
    93
    91
    93
    93
    95
    72
    73
    70
    69
    54
    63
    60
    60
    54
    40
    40
    55
    55
    53
    44
    43
    43
    35
    33
    37
    33
    39
    32
    33
    23
    36
    28
    22
    16
    29
    34
    25
    22
    23
    27
    19
    20
    20
    21
    19
    27
    15
    18
    13
    22
    13
    9
    13
    21
    11
    20
    9
    11
    19
    11
    11
    10
    20
    17
    10
    12
    10
    12
    6
    16
    12
    9
    7
    4
    4
    5
    3
    5
    7
    5
    398
    350
    308
    302
    271
    235
    202
    206
    184
    198
    173
    176
    149
    133
    139
    132
    140
    127
    105
    109
    107
    93
    111
    79
    89
    80
    77
    72
    60
    67
    82
    49
    51
    47
    47
    60
    60
    49
    60
    42
    49
    39
    46
    28
    36
    33
    43
    37
    26
    31
    29
    30
    16
    16
    17
    22
    30
    19
    21
    21
    24
    22
    22
    25
    26
    25
    14
    18
    17
    12
    13
    16
    10
    24
    19
    8
    22
    14
    12
    11
    15
    8
    16
    5
    10
    13
    14
    11
    13
    12
    13
    8
    15
    6
    7
    5
    7
    11
    8
    7
    412
    338
    315
    275
    303
    260
    201
    201
    196
    203
    184
    157
    133
    145
    159
    134
    124
    113
    105
    111
    96
    110
    84
    85
    93
    79
    75
    81
    74
    57
    63
    84
    70
    67
    58
    58
    41
    44
    43
    55
    38
    39
    32
    44
    32
    29
    26
    29
    35
    36
    27
    27
    24
    27
    21
    21
    19
    22
    23
    29
    19
    24
    20
    26
    16
    22
    9
    22
    17
    11
    15
    14
    10
    15
    20
    18
    11
    13
    13
    11
    11
    10
    8
    8
    10
    11
    6
    13
    7
    14
    8
    9
    5
    12
    8
    4
    6
    5
    7
    5
    419
    365
    297
    252
    245
    235
    241
    191
    183
    190
    179
    179
    150
    140
    128
    121
    102
    105
    123
    105
    100
    92
    99
    73
    84
    93
    66
    71
    68
    57
    61
    59
    40
    72
    61
    56
    45
    53
    42
    41
    40
    41
    38
    41
    31
    37
    34
    31
    35
    30
    26
    33
    36
    24
    28
    25
    30
    32
    25
    15
    15
    25
    20
    23
    15
    11
    17
    26
    18
    18
    18
    16
    19
    18
    13
    19
    10
    8
    10
    10
    8
    10
    8
    11
    12
    11
    11
    10
    12
    10
    6
    8
    4
    8
    5
    7
    10
    6
    8
    5
    395
    354
    332
    292
    254
    241
    202
    195
    195
    158
    166
    147
    146
    135
    140
    127
    130
    84
    108
    99
    101
    95
    74
    95
    76
    97
    69
    83
    73
    62
    68
    53
    48
    55
    50
    46
    55
    58
    54
    39
    41
    33
    40
    41
    32
    30
    41
    34
    27
    24
    21
    28
    21
    28
    26
    30
    24
    29
    18
    14
    17
    23
    16
    24
    20
    12
    19
    11
    17
    19
    17
    18
    12
    9
    11
    18
    7
    13
    9
    14
    16
    6
    5
    10
    10
    14
    9
    10
    8
    9
    6
    6
    3
    7
    4
    9
    5
    8
    8
    8
    389
    329
    303
    284
    269
    229
    221
    206
    207
    177
    169
    160
    161
    156
    134
    140
    103
    111
    132
    113
    101
    85
    85
    81
    86
    77
    85
    67
    69
    60
    58
    71
    65
    53
    77
    62
    53
    50
    33
    46
    31
    34
    43
    38
    30
    44
    42
    34
    27
    30
    18
    33
    29
    20
    30
    29
    23
    30
    22
    32
    22
    25
    14
    22
    17
    19
    20
    13
    20
    17
    9
    10
    20
    16
    9
    8
    14
    14
    15
    19
    14
    15
    7
    16
    15
    10
    4
    12
    6
    13
    9
    5
    8
    6
    7
    7
    9
    10
    8
    11
    414
    359
    313
    287
    263
    238
    243
    193
    203
    187
    165
    182
    153
    121
    127
    124
    113
    111
    111
    110
    95
    88
    81
    101
    84
    76
    72
    64
    72
    80
    65
    59
    55
    63
    50
    51
    64
    51
    51
    48
    35
    47
    36
    37
    44
    37
    44
    39
    33
    27
    22
    25
    32
    28
    24
    26
    22
    19
    27
    18
    25
    30
    14
    10
    8
    18
    18
    17
    13
    17
    18
    19
    14
    13
    16
    9
    17
    6
    10
    10
    13
    12
    6
    11
    10
    11
    10
    7
    15
    13
    5
    9
    14
    12
    14
    4
    17
    3
    4
    7
    425
    326
    304
    294
    260
    242
    247
    216
    195
    173
    171
    158
    141
    151
    127
    122
    125
    113
    109
    96
    100
    72
    80
    91
    86
    83
    67
    62
    61
    78
    66
    60
    60
    62
    49
    73
    46
    54
    54
    42
    27
    39
    37
    36
    35
    45
    34
    19
    32
    24
    32
    27
    38
    22
    23
    27
    27
    30
    27
    23
    23
    24
    18
    21
    14
    25
    9
    22
    10
    21
    15
    10
    11
    16
    15
    17
    16
    13
    12
    15
    13
    11
    9
    15
    5
    7
    10
    10
    11
    9
    8
    7
    8
    9
    9
    9
    7
    9
    7
    10
    398
    350
    307
    277
    290
    244
    222
    204
    201
    182
    170
    162
    157
    147
    133
    137
    121
    108
    106
    127
    98
    100
    87
    72
    78
    75
    88
    83
    61
    80
    70
    45
    65
    62
    67
    43
    58
    52
    40
    47
    39
    50
    40
    49
    46
    39
    29
    32
    38
    31
    31
    30
    24
    29
    27
    27
    24
    22
    21
    26
    22
    22
    15
    13
    15
    22
    18
    21
    16
    10
    19
    9
    8
    11
    17
    7
    15
    11
    8
    11
    15
    13
    11
    10
    13
    11
    3
    10
    6
    11
    9
    6
    7
    8
    12
    10
    5
    7
    5
    4
    391
    333
    307
    287
    280
    238
    224
    219
    194
    191
    166
    163
    159
    143
    144
    109
    117
    110
    116
    115
    86
    109
    96
    91
    94
    73
    83
    57
    77
    60
    64
    78
    71
    61
    43
    49
    47
    51
    55
    44
    43
    40
    49
    38
    35
    28
    40
    33
    30
    34
    33
    38
    31
    19
    30
    28
    28
    21
    29
    22
    22
    25
    20
    15
    15
    13
    13
    5
    17
    13
    20
    17
    14
    12
    14
    22
    14
    13
    7
    10
    13
    9
    8
    8
    15
    14
    14
    7
    10
    10
    7
    7
    7
    14
    10
    6
    15
    16
    7
    9
    406
    366
    326
    277
    263
    236
    220
    220
    196
    183
    168
    163
    158
    127
    131
    127
    128
    130
    89
    116
    112
    107
    87
    82
    81
    78
    69
    84
    78
    82
    59
    76
    56
    64
    46
    50
    38
    55
    50
    43
    47
    30
    44
    34
    33
    26
    37
    47
    31
    25
    28
    26
    22
    27
    29
    23
    19
    23
    26
    30
    23
    17
    19
    14
    20
    19
    29
    18
    10
    22
    18
    18
    8
    12
    11
    15
    12
    8
    9
    9
    14
    13
    9
    14
    9
    12
    5
    11
    12
    14
    11
    6
    10
    10
    10
    6
    6
    8
    5
    10
    398
    378
    328
    277
    245
    251
    221
    185
    200
    187
    185
    137
    157
    138
    153
    124
    107
    139
    98
    111
    106
    124
    77
    92
    88
    85
    60
    81
    67
    66
    60
    61
    45
    55
    49
    52
    54
    48
    43
    57
    46
    45
    44
    38
    32
    42
    29
    31
    33
    31
    32
    42
    37
    22
    20
    26
    26
    29
    16
    27
    27
    19
    22
    19
    21
    22
    19
    14
    15
    17
    19
    10
    12
    17
    7
    13
    16
    11
    10
    12
    18
    10
    9
    13
    13
    11
    9
    15
    9
    11
    5
    8
    5
    3
    12
    3
    8
    8
    10
    9
    391
    353
    286
    288
    278
    229
    238
    197
    181
    182
    159
    137
    139
    148
    144
    113
    122
    126
    105
    108
    94
    90
    94
    89
    103
    90
    90
    87
    79
    71
    67
    67
    59
    54
    51
    59
    55
    58
    45
    45
    43
    41
    46
    39
    34
    36
    42
    26
    23
    26
    34
    32
    19
    24
    21
    26
    13
    27
    19
    14
    17
    15
    14
    13
    22
    20
    18
    14
    13
    19
    22
    13
    14
    12
    13
    11
    13
    16
    15
    14
    10
    11
    10
    13
    9
    11
    10
    15
    7
    6
    9
    13
    7
    4
    7
    7
    11
    4
    6
    13
    409
    377
    334
    315
    260
    253
    203
    205
    189
    181
    175
    161
    152
    150
    148
    127
    102
    108
    118
    102
    126
    107
    117
    104
    92
    82
    87
    83
    76
    65
    57
    80
    59
    64
    45
    57
    45
    56
    48
    53
    33
    40
    38
    47
    42
    33
    35
    36
    39
    32
    29
    25
    30
    35
    32
    25
    27
    26
    30
    21
    24
    19
    20
    20
    26
    22
    22
    19
    16
    25
    9
    11
    20
    21
    12
    9
    12
    19
    9
    6
    12
    10
    11
    8
    10
    17
    11
    8
    9
    6
    11
    12
    17
    5
    9
    9
    8
    5
    4
    5
    427
    380
    347
    295
    263
    253
    220
    214
    226
    187
    176
    149
    161
    133
    147
    107
    133
    108
    109
    106
    99
    116
    90
    97
    80
    69
    60
    76
    83
    55
    78
    70
    80
    61
    51
    53
    64
    57
    34
    45
    29
    33
    49
    33
    37
    30
    33
    43
    35
    30
    28
    40
    28
    20
    25
    36
    25
    31
    26
    14
    18
    10
    20
    19
    18
    16
    24
    27
    19
    18
    15
    11
    14
    14
    10
    12
    10
    14
    16
    10
    6
    12
    10
    10
    10
    19
    10
    8
    15
    14
    7
    8
    12
    7
    15
    12
    6
    14
    3
    10
    415
    354
    309
    299
    237
    232
    199
    206
    188
    154
    147
    145
    145
    129
    154
    151
    135
    114
    115
    111
    118
    94
    94
    62
    94
    90
    78
    77
    61
    65
    52
    65
    65
    56
    62
    64
    58
    42
    42
    61
    43
    42
    32
    25
    33
    38
    37
    31
    32
    36
    31
    29
    24
    32
    30
    34
    30
    24
    13
    30
    20
    24
    13
    19
    17
    12
    24
    12
    12
    17
    9
    13
    14
    17
    17
    15
    12
    13
    12
    8
    8
    7
    11
    7
    11
    10
    8
    11
    9
    8
    14
    10
    10
    11
    12
    8
    4
    13
    11
    9
    429
    382
    315
    303
    264
    240
    257
    223
    198
    194
    182
    141
    165
    143
    141
    131
    109
    114
    109
    108
    108
    94
    111
    95
    88
    71
    73
    91
    72
    76
    55
    50
    57
    64
    55
    49
    55
    36
    38
    45
    32
    32
    43
    31
    31
    40
    41
    37
    29
    22
    37
    28
    20
    32
    24
    24
    20
    23
    23
    23
    25
    22
    23
    16
    6
    20
    13
    16
    15
    16
    19
    21
    13
    17
    13
    16
    10
    13
    17
    6
    11
    10
    17
    7
    13
    15
    10
    9
    8
    6
    9
    12
    14
    6
    6
    10
    8
    9
    10
    6
    401
    346
    309
    282
    278
    242
    215
    189
    212
    199
    169
    159
    155
    134
    150
    140
    121
    115
    114
    121
    112
    97
    89
    82
    87
    67
    76
    69
    68
    67
    75
    62
    65
    47
    50
    46
    67
    37
    53
    52
    51
    37
    40
    50
    36
    40
    33
    31
    34
    30
    24
    26
    30
    27
    37
    26
    18
    24
    21
    16
    28
    17
    18
    19
    12
    17
    13
    18
    20
    9
    16
    22
    10
    10
    17
    22
    13
    11
    8
    8
    9
    11
    7
    15
    9
    4
    5
    10
    10
    13
    3
    8
    2
    12
    8
    8
    8
    10
    12
    10
    421
    390
    317
    299
    236
    270
    252
    233
    195
    179
    190
    137
    157
    120
    132
    133
    116
    114
    118
    99
    105
    91
    88
    91
    84
    69
    81
    70
    68
    60
    67
    56
    61
    62
    48
    46
    41
    47
    40
    50
    48
    40
    33
    44
    31
    34
    32
    32
    28
    31
    20
    29
    28
    30
    24
    28
    33
    25
    19
    17
    19
    26
    19
    29
    25
    30
    19
    25
    19
    17
    20
    7
    12
    14
    13
    18
    17
    11
    14
    18
    13
    7
    10
    12
    12
    10
    12
    13
    9
    4
    9
    14
    11
    8
    4
    3
    4
    7
    10
    7
    396
    339
    297
    307
    274
    248
    230
    208
    202
    179
    180
    163
    163
    151
    140
    134
    127
    132
    99
    109
    94
    115
    73
    94
    87
    85
    70
    75
    89
    62
    85
    63
    61
    56
    48
    51
    48
    58
    50
    59
    45
    50
    43
    36
    40
    28
    39
    38
    33
    34
    29
    23
    23
    29
    40
    21
    19
    27
    18
    22
    13
    19
    18
    22
    20
    22
    16
    19
    21
    19
    17
    17
    7
    25
    18
    20
    18
    10
    9
    7
    14
    8
    15
    19
    10
    9
    8
    7
    9
    10
    14
    16
    8
    8
    12
    11
    6
    4
    3
    6
    389
    369
    302
    298
    262
    257
    213
    183
    185
    180
    165
    156
    176
    164
    126
    128
    116
    119
    128
    100
    105
    110
    91
    111
    78
    98
    74
    67
    73
    63
    72
    54
    51
    54
    53
    56
    45
    43
    50
    46
    47
    41
    39
    44
    29
    36
    37
    37
    36
    22
    35
    32
    32
    34
    31
    30
    23
    32
    28
    23
    25
    22
    29
    21
    12
    16
    18
    17
    19
    18
    13
    20
    9
    15
    14
    15
    15
    14
    16
    15
    15
    8
    12
    6
    11
    13
    7
    14
    15
    15
    16
    12
    6
    6
    2
    9
    13
    16
    6
    8
    374
    356
    336
    291
    270
    263
    252
    211
    175
    177
    164
    161
    145
    143
    138
    129
    125
    130
    108
    111
    95
    94
    107
    92
    86
    87
    80
    83
    64
    72
    80
    56
    54
    51
    62
    55
    48
    45
    52
    47
    36
    40
    41
    37
    39
    50
    42
    45
    27
    22
    21
    30
    36
    36
    23
    19
    30
    19
    22
    24
    30
    22
    27
    23
    19
    16
    19
    19
    23
    16
    16
    14
    25
    19
    11
    18
    22
    9
    15
    13
    11
    10
    12
    8
    11
    14
    9
    11
    9
    12
    6
    7
    10
    11
    5
    7
    12
    4
    7
    7
    420
    365
    317
    270
    250
    251
    226
    185
    178
    201
    174
    168
    137
    141
    151
    132
    138
    136
    110
    95
    115
    81
    86
    75
    80
    78
    79
    81
    60
    74
    66
    70
    59
    57
    53
    72
    43
    65
    47
    40
    43
    43
    29
    36
    35
    35
    45
    36
    22
    26
    39
    23
    27
    36
    30
    30
    20
    23
    20
    15
    28
    38
    14
    15
    9
    15
    12
    18
    10
    18
    14
    10
    19
    15
    13
    9
    15
    8
    14
    11
    8
    9
    12
    11
    12
    9
    12
    10
    10
    7
    7
    19
    13
    6
    9
    6
    11
    8
    7
    9
    395
    362
    331
    251
    274
    281
    229
    244
    201
    212
    170
    167
    132
    160
    140
    142
    115
    117
    132
    100
    102
    111
    91
    76
    73
    85
    85
    81
    77
    61
    65
    55
    66
    55
    67
    66
    48
    60
    42
    38
    49
    42
    39
    33
    40
    36
    27
    40
    32
    34
    19
    35
    31
    22
    45
    29
    25
    21
    24
    14
    19
    27
    20
    17
    18
    11
    18
    15
    21
    12
    18
    14
    11
    13
    18
    14
    17
    13
    13
    8
    16
    12
    11
    18
    8
    15
    9
    12
    15
    8
    10
    8
    6
    10
    13
    5
    5
    12
    9
    5
    401
    358
    332
    303
    291
    249
    268
    214
    200
    197
    163
    156
    132
    157
    146
    141
    135
    121
    127
    107
    99
    106
    103
    76
    86
    85
    60
    90
    90
    67
    60
    57
    45
    63
    65
    57
    56
    41
    43
    40
    49
    39
    42
    38
    44
    39
    30
    24
    38
    25
    32
    22
    29
    17
    31
    32
    25
    32
    16
    21
    28
    19
    24
    23
    19
    12
    14
    13
    15
    13
    17
    20
    16
    16
    13
    9
    8
    13
    11
    16
    17
    16
    17
    12
    17
    13
    9
    7
    15
    13
    11
    7
    3
    12
    7
    8
    4
    8
    9
    14
    410
    335
    308
    299
    268
    242
    239
    192
    203
    165
    173
    149
    149
    135
    136
    132
    113
    113
    117
    113
    94
    81
    90
    88
    76
    91
    74
    89
    63
    85
    55
    69
    64
    60
    57
    51
    58
    52
    46
    52
    38
    39
    37
    30
    35
    44
    35
    35
    28
    33
    25
    23
    31
    21
    31
    29
    22
    23
    13
    24
    31
    21
    18
    18
    13
    18
    17
    22
    17
    25
    16
    12
    17
    17
    7
    13
    23
    10
    12
    12
    17
    21
    14
    12
    8
    15
    10
    11
    8
    4
    10
    12
    7
    3
    7
    8
    7
    9
    7
    9
    425
    371
    319
    285
    261
    253
    252
    210
    180
    174
    174
    168
    166
    158
    142
    148
    117
    102
    107
    95
    85
    100
    90
    91
    86
    96
    95
    85
    70
    60
    59
    59
    54
    66
    52
    62
    67
    45
    55
    39
    36
    48
    42
    41
    27
    41
    29
    39
    34
    36
    32
    18
    29
    28
    33
    29
    27
    29
    26
    14
    12
    20
    18
    20
    19
    15
    23
    12
    19
    11
    11
    19
    12
    15
    12
    14
    10
    11
    11
    16
    13
    11
    8
    10
    6
    15
    9
    8
    5
    12
    11
    8
    9
    14
    6
    6
    11
    9
    5
    6
    422
    352
    321
    274
    257
    275
    225
    236
    208
    179
    157
    150
    149
    137
    127
    127
    118
    105
    99
    85
    100
    107
    84
    80
    85
    87
    81
    69
    70
    70
    67
    75
    49
    56
    54
    47
    50
    43
    42
    41
    27
    33
    46
    36
    32
    29
    39
    31
    29
    28
    27
    25
    33
    17
    30
    20
    23
    28
    22
    19
    16
    20
    14
    16
    29
    17
    16
    20
    23
    14
    12
    15
    14
    18
    11
    10
    10
    11
    9
    19
    14
    14
    15
    14
    13
    14
    12
    7
    12
    14
    2
    8
    11
    4
    12
    5
    7
    11
    4
    8
    420
    349
    325
    279
    261
    276
    211
    211
    194
    169
    196
    190
    160
    125
    132
    126
    130
    92
    114
    95
    117
    127
    96
    86
    80
    85
    82
    74
    81
    65
    50
    57
    62
    52
    63
    39
    45
    64
    51
    55
    47
    32
    32
    34
    46
    30
    35
    38
    33
    35
    29
    28
    25
    37
    21
    26
    26
    33
    32
    21
    28
    16
    25
    25
    19
    17
    23
    13
    16
    15
    12
    15
    16
    11
    13
    14
    11
    11
    16
    16
    12
    9
    6
    13
    9
    10
    11
    10
    16
    11
    9
    12
    4
    8
    11
    8
    9
    8
    9
    10
    388
    378
    305
    287
    277
    255
    246
    217
    199
    172
    160
    156
    127
    158
    148
    141
    124
    121
    92
    111
    94
    102
    111
    113
    73
    86
    86
    66
    79
    63
    66
    58
    65
    64
    65
    42
    52
    49
    46
    46
    47
    42
    44
    33
    38
    34
    42
    40
    37
    24
    32
    32
    34
    22
    24
    24
    25
    25
    22
    16
    21
    22
    21
    21
    18
    20
    15
    13
    24
    16
    10
    16
    15
    17
    10
    16
    12
    15
    16
    10
    14
    13
    9
    6
    7
    13
    8
    15
    7
    11
    10
    8
    10
    8
    10
    11
    11
    4
    3
    8
    413
    383
    316
    291
    271
    236
    193
    192
    190
    189
    179
    169
    173
    135
    137
    113
    128
    129
    116
    108
    112
    106
    89
    91
    77
    82
    89
    67
    77
    44
    69
    57
    55
    57
    47
    48
    50
    45
    51
    51
    44
    54
    35
    44
    42
    35
    29
    27
    38
    30
    44
    18
    35
    37
    39
    35
    22
    18
    19
    21
    16
    26
    16
    18
    16
    20
    12
    19
    12
    14
    15
    10
    14
    18
    11
    15
    12
    18
    11
    11
    11
    16
    14
    18
    13
    8
    9
    3
    8
    9
    6
    9
    7
    12
    15
    5
    12
    8
    4
    11
    388
    369
    304
    285
    237
    278
    218
    216
    188
    169
    179
    156
    138
    151
    162
    131
    120
    115
    131
    112
    105
    100
    92
    77
    93
    94
    68
    64
    60
    70
    82
    54
    49
    59
    67
    53
    53
    53
    53
    40
    33
    42
    37
    51
    37
    39
    36
    35
    28
    30
    21
    33
    28
    36
    25
    27
    32
    27
    20
    27
    24
    28
    22
    25
    27
    19
    15
    18
    11
    19
    14
    25
    20
    12
    7
    8
    16
    16
    14
    13
    11
    10
    9
    5
    8
    6
    14
    8
    12
    9
    13
    9
    7
    10
    8
    6
    9
    4
    6
    5
    415
    337
    326
    294
    273
    222
    218
    219
    220
    175
    163
    164
    163
    140
    141
    117
    130
    125
    115
    122
    83
    88
    101
    76
    80
    76
    76
    82
    62
    67
    67
    61
    77
    61
    72
    51
    61
    58
    61
    45
    43
    42
    35
    51
    39
    39
    35
    30
    31
    17
    25
    31
    25
    21
    32
    23
    26
    21
    32
    22
    22
    25
    15
    20
    26
    17
    13
    20
    16
    17
    11
    21
    20
    15
    18
    9
    16
    12
    12
    14
    12
    10
    11
    12
    12
    19
    8
    9
    7
    11
    9
    15
    8
    11
    5
    10
    7
    4
    9
    5
    396
    396
    315
    294
    266
    233
    214
    199
    201
    184
    192
    169
    145
    144
    132
    120
    130
    106
    119
    105
    101
    83
    76
    93
    82
    73
    73
    67
    74
    61
    67
    60
    59
    71
    67
    48
    47
    39
    50
    46
    42
    40
    29
    38
    30
    38
    35
    30
    33
    27
    26
    29
    41
    24
    27
    29
    21
    22
    24
    17
    19
    20
    12
    19
    20
    20
    14
    16
    13
    13
    19
    13
    15
    14
    12
    11
    6
    16
    18
    12
    9
    11
    12
    12
    9
    8
    13
    11
    7
    5
    7
    13
    10
    10
    7
    7
    5
    11
    4
    13
    375
    360
    337
    297
    286
    210
    215
    199
    200
    178
    159
    161
    138
    141
    150
    120
    129
    128
    119
    105
    97
    108
    102
    72
    74
    74
    71
    90
    64
    48
    70
    54
    70
    58
    64
    59
    57
    41
    57
    46
    51
    38
    35
    43
    35
    31
    40
    28
    41
    31
    28
    31
    29
    26
    22
    31
    17
    19
    19
    16
    19
    22
    11
    16
    17
    18
    18
    18
    21
    21
    18
    13
    12
    17
    7
    10
    18
    15
    13
    7
    11
    12
    14
    10
    13
    12
    9
    7
    7
    8
    8
    5
    13
    4
    7
    8
    7
    8
    8
    9
    420
    368
    312
    286
    228
    236
    216
    193
    203
    191
    173
    161
    176
    143
    136
    129
    121
    124
    111
    105
    92
    107
    95
    79
    85
    68
    73
    77
    64
    64
    67
    61
    61
    59
    40
    56
    57
    32
    36
    39
    45
    44
    39
    37
    43
    36
    32
    26
    32
    30
    24
    21
    26
    22
    33
    18
    28
    21
    25
    29
    21
    21
    22
    20
    20
    22
    15
    16
    18
    13
    22
    13
    25
    14
    18
    17
    15
    17
    9
    18
    13
    8
    11
    5
    8
    19
    10
    5
    9
    19
    6
    13
    13
    7
    6
    9
    9
    10
    9
    9
    387
    393
    311
    292
    272
    233
    225
    219
    189
    176
    197
    159
    155
    132
    144
    127
    120
    112
    108
    129
    88
    93
    98
    103
    85
    76
    76
    77
    84
    70
    64
    58
    66
    58
    59
    47
    54
    56
    58
    40
    46
    41
    41
    39
    34
    46
    42
    28
    22
    26
    27
    26
    25
    21
    36
    26
    30
    22
    16
    20
    18
    19
    26
    20
    20
    15
    20
    11
    24
    21
    20
    17
    19
    11
    17
    15
    18
    7
    11
    12
    11
    11
    14
    10
    12
    10
    9
    11
    12
    6
    10
    10
    9
    10
    9
    1
    4
    7
    7
    6
    379
    370
    301
    291
    295
    225
    229
    184
    182
    185
    160
    151
    147
    126
    136
    127
    134
    112
    105
    100
    91
    93
    104
    91
    97
    87
    74
    71
    89
    60
    71
    72
    67
    53
    53
    51
    43
    43
    64
    48
    39
    40
    37
    30
    58
    27
    41
    32
    34
    31
    45
    24
    32
    33
    35
    27
    29
    25
    22
    21
    19
    17
    25
    14
    21
    22
    15
    19
    16
    20
    15
    14
    15
    21
    14
    11
    13
    13
    17
    13
    8
    12
    11
    13
    16
    9
    8
    14
    7
    4
    6
    9
    11
    7
    7
    10
    4
    7
    6
    9
    440
    366
    340
    273
    275
    227
    231
    231
    208
    181
    195
    156
    152
    140
    125
    121
    110
    133
    120
    110
    97
    108
    87
    88
    88
    73
    71
    63
    74
    61
    65
    63
    57
    63
    48
    55
    48
    52
    41
    50
    52
    43
    52
    34
    38
    29
    49
    43
    33
    25
    35
    17
    27
    41
    26
    19
    25
    29
    24
    23
    23
    17
    17
    21
    16
    16
    22
    17
    12
    15
    20
    14
    16
    20
    12
    14
    15
    12
    23
    14
    9
    12
    12
    11
    8
    6
    9
    7
    9
    7
    16
    12
    6
    11
    12
    11
    9
    8
    6
    9

Data:
    0
    0
    0
    0
    0
    0
    0
    0
    0
    0
    0
    0
    0
    0
    0
    0
    0
    0
    0
    0
    0
    0
    0
    0
    0
    0
    0
    0
    0
    0
    0
    0
    0
    0
    0
    0
    0
    0
    0
    0
    0
    0
    0
    0
    0
    0
    0
    0
    0
    0
    0
    0
    0
    0
    0
    0
    0
    0
    0
    0
    0
    0
    0
    0
    0
    0
    0
    0
    0
    0
    0
    0
    0
    0
    0
    0
    0
    0
    0
    0
    0
    0
    0
    0
    0
    0
    0
    0
    0
    0
    0
    0
    0
    0
    0
    0
    0
    0
    0
    0
    0
    0
    0
    0
    0
    0
    0
    0
    0
    0
    0
    0
    0
    0
    0
    0
    0
    0
    0
    0
    0
    0
    0
    0
    0
    0
    0
    0
    0
    0
    0
    0
    0
    0
    0
    0
    0
    0
    0
    0
    0
    0
    0
    0
    0
    0
    0
    0
    0
    0
    0
    0
    0
    0
    0
    0
    0
    0
    0
    0
    0
    0
    0
    0
    0
    0
    0
    0
    0
    0
    0
    0
    0
    0
    0
    0
    0
    0
    0
    0
    0
    0
    0
    0
    0
    0
    0
    0
    0
    0
    0
    0
    0
    0
    0
    0
    0
    0
    0
    0
    0
    0
    0
    0
    0
    0
    0
    0
    0
    0
    0
    0
    0
    0
    0
    0
    0
    0
    0
    0
    0
    0
    0
    0
    0
    0
    0
    0
    0
    0
    0
    0
    0
    0
    0
    0
    0
    0
    0
    0
    0
    0
    0
    0
    0
    0
    0
    0
    0
    0
    0
    0
    0
    0
    0
    0
    0
    0
    0
    0
    0
    0
    0
    0
    0
    0
    0
    0
    0
    0
    0
    0
    0
    0
    0
    0
    0
    0
    0
    0
    0
    0
    0
    0
    0
    0
    0
    0
    0
    0
    0
    0
    0
    0
    0
    0
    0
    0
    0
    0
    0
    0
    0
    0
    0
    0
    0
    0
    0
    0
    0
    0
    0
    0
    0
    0
    0
    0
    0
    0
    0
    0
    0
    0
    0
    0
    0
    0
    0
    0
    0
    0
    0
    0
    0
    0
    0
    0
    0
    0
    0
    0
    0
    0
    0
    0
    0
    0
    0
    0
    0
    0
    0
    0
    0
    0
    0
    0
    0
    0
    0
    0
    0
    0
    0
    0
    0
    0
    0
    0
    0
    0
    0
    0
    0
    0
    0
    0
    0
    0
    0
    0
    0
    0
    0
    0
    0
    0
    0
    0
    0
    0
    0
    0
    0
    0
    0
    0
    0
    0
    0
    0
    0
    0
    0
    0
    0
    0
    0
    0
    0
    0
    0
    0
    0
    0
    0
    0
    0
    0
    0
    0
    0
    0
    0
    0
    0
    0
    0
    0
    0
    0
    0
    0
    0
    0
    0
    0
    0
    0
    0
    0
    0
    0
    0
    0
    0
    0
    0
    0
    0
    0
    0
    0
    0
    0
    0
    0
    0
    0
    0
    0
    0
    0
    0
    0
    0
    0
    0
    0
    0
    0
    0
    0
    0
    0
    0
    0
    0
    0
    0
    0
    0
    0
    0
    0
    0
    0
    0
    0
    0
    0
    0
    0
    0
    0
    0
    0
    0
    0
    0
    0
    0
    0
    0
    0
    0
    0
    0
    0
    0
    0
    0
    0
    0
    0
    0
    0
    0
    0
    0
    0
    0
    0
    0
    0
    0
    0
    0
    0
    0
    0
    0
    0
    0
    0
    0
    0
    0
    0
    0
    0
    0
    0
    0
    0
    0
    0
    0
    0
    0
    0
    0
    0
    0
    0
    0
    0
    0
    0
    0
    0
    0
    0
    0
    0
    0
    0
    0
    0
    0
    0
    0
    0
    0
    0
    0
    0
    0
    0
    0
    0
    0
    0
    0
    0
    0
    0
    0
    0
    0
    0
    0
    0
    0
    0
    0
    0
    0
    0
    0
    0
    0
    0
    0
    0
    0
    0
    0
    0
    0
    0
    0
    0
    0
    0
    0
    0
    0
    0
    0
    0
    0
    0
    0
    0
    0
    0
    0
    0
    0
    0
    0
    0
    0
    0
    0
    0
    0
    0
    0
    0
    0
    0
    0
    0
    0
    0
    0
    0
    0
    0
    0
    0
    0
    0
    0
    0
    0
    0
    0
    0
    0
    0
    0
    0
    0
    0
    0
    0
    0
    0
    0
    0
    0
    0
    0
    0
    0
    0
    0
    0
    0
    0
    0
    0
    0
    0
    0
    0
    0
    0
    0
    0
    0
    0
    0
    0
    0
    0
    0
    0
    0
    0
    0
    0
    0
    0
    0
    0
    0
    0
    0
    0
    0
    0
    0
    0
    0
    0
    0
    0
    0
    0
    0
    0
    0
    0
    0
    0
    0
    0
    0
    0
    0
    0
    0
    0
    0
    0
    0
    0
    0
    0
    0
    0
    0
    0
    0
    0
    0
    0
    0
    0
    0
    0
    0
    0
    0
    0
    0
    0
    0
    0
    0
    0
    0
    0
    0
    0
    0
    0
    0
    0
    0
    0
    0
    0
    0
    0
    0
    0
    0
    0
    0
    0
    0
    0
    0
    0
    0
    0
    0
    0
    0
    0
    0
    0
    0
    0
    0
    0
    0
    0
    0
    0
    0
    0
    0
    0
    0
    0
    0
    0
    0
    0
    0
    0
    0
    0
    0
    0
    0
    0
    0
    0
    0
    0
    0
    0
    0
    0
    0
    0
    0
    0
    0
    0
    0
    0
    0
    0
    0
    0
    0
    0
    0
    0
    0
    0
    0
    0
    0
    0
    0
    0
    0
    0
    0
    0
    0
    0
    0
    0
    0
    0
    0
    0
    0
    0
    0
    0
    0
    0
    0
    0
    0
    0
    0
    0
    0
    0
    0
    0
    0
    0
    0
    0
    0
    0
    0
    0
    0
    0
    0
    0
    0
    0
    0
    0
    0
    0
    0
    0
    0
    0
    0
    0
    0
    0
    0
    0
    0
    0
    0
    0
    0
    0
    0
    0
    0
    0
    0
    0
    0
    0
    0
    0
    0
    0
    0
    0
    0
    0
    0
    0
    0
    0
    0
    0
    0
    0
    0
    0
    0
    0
    0
    0
    0
    0
    0
    0
    0
    0
    0
    0
    0
    0
    0
    0
    0
    0
    0
    0
    0
    0
    0
    0
    0
    0
    0
    0
    0
    0
    0
    0
    0
    0
    0
    0
    0
    0
    0
    0
    0
    0
    0
    0
    0
    0
    0
    0
    0
    0
    0
    0
    0
    0
    0
    0
    0
    0
    0
    0
    0
    0
    0
    0
    0
    0
    0
    0
    0
    0
    0
    0
    0
    0
    0
    0
    0
    0
    0
    0
    0
    0
    0
    0
    0
    0
    0
    0
    0
    0
    0
    0
    0
    0
    0
    0
    0
    0
    0
    0
    0
    0
    0
    0
    0
    0
    0
    0
    0
    0
    0
    0
    0
    0
    0
    0
    0
    0
    0
    0
    0
    0
    0
    0
    0
    0
    0
    0
    0
    0
    0
    0
    0
    0
    0
    0
    0
    0
    0
    0
    0
    0
    0
    0
    0
    0
    0
    0
    0
    0
    0
    0
    0
    0
    0
    0
    0
    0
    0
    0
    0
    0
    0
    0
    0
    0
    0
    0
    0
    0
    0
    0
    0
    0
    0
    0
    0
    0
    0
    0
    0
    0
    0
    0
    0
    0
    0
    0
    0
    0
    0
    0
    0
    0
    0
    0
    0
    0
    0
    0
    0
    0
    0
    0
    0
    0
    0
    0
    0
    0
    0
    0
    0
    0
    0
    0
    0
    0
    0
    0
    0
    0
    0
    0
    0
    0
    0
    0
    0
    0
    0
    0
    0
    0
    0
    0
    0
    0
    0
    0
    0
    0
    0
    0
    0
    0
    0
    0
    0
    0
    0
    0
    0
    0
    0
    0
    0
    0
    0
    0
    0
    0
    0
    0
    0
    0
    0
    0
    0
    0
    0
    0
    0
    0
    0
    0
    0
    0
    0
    0
    0
    0
    0
    0
    0
    0
    0
    0
    0
    0
    0
    0
    0
    0
    0
    0
    0
    0
    0
    0
    0
    0
    0
    0
    0
    0
    0
    0
    0
    0
    0
    0
    0
    0
    0
    0
    0
    0
    0
    0
    0
    0
    0
    0
    0
    0
    0
    0
    0
    0
    0
    0
    0
    0
    0
    0
    0
    0
    0
    0
    0
    0
    0
    0
    0
    0
    0
    0
    0
    0
    0
    0
    0
    0
    0
    0
    0
    0
    0
    0
    0
    0
    0
    0
    0
    0
    0
    0
    0
    0
    0
    0
    0
    0
    0
    0
    0
    0
    0
    0
    0
    0
    0
    0
    0
    0
    0
    0
    0
    0
    0
    0
    0
    0
    0
    0
    0
    0
    0
    0
    0
    0
    0
    0
    0
    0
    0
    0
    0
    0
    0
    0
    0
    0
    0
    0
    0
    0
    0
    0
    0
    0
    0
    0
    0
    0
    0
    0
    0
    0
    0
    0
    0
    0
    0
    0
    0
    0
    0
    0
    0
    0
    0
    0
    0
    0
    0
    0
    0
    0
    0
    0
    0
    0
    0
    0
    0
    0
    0
    0
    0
    0
    0
    0
    0
    0
    0
    0
    0
    0
    0
    0
    0
    0
    0
    0
    0
    0
    0
    0
    0
    0
    0
    0
    0
    0
    0
    0
    0
    0
    0
    0
    0
    0
    0
    0
    0
    0
    0
    0
    0
    0
    0
    0
    0
    0
    0
    0
    0
    0
    0
    0
    0
    0
    0
    0
    0
    0
    0
    0
    0
    0
    0
    0
    0
    0
    0
    0
    0
    0
    0
    0
    0
    0
    0
    0
    0
    0
    0
    0
    0
    0
    0
    0
    0
    0
    0
    0
    0
    0
    0
    0
    0
    0
    0
    0
    0
    0
    0
    0
    0
    0
    0
    0
    0
    0
    0
    0
    0
    0
    0
    0
    0
    0
    0
    0
    0
    0
    0
    0
    0
    0
    0
    0
    0
    0
    0
    0
    0
    0
    0
    0
    0
    0
    0
    0
    0
    0
    0
    0
    0
    0
    0
    0
    0
    0
    0
    0
    0
    0
    0
    0
    0
    0
    0
    0
    0
    0
    0
    0
    0
    0
    0
    0
    0
    0
    0
    0
    0
    0
    0
    0
    0
    0
    0
    0
    0
    0
    0
    0
    0
    0
    0
    0
    0
    0
    0
    0
    0
    0
    0
    0
    0
    0
    0
    0
    0
    0
    0
    0
    0
    0
    0
    0
    0
    0
    0
    0
    0
    0
    0
    0
    0
    0
    0
    0
    0
    0
    0
    0
    0
    0
    0
    0
    0
    0
    0
    0
    0
    0
    0
    0
    0
    0
    0
    0
    0
    0
    0
    0
    0
    0
    0
    0
    0
    0
    0
    0
    0
    0
    0
    0
    0
    0
    0
    0
    0
    0
    0
    0
    0
    0
    0
    0
    0
    0
    0
    0
    0
    0
    0
    0
    0
    0
    0
    0
    0
    0
    0
    0
    0
    0
    0
    0
    0
    0
    0
    0
    0
    0
    0
    0
    0
    0
    0
    0
    0
    0
    0
    0
    0
    0
    0
    0
    0
    0
    0
    0
    0
    0
    0
    0
    0
    0
    0
    0
    0
    0
    0
    0
    0
    0
    0
    0
    0
    0
    0
    0
    0
    0
    0
    0
    0
    0
    0
    0
    0
    0
    0
    0
    0
    0
    0
    0
    0
    0
    0
    0
    0
    0
    0
    0
    0
    0
    0
    0
    0
    0
    0
    0
    0
    0
    0
    0
    0
    0
    0
    0
    0
    0
    0
    0
    0
    0
    0
    0
    0
    0
    0
    0
    0
    0
    0
    0
    0
    0
    0
    0
    0
    0
    0
    0
    0
    0
    0
    0
    0
    0
    0
    0
    0
    0
    0
    0
    0
    0
    0
    0
    0
    0
    0
    0
    0
    0
    0
    0
    0
    0
    0
    0
    0
    0
    0
    0
    0
    0
    0
    0
    0
    0
    0
    0
    0
    0
    0
    0
    0
    0
    0
    0
    0
    0
    0
    0
    0
    0
    0
    0
    0
    0
    0
    0
    0
    0
    0
    0
    0
    0
    0
    0
    0
    0
    0
    0
    0
    0
    0
    0
    0
    0
    0
    0
    0
    0
    0
    0
    0
    0
    0
    0
    0
    0
    0
    0
    0
    0
    0
    0
    0
    0
    0
    0
    0
    0
    0
    0
    0
    0
    0
    0
    0
    0
    0
    0
    0
    0
    0
    0
    0
    0
    0
    0
    0
    0
    0
    0
    0
    0
    0
    0
    0
    0
    0
    0
    0
    0
    0
    0
    0
    0
    0
    0
    0
    0
    0
    0
    0
    0
    0
    0
    0
    0
    0
    0
    0
    0
    0
    0
    0
    0
    0
    0
    0
    0
    0
    0
    0
    0
    0
    0
    0
    0
    0
    0
    0
    0
    0
    0
    0
    0
    0
    0
    0
    0
    0
    0
    0
    0
    0
    0
    0
    0
    0
    0
    0
    0
    0
    0
    0
    0
    0
    0
    0
    0
    0
    0
    0
    0
    0
    0
    0
    0
    0
    0
    0
    0
    0
    0
    0
    0
    0
    0
    0
    0
    0
    0
    0
    0
    0
    0
    0
    0
    0
    0
    0
    0
    0
    0
    0
    0
    0
    0
    0
    0
    0
    0
    0
    0
    0
    0
    0
    0
    0
    0
    0
    0
    0
    0
    0
    0
    0
    0
    0
    0
    0
    0
    0
    0
    0
    0
    0
    0
    0
    0
    0
    0
    0
    0
    0
    0
    0
    0
    0
    0
    0
    0
    0
    0
    0
    0
    0
    0
    0
    0
    0
    0
    0
    0
    0
    0
    0
    0
    0
    0
    0
    0
    0
    0
    0
    0
    0
    0
    0
    0
    0
    0
    0
    0
    0
    0
    0
    0
    0
    0
    0
    0
    0
    0
    0
    0
    0
    0
    0
    0
    0
    0
    0
    0
    0
    0
    0
    0
    0
    0
    0
    0
    0
    0
    0
    0
    0
    0
    0
    0
    0
    0
    0
    0
    0
    0
    0
    0
    0
    0
    0
    0
    0
    0
    0
    0
    0
    0
    0
    0
    0
    0
    0
    0
    0
    0
    0
    0
    0
    0
    0
    0
    0
    0
    0
    0
    0
    0
    0
    0
    0
    0
    0
    0
    0
    0
    0
    0
    0
    0
    0
    0
    0
    0
    0
    0
    0
    0
    0
    0
    0
    0
    0
    0
    0
    0
    0
    0
    0
    0
    0
    0
    0
    0
    0
    0
    0
    0
    0
    0
    0
    0
    0
    0
    0
    0
    0
    0
    0
    0
    0
    0
    0
    0
    0
    0
    0
    0
    0
    0
    0
    0
    0
    0
    0
    0
    0
    0
    0
    0
    0
    0
    0
    0
    0
    0
    0
    0
    0
    0
    0
    0
    0
    0
    0
    0
    0
    0
    0
    0
    0
    0
    0
    0
    0
    0
    0
    0
    0
    0
    0
    0
    0
    0
    0
    0
    0
    0
    0
    0
    0
    0
    0
    0
    0
    0
    0
    0
    0
    0
    0
    0
    0
    0
    0
    0
    0
    0
    0
    0
    0
    0
    0
    0
    0
    0
    0
    0
    0
    0
    0
    0
    0
    0
    0
    0
    0
    0
    0
    0
    0
    0
    0
    0
    0
    0
    0
    0
    0
    0
    0
    0
    0
    0
    0
    0
    0
    0
    0
    0
    0
    0
    0
    0
    0
    0
    0
    0
    0
    0
    0
    0
    0
    0
    0
    0
    0
    0
    0
    0
    0
    0
    0
    0
    0
    0
    0
    0
    0
    0
    0
    0
    0
    0
    0
    0
    0
    0
    0
    0
    0
    0
    0
    0
    0
    0
    0
    0
    0
    0
    0
    0
    0
    0
    0
    0
    0
    0
    0
    0
    0
    0
    0
    0
    0
    0
    0
    0
    0
    0
    0
    0
    0
    0
    0
    0
    0
    0
    0
    0
    0
    0
    0
    0
    0
    0
    0
    0
    0
    0
    0
    0
    0
    0
    0
    0
    0
    0
    0
    0
    0
    0
    0
    0
    0
    0
    0
    0
    0
    0
    0
    0
    0
    0
    0
    0
    0
    0
    0
    0
    0
    0
    0
    0
    0
    0
    0
    0
    0
    0
    0
    0
    0
    0
    0
    0
    0
    0
    0
    0
    0
    0
    0
    0
    0
    0
    0
    0
    0
    0
    0
    0
    0
    0
    0
    0
    0
    0
    0
    0
    0
    0
    0
    0
    0
    0
    0
    0
    0
    0
    0
    0
    0
    0
    0
    0
    0
    0
    0
    0
    0
    0
    0
    0
    0
    0
    0
    0
    0
    0
    0
    0
    0
    0
    0
    0
    0
    0
    0
    0
    0
    0
    0
    0
    0
    0
    0
    0
    0
    0
    0
    0
    0
    0
    0
    0
    0
    0
    0
    0
    0
    0
    0
    0
    0
    0
    0
    0
    0
    0
    0
    0
    0
    0
    0
    0
    0
    0
    0
    0
    0
    0
    0
    0
    0
    0
    0
    0
    0
    0
    0
    0
    0
    0
    0
    0
    0
    0
    0
    0
    0
    0
    0
    0
    0
    0
    0
    0
    0
    0
    0
    0
    0
    0
    0
    0
    0
    0
    0
    0
    0
    0
    0
    0
    0
    0
    0
    0
    0
    0
    0
    0
    0
    0
    0
    0
    0
    0
    0
    0
    0
    0
    0
    0
    0
    0
    0
    0
    0
    0
    0
    0
    0
    0
    0
    0
    0
    0
    0
    0
    0
    0
    0
    0
    0
    0
    0
    0
    0
    0
    0
    0
    0
    0
    0
    0
    0
    0
    0
    0
    0
    0
    0
    0
    0
    0
    0
    0
    0
    0
    0
    0
    0
    0
    0
    0
    0
    0
    0
    0
    0
    0
    0
    0
    0
    0
    0
    0
    0
    0
    0
    0
    0
    0
    0
    0
    0
    0
    0
    0
    0
    0
    0
    0
    0
    0
    0
    0
    0
    0
    0
    0
    0
    0
    0
    0
    0
    0
    0
    0
    0
    0
    0
    0
    0
    0
    0
    0
    0
    0
    0
    0
    0
    0
    0
    0
    0
    0
    0
    0
    0
    0
    0
    0
    0
    0
    0
    0
    0
    0
    0
    0
    0
    0
    0
    0
    0
    0
    0
    0
    0
    0
    0
    0
    0
    0
    0
    0
    0
    0
    0
    0
    0
    0
    0
    0
    0
    0
    0
    0
    0
    0
    0
    0
    0
    0
    0
    0
    0
    0
    0
    0
    0
    0
    0
    0
    0
    0
    0
    0
    0
    0
    0
    0
    0
    0
    0
    0
    0
    0
    0
    0
    0
    0
    0
    0
    0
    0
    0
    0
    0
    0
    0
    0
    0
    0
    0
    0
    0
    0
    0
    0
    0
    0
    0
    0
    0
    0
    0
    0
    0
    0
    0
    0
    0
    0
    0
    0
    0
    0
    0
    0
    0
    0
    0
    0
    0
    0
    0
    0
    0
    0
    0
    0
    0
    0
    0
    0
    0
    0
    0
    0
    0
    0
    0
    0
    0
    0
    0
    0
    0
    0
    0
    0
    0
    0
    0
    0
    0
    0
    0
    0
    0
    0
    0
    0
    0
    0
    0
    0
    0
    0
    0
    0
    0
    0
    0
    0
    0
    0
    0
    0
    0
    0
    0
    0
    0
    0
    0
    0
    0
    0
    0
    0
    0
    0
    0
    0
    0
    0
    0
    0
    0
    0
    0
    0
    0
    0
    0
    0
    0
    0
    0
    0
    0
    0
    0
    0
    0
    0
    0
    0
    0
    0
    0
    0
    0
    0
    0
    0
    0
    0
    0
    0
    0
    0
    0
    0
    0
    0
    0
    0
    0
    0
    0
    0
    0
    0
    0
    0
    0
    0
    0
    0
    0
    0
    0
    0
    0
    0
    0
    0
    0
    0
    0
    0
    0
    0
    0
    0
    0
    0
    0
    0
    0
    0
    0
    0
    0
    0
    0
    0
    0
    0
    0
    0
    0
    0
    0
    0
    0
    0
    0
    0
    0
    0
    0
    0
    0
    0
    0
    0
    0
    0
    0
    0
    0
    0
    0
    0
    0
    0
    0
    0
    0
    0
    0
    0
    0
    0
    0
    0
    0
    0
    0
    0
    0
    0
    0
    0
    0
    0
    0
    0
    0
    0
    0
    0
    0
    0
    0
    0
    0
    0
    0
    0
    0
    0
    0
    0
    0
    0
    0
    0
    0
    0
    0
    0
    0
    0
    0
    0
    0
    0
    0
    0
    0
    0
    0
    0
    0
    0
    0
    0
    0
    0
    0
    0
    0
    0
    0
    0
    0
    0
    0
    0
    0
    0
    0
    0
    0
    0
    0
    0
    0
    0
    0
    0
    0
    0
    0
    0
    0
    0
    0
    0
    0
    0
    0
    0
    0
    0
    0
    0
    0
    0
    0
    0
    0
    0
    0
    0
    0
    0
    0
    0
    0
    0
    0
    0
    0
    0
    0
    0
    0
    0
    0
    0
    0
    0
    0
    0
    0
    0
    0
    0
    0
    0
    0
    0
    0
    0
    0
    0
    0
    0
    0
    0
    0
    0
    0
    0
    0
    0
    0
    0
    0
    0
    0
    0
    0
    0
    0
    0
    0
    0
    0
    0
    0
    0
    0
    0
    0
    0
    0
    0
    0
    0
    0
    0
    0
    0
    0
    0
    0
    0
    0
    0
    0
    0
    0
    0
    0
    0
    0
    0
    0
    0
    0
    0
    0
    0
    0
    0
    0
    0
    0
    0
    0
    0
    0
    0
    0
    0
    0
    0
    0
    0
    0
    0
    0
    0
    0
    0
    0
    0
    0
    0
    0
    0
    0
    0
    0
    0
    0
    0
    0
    0
    0
    0
    0
    0
    0
    0
    0
    0
    0
    0
    0
    0
    0
    0
    0
    0
    0
    0
    0
    0
    0
    0
    0
    0
    0
    0
    0
    0
    0
    0
    0
    0
    0
    0
    0
    0
    0
    0
    0
    0
    0
    0
    0
    0
    0
    0
    0
    0
    0
    0
    0
    0
    0
    0
    0
    0
    0
    0
    0
    0
    0
    0
    0
    0
    0
    0
    0
    0
    0
    0
    0
    0
    0
    0
    0
    0
    0
    0
    0
    0
    0
    0
    0
    0
    0
    0
    0
    0
    0
    0
    0
    0
    0
    0
    0
    0
    0
    0
    0
    0
    0
    0
    0
    0
    0
    0
    0
    0
    0
    0
    0
    0
    0
    0
    0
    0
    0
    0
    0
    0
    0
    0
    0
    0
    0
    0
    0
    0
    0
    0
    0
    0
    0
    0
    0
    0
    0
    0
    0
    0
    0
    0
    0
    0
    0
    0
    0
    0
    0
    0
    0
    0
    0
    0
    0
    0
    0
    0
    0
    0
    0
    0
    0
    0
    0
    0
    0
    0
    0
    0
    0
    0
    0
    0
    0
    0
    0
    0
    0
    0
    0
    0
    0
    0
    0
    0
    0
    0
    0
    0
    0
    0
    0
    0
    0
    0
    0
    0
    0
    0
    0
    0
    0
    0
    0
    0
    0
    0
    0
    0
    0
    0
    0
    0
    0
    0
    0
    0
    0
    0
    0
    0
    0
    0
    0
    0
    0
    0
    0
    0
    0
    0
    0
    0
    0
    0
    0
    0
    0
    0
    0
    0
    0
    0
    0
    0
    0
    0
    0
    0
    0
    0
    0
    0
    0
    0
    0
    0
    0
    0
    0
    0
    0
    0
    0
    0
    0
    0
    0
    0
    0
    0
    0
    0
    0
    0
    0
    0
    0
    0
    0
    0
    0
    0
    0
    0
    0
    0
    0
    0
    0
    0
    0
    0
    0
    0
    0
    0
    0
    0
    0
    0
    0
    0
    0
    0
    0
    0
    0
    0
    0
    0
    0
    0
    0
    0
    0
    0
    0
    0
    0
    0
    0
    0
    0
    0
    0
    0
    0
    0
    0
    0
    0
    0
    0
    0
    0
    0
    0
    0
    0
    0
    0
    0
    0
    0
    0
    0
    0
    0
    0
    0
    0
    0
    0
    0
    0
    0
    0
    0
    0
    0
    0
    0
    0
    0
    0
    0
    0
    0
    0
    0
    0
    0
    0
    0
    0
    0
    0
    0
    0
    0
    0
    0
    0
    0
    0
    0
    0
    0
    0
    0
    0
    0
    0
    0
    0
    0
    0
    0
    0
    0
    0
    0
    0
    0
    0
    0
    0
    0
    0
    0
    0
    0
    0
    0
    0
    0
    0
    0
    0
    0
    0
    0
    0
    0
    0
    0
    0
    0
    0
    0
    0
    0
    0
    0
    0
    0
    0
    0
    0
    0
    0
    0
    0
    0
    0
    0
    0
    0
    0
    0
    0
    0
    0
    0
    0
    0
    0
    0
    0
    0
    0
    0
    0
    0
    0
    0
    0
    0
    0
    0
    0
    0
    0
    0
    0
    0
    0
    0
    0
    0
    0
    0
    0
    0
    0
    0
    0
    0
    0
    0
    0
    0
    0
    0
    0
    0
    0
    0
    0
    0
    0
    0
    0
    0
    0
    0
    0
    0
    0
    0
    0
    0
    0
    0
    0
    0
    0
    0
    0
    0
    0
    0
    0
    0
    0
    0
    0
    0
    0
    0
    0
    0
    0
    0
    0
    0
    0
    0
    0
    0
    0
    0
    0
    0
    0
    0
    0
    0
    0
    0
    0
    0
    0
    0
    0
    0
    0
    0
    0
    0
    0
    0
    0
    0
    0
    0
    0
    0
    0
    0
    0
    0
    0
    0
    0
    0
    0
    0
    0
    0
    0
    0
    0
    0
    0
    0
    0
    0
    0
    0
    0
    0
    0
    0
    0
    0
    0
    0
    0
    0
    0
    0
    0
    0
    0
    0
    0
    0
    0
    0
    0
    0
    0
    0
    0
    0
    0
    0
    0
    0
    0
    0
    0
    0
    0
    0
    0
    0
    0
    0
    0
    0
    0
    0
    0
    0
    0
    0
    0
    0
    0
    0
    0
    0
    0
    0
    0
    0
    0
    0
    0
    0
    0
    0
    0
    0
    0
    0
    0
    0
    0
    0
    0
    0
    0
    0
    0
    0
    0
    0
    0
    0
    0
    0
    0
    0
    0
    0
    0
    0
    0
    0
    0
    0
    0
    0
    0
    0
    0
    0
    0
    0
    0
    0
    0
    0
    0
    0
    0
    0
    0
    0
    0
    0
    0
    0
    0
    0
    0
    0
    0
    0
    0
    0
    0
    0
    0
    0
    0
    0
    0
    0
    0
    0
    0
    0
    0
    0
    0
    0
    0
    0
    0
    0
    0
    0
    0
    0
    0
    0
    0
    0
    0
    0
    0
    0
    0
    0
    0
    0
    0
    0
    0
    0
    0
    0
    0
    0
    0
    0
    0
    0
    0
    0
    0
    0
    0
    0
    0
    0
    0
    0
    0
    0
    0
    0
    0
    0
    0
    0
    0
    0
    0
    0
    0
    0
    0
    0
    0
    0
    0
    0
    0
    0
    0
    0
    0
    0
    0
    0
    0
    0
    0
    0
    0
    0
    0
    0
    0
    0
    0
    0
    0
    0
    0
    0
    0
    0
    0
    0
    0
    0
    0
    0
    0
    0
    0
    0
    0
    0
    0
    0
    0
    0
    0
    0
    0
    0
    0
    0
    0
    0
    0
    0
    0
    0
    0
    0
    0
    0
    0
    0
    0
    0
    0
    0
    0
    0
    0
    0
    0
    0
    0
    0
    0
    0
    0
    0
    0
    0
    0
    0
    0
    0
    0
    0
    0
    0
    0
    0
    0
    0
    0
    0
    0
    0
    0
    0
    0
    0
    0
    0
    0
    0
    0
    0
    0
    0
    0
    0
    0
    0
    0
    0
    0
    0
    0
    0
    0
    0
    0
    0
    0
    0
    0
    0
    0
    0
    0
    0
    0
    0
    0
    0
    0
    0
    0
    0
    0
    0
    0
    0
    0
    0
    0
    0
    0
    0
    0
    0
    0
    0
    0
    0
    0
    0
    0
    0
    0
    0
    0
    0
    0
    0
    0
    0
    0
    0
    0
    0
    0
    0
    0
    0
    0
    0
    0
    0
    0
    0
    0
    0
    0
    0
    0
    0
    0
    0
    0
    0
    0
    0
    0
    0
    0
    0
    0
    0
    0
    0
    0
    0
    0
    0
    0
    0
    0
    0
    0
    0
    0
    0
    0
    0
    0
    0
    0
    0
    0
    0
    0
    0
    0
    0
    0
    0
    0
    0
    0
    0
    0
    0
    0
    0
    0
    0
    0
    0
    0
    0
    0
    0
    0
    0
    0
    0
    0
    0
    0
    0
    0
    0
    0
    0
    0
    0
    0
    0
    0
    0
    0
    0
    0
    0
    0
    0
    0
    0
    0
    0
    0
    0
    0
    0
    0
    0
    0
    0
    0
    0
    0
    0
    0
    0
    0
    0
    0
    0
    0
    0
    0
    0
    0
    0
    0
    0
    0
    0
    0
    0
    0
    0
    0
    0
    0
    0
    0
    0
    0
    0
    0
    0
    0
    0
    0
    0
    0
    0
    0
    0
    0
    0
    0
    0
    0
    0
    0
    0
    0
    0
    0
    0
    0
    0
    0
    0
    0
    0
    0
    0
    0
    0
    0
    0
    0
    0
    0
    0
    0
    0
    0
    0
    0
    0
    0
    0
    0
    0
    0
    0
    0
    0
    0
    0
    0
    0
    0
    0
    0
    0
    0
    0
    0
    0
    0
    0
    0
    0
    0
    0
    0
    0
    0
    0
    0
    0
    0
    0
    0
    0
    0
    0
    0
    0
    0
    0
    0
    0
    0
    0
    0
    0
    0
    0
    0
    0
    0
    0
    0
    0
    0
    0
    0
    0
    0
    0
    0
    0
    0
    0
    0
    0
    0
    0
    0
    0
    0
    0
    0
    0
    0
    0
    0
    0
    0
    0
    0
    0
    0
    0
    0
    0
    0
    0
    0
    0
    0
    0
    0
    0
    0
    0
    0
    0
    0
    0
    0
    0
    0
    0
    0
    0
    0
    0
    0
    0
    0
    0
    0
    0
    0
    0
    0
    0
    0
    0
    0
    0
    0
    0
    0
    0
    0
    0
    0
    0
    0
    0
    0
    0
    0
    0
    0
    0
    0
    0
    0
    0
    0
    0
    0
    0
    0
    0
    0
    0
    0
    0
    0
    0
    0
    0
    0
    0
    0
    0
    0
    0
    0
    0
    0
    0
    0
    0
    0
    0
    0
    0
    0
    0
    0
    0
    0
    0
    0
    0
    0
    0
    0
    0
    0
    0
    0
    0
    0
    0
    0
    0
    0
    0
    0
    0
    0
    0
    0
    0
    0
    0
    0
    0
    0
    0
    0
    0
    0
    0
    0
    0
    0
    0
    0
    0
    0
    0
    0
    0
    0
    0
    0
    0
    0
    0
    0
    0
    0
    0
    0
    0
    0
    0
    0
    0
    0
    0
    0
    0
    0
    0
    0
    0
    0
    0
    0
    0
    0
    0
    0
    0
    0
    0
    0
    0
    0
    0
    0
    0
    0
    0
    0
    0
    0
    0
    0
    0
    0
    0
    0
    0
    0
    0
    0
    0
    0
    0
    0
    0
    0
    0
    0
    0
    0
    0
    0
    0
    0
    0
    0
    0
    0
    0
    0
    0
    0
    0
    0
    0
    0
    0
    0
    0
    0
    0
    0
    0
    0
    0
    0
    0
    0
    0
    0
    0
    0
    0
    0
    0
    0
    0
    0
    0
    0
    0
    0
    0
    0
    0
    0
    0
    0
    0
    0
    0
    0
    0
    0
    0
    0
    0
    0
    0
    0
    0
    0
    0
    0
    0
    0
    0
    0
    0
    0
    0
    0
    0
    0
    0
    0
    0
    0
    0
    0
    0
    0
    0
    0
    0
    0
    0
    0
    0
    0
    0
    0
    0
    0
    0
    0
    0
    0
    0
    0
    0
    0
    0
    0
    0
    0
    0
    0
    0
    0
    0
    0
    0
    0
    0
    0
    0
    0
    0
    0
    0
    0
    0
    0
    0
    0
    0
    0
    0
    0
    0
    0
    0
    0
    0
    0
    0
    0
    0
    0
    0
    0
    0
    0
    0
    0
    0
    0
    0
    0
    0
    0
    0
    0
    0
    0
    0
    0
    0
    0
    0
    0
    0
    0
    0
    0
    0
    0
    0
    0
    0
    0
    0
    0
    0
    0
    0
    0
    0
    0
    0
    0
    0
    0
    0
    0
    0
    0
    0
    0
    0
    0
    0
    0
    0
    0
    0
    0
    0
    0
    0
    0
    0
    0
    0
    0
    0
    0
    0
    0
    0
    0
    0
    0
    0
    0
    0
    0
    0
    0
    0
    0
    0
    0
    0
    0
    0
    0
    0
    0
    0
    0
    0
    0
    0
    0
    0
    0
    0
    0
    0
    0
    0
    0
    0
    0
    0
    0
    0
    0
    0
