Project Info:
    ACQ Time: 2019- 9-24  11:20:52: 775 .
    Project: ltj左侧足三里（足三里涂红药水30min）
    Name: 
    Part:  
    Operator:  
    Desc.:  
    Sample Data Acquired.

ACQ Parameters:
    Excited Peroid(ms): 50
    Excited Time(ms): 10
    Acq Delay Time(us): 10
    Gate Time(ms): 20
    Count Num per gate: 100
    Repeat Times: 50
    Acq Gate Times: 1
    Interval per Gate(us): 100
    Channel Number: 2

Data:
    358
    319
    267
    191
    177
    199
    160
    153
    129
    150
    120
    111
    109
    114
    99
    105
    92
    66
    89
    66
    64
    64
    53
    61
    62
    51
    49
    45
    44
    40
    47
    50
    42
    43
    34
    32
    37
    35
    26
    17
    36
    36
    26
    13
    18
    31
    28
    27
    21
    17
    13
    15
    17
    14
    15
    15
    17
    11
    11
    16
    15
    19
    14
    9
    15
    8
    7
    12
    8
    12
    10
    7
    7
    19
    6
    7
    7
    4
    4
    8
    8
    2
    8
    3
    6
    8
    9
    3
    2
    7
    4
    2
    4
    4
    5
    9
    7
    6
    8
    5
    348
    329
    259
    237
    182
    175
    174
    148
    139
    152
    147
    119
    136
    93
    114
    89
    84
    93
    72
    92
    69
    49
    80
    63
    72
    53
    50
    54
    56
    40
    48
    49
    50
    31
    44
    37
    39
    36
    28
    35
    38
    37
    22
    28
    24
    33
    21
    23
    26
    16
    24
    23
    17
    16
    19
    13
    18
    19
    9
    7
    15
    11
    14
    12
    9
    14
    10
    18
    15
    17
    10
    11
    11
    10
    16
    10
    10
    6
    6
    8
    12
    7
    7
    6
    3
    6
    8
    2
    11
    6
    8
    7
    3
    5
    4
    10
    11
    3
    7
    3
    342
    311
    253
    242
    201
    182
    166
    162
    137
    121
    143
    103
    109
    127
    118
    96
    88
    97
    77
    74
    73
    68
    61
    64
    71
    42
    49
    53
    58
    37
    42
    36
    31
    37
    33
    28
    30
    29
    35
    38
    29
    31
    23
    28
    29
    24
    26
    22
    36
    17
    21
    20
    21
    24
    20
    14
    20
    9
    15
    23
    13
    16
    6
    10
    8
    16
    15
    12
    5
    17
    12
    16
    12
    8
    10
    11
    11
    10
    6
    4
    5
    3
    9
    8
    6
    6
    3
    4
    7
    6
    4
    11
    8
    6
    3
    4
    3
    3
    3
    7
    381
    321
    239
    221
    209
    180
    170
    162
    139
    128
    134
    131
    109
    118
    100
    83
    99
    92
    96
    86
    94
    65
    59
    62
    63
    56
    59
    51
    43
    49
    43
    44
    40
    46
    33
    37
    30
    41
    38
    38
    39
    30
    26
    28
    28
    23
    27
    17
    14
    38
    14
    13
    24
    21
    25
    27
    24
    20
    11
    20
    18
    12
    12
    16
    10
    12
    9
    11
    10
    11
    7
    8
    6
    10
    9
    13
    4
    12
    8
    13
    9
    7
    7
    10
    13
    5
    6
    6
    7
    6
    8
    5
    4
    7
    4
    5
    6
    5
    4
    3
    362
    316
    270
    240
    204
    192
    148
    152
    164
    141
    126
    113
    110
    98
    103
    104
    91
    81
    87
    75
    68
    67
    70
    78
    57
    59
    51
    60
    55
    56
    41
    31
    46
    45
    35
    39
    33
    41
    35
    45
    26
    27
    22
    33
    31
    24
    25
    23
    22
    19
    25
    25
    22
    28
    17
    19
    13
    18
    23
    25
    14
    11
    13
    16
    9
    16
    11
    17
    3
    10
    9
    12
    7
    7
    10
    8
    5
    16
    12
    13
    8
    11
    9
    10
    7
    3
    6
    8
    7
    5
    7
    7
    4
    7
    6
    9
    7
    6
    7
    1
    347
    298
    275
    222
    196
    190
    161
    178
    159
    124
    139
    126
    120
    104
    112
    94
    106
    88
    96
    71
    83
    77
    65
    65
    62
    64
    50
    58
    45
    43
    51
    44
    36
    51
    45
    41
    42
    22
    36
    43
    23
    24
    30
    31
    23
    18
    19
    24
    23
    13
    18
    16
    19
    22
    31
    17
    16
    17
    10
    18
    16
    12
    20
    16
    14
    14
    13
    9
    8
    13
    4
    13
    5
    18
    9
    10
    7
    9
    6
    8
    5
    6
    7
    6
    10
    8
    7
    7
    11
    7
    4
    3
    10
    4
    5
    1
    11
    6
    3
    8
    347
    304
    265
    233
    204
    180
    148
    142
    145
    134
    107
    137
    117
    84
    100
    116
    105
    86
    74
    81
    68
    63
    79
    69
    65
    51
    48
    47
    58
    49
    47
    26
    48
    38
    44
    41
    40
    33
    27
    32
    30
    22
    34
    33
    23
    25
    26
    31
    22
    18
    19
    19
    17
    31
    14
    13
    19
    16
    14
    26
    8
    13
    8
    9
    13
    13
    9
    9
    14
    11
    10
    9
    8
    9
    12
    3
    11
    10
    12
    4
    6
    4
    8
    7
    6
    8
    7
    9
    6
    3
    4
    9
    10
    9
    5
    7
    9
    6
    5
    10
    354
    302
    266
    236
    242
    189
    169
    191
    150
    114
    142
    136
    110
    112
    104
    89
    88
    70
    81
    81
    79
    64
    73
    66
    54
    69
    50
    47
    44
    42
    38
    46
    45
    45
    37
    29
    32
    40
    39
    29
    28
    32
    37
    23
    19
    30
    16
    22
    25
    24
    20
    18
    13
    23
    11
    20
    21
    9
    18
    13
    18
    18
    13
    19
    17
    10
    14
    13
    17
    14
    12
    11
    4
    11
    12
    10
    7
    12
    7
    14
    5
    8
    9
    12
    5
    8
    14
    5
    6
    3
    10
    8
    6
    5
    5
    3
    5
    5
    3
    6
    352
    280
    272
    241
    209
    207
    178
    167
    166
    150
    110
    138
    96
    111
    95
    113
    80
    91
    81
    83
    77
    66
    75
    55
    62
    50
    56
    54
    53
    47
    42
    46
    32
    46
    34
    45
    34
    32
    33
    49
    30
    34
    31
    25
    29
    22
    25
    18
    24
    29
    27
    24
    11
    21
    19
    14
    19
    13
    14
    13
    13
    21
    11
    14
    12
    15
    15
    17
    13
    13
    10
    10
    8
    8
    7
    8
    12
    5
    9
    6
    12
    14
    7
    3
    7
    7
    5
    6
    6
    5
    2
    7
    5
    10
    6
    8
    9
    6
    3
    9
    350
    316
    238
    232
    202
    193
    170
    184
    154
    145
    137
    123
    110
    115
    95
    112
    77
    79
    72
    80
    69
    50
    59
    61
    69
    50
    62
    39
    83
    51
    50
    45
    42
    47
    32
    47
    28
    37
    25
    32
    30
    21
    19
    23
    29
    21
    28
    18
    19
    18
    14
    13
    26
    13
    16
    9
    16
    15
    12
    22
    20
    16
    11
    18
    15
    15
    12
    6
    17
    14
    12
    14
    12
    12
    15
    5
    9
    8
    7
    9
    6
    5
    6
    6
    8
    17
    3
    6
    8
    9
    6
    6
    4
    9
    6
    10
    6
    4
    7
    2
    355
    275
    254
    232
    246
    211
    168
    175
    135
    136
    130
    124
    121
    105
    82
    70
    87
    81
    72
    68
    72
    90
    69
    58
    74
    62
    55
    49
    48
    54
    44
    42
    47
    39
    49
    33
    33
    22
    19
    39
    34
    34
    37
    21
    32
    29
    22
    24
    18
    26
    16
    21
    20
    21
    16
    18
    21
    17
    16
    18
    18
    11
    17
    17
    16
    17
    14
    6
    12
    12
    12
    14
    12
    4
    11
    11
    8
    6
    9
    6
    11
    5
    5
    6
    9
    7
    3
    9
    7
    4
    10
    7
    9
    8
    5
    4
    10
    6
    6
    2
    367
    323
    275
    207
    202
    186
    163
    141
    169
    137
    141
    122
    105
    120
    110
    101
    91
    96
    74
    93
    91
    92
    72
    73
    50
    59
    70
    57
    49
    54
    57
    45
    35
    48
    35
    43
    43
    32
    43
    41
    24
    23
    25
    34
    34
    26
    25
    31
    21
    23
    19
    18
    24
    23
    17
    18
    13
    17
    9
    11
    23
    11
    9
    10
    12
    9
    16
    9
    12
    7
    21
    14
    13
    8
    19
    6
    14
    13
    11
    12
    9
    6
    8
    4
    6
    7
    9
    4
    8
    6
    4
    5
    7
    5
    6
    9
    6
    7
    2
    4
    372
    310
    258
    221
    213
    207
    165
    183
    131
    145
    119
    131
    116
    112
    78
    95
    84
    84
    71
    94
    74
    89
    65
    59
    62
    46
    54
    54
    59
    63
    45
    37
    50
    46
    44
    36
    39
    25
    37
    33
    32
    36
    25
    35
    24
    33
    14
    21
    19
    21
    26
    17
    17
    19
    15
    17
    19
    13
    14
    15
    21
    14
    17
    13
    15
    13
    20
    21
    8
    8
    12
    11
    11
    12
    17
    12
    7
    7
    5
    10
    10
    7
    11
    10
    11
    11
    10
    5
    7
    9
    1
    5
    7
    6
    6
    3
    5
    7
    7
    2
    351
    314
    287
    237
    214
    193
    174
    160
    133
    151
    151
    114
    115
    104
    81
    127
    103
    90
    66
    83
    71
    68
    66
    78
    54
    71
    44
    55
    34
    39
    52
    38
    40
    50
    53
    40
    44
    40
    30
    26
    35
    40
    18
    30
    19
    28
    19
    24
    18
    23
    17
    20
    18
    23
    16
    16
    13
    16
    12
    23
    25
    14
    13
    12
    14
    11
    12
    11
    14
    10
    17
    17
    10
    8
    12
    11
    12
    16
    3
    8
    7
    6
    5
    9
    7
    7
    9
    3
    5
    5
    6
    10
    8
    6
    4
    5
    5
    4
    4
    4
    359
    310
    256
    241
    196
    190
    197
    169
    134
    132
    121
    131
    118
    96
    109
    97
    97
    91
    79
    75
    70
    64
    66
    65
    69
    52
    60
    43
    48
    57
    53
    46
    42
    44
    37
    34
    28
    36
    34
    36
    29
    31
    27
    33
    26
    30
    21
    30
    19
    28
    14
    26
    29
    26
    16
    22
    19
    13
    12
    13
    18
    20
    14
    11
    7
    18
    14
    10
    16
    12
    12
    15
    11
    4
    8
    10
    16
    8
    5
    11
    12
    4
    7
    8
    9
    4
    7
    10
    10
    8
    8
    5
    4
    3
    7
    6
    2
    2
    5
    5
    346
    303
    273
    215
    202
    177
    159
    174
    146
    129
    142
    121
    131
    114
    110
    109
    93
    97
    84
    79
    64
    82
    63
    67
    61
    57
    65
    52
    51
    51
    50
    44
    44
    39
    44
    48
    37
    32
    33
    39
    34
    23
    30
    16
    30
    32
    41
    24
    21
    23
    25
    22
    29
    18
    25
    17
    22
    13
    22
    20
    16
    7
    13
    12
    12
    16
    17
    13
    7
    11
    11
    11
    13
    8
    12
    9
    10
    10
    7
    9
    5
    11
    8
    5
    8
    3
    11
    7
    4
    5
    11
    4
    8
    4
    12
    7
    4
    6
    6
    7
    364
    291
    273
    242
    195
    177
    181
    156
    170
    142
    128
    137
    110
    107
    111
    103
    91
    86
    57
    72
    83
    90
    63
    65
    62
    60
    68
    51
    60
    35
    45
    52
    51
    33
    41
    41
    43
    31
    23
    33
    27
    40
    30
    29
    20
    31
    25
    23
    20
    24
    20
    22
    18
    19
    24
    16
    23
    18
    16
    6
    10
    11
    19
    12
    8
    12
    3
    7
    13
    13
    9
    17
    6
    13
    13
    8
    11
    6
    8
    9
    3
    3
    9
    10
    6
    5
    3
    12
    11
    8
    5
    8
    8
    6
    11
    6
    6
    5
    3
    8
    362
    317
    231
    243
    211
    184
    180
    177
    149
    160
    118
    118
    121
    110
    107
    91
    86
    94
    76
    72
    89
    88
    70
    73
    67
    52
    64
    48
    41
    44
    48
    46
    43
    38
    42
    39
    30
    35
    38
    42
    30
    38
    30
    26
    24
    20
    29
    34
    23
    16
    23
    17
    20
    26
    17
    22
    17
    20
    22
    14
    17
    10
    13
    17
    16
    18
    21
    14
    14
    12
    13
    6
    10
    16
    9
    10
    13
    9
    8
    4
    10
    10
    7
    7
    9
    4
    9
    5
    8
    6
    7
    8
    10
    5
    7
    4
    3
    7
    6
    8
    346
    313
    255
    254
    213
    193
    169
    164
    167
    137
    135
    150
    99
    120
    107
    106
    98
    89
    95
    76
    72
    74
    64
    60
    62
    54
    57
    57
    48
    54
    50
    35
    35
    47
    40
    44
    39
    36
    43
    31
    41
    30
    26
    30
    30
    30
    28
    21
    30
    29
    19
    18
    18
    18
    20
    22
    23
    22
    20
    23
    15
    17
    9
    13
    10
    9
    11
    18
    12
    16
    14
    10
    5
    9
    12
    6
    7
    8
    16
    11
    5
    7
    12
    10
    9
    6
    10
    7
    10
    7
    11
    6
    6
    3
    8
    7
    7
    7
    5
    6
    364
    286
    264
    241
    223
    188
    165
    171
    156
    152
    139
    125
    117
    103
    101
    94
    103
    84
    90
    80
    85
    80
    73
    65
    70
    54
    66
    49
    46
    44
    48
    51
    41
    49
    40
    42
    35
    30
    29
    31
    28
    17
    34
    38
    30
    34
    27
    27
    19
    16
    19
    25
    20
    22
    12
    25
    25
    15
    13
    16
    25
    13
    12
    9
    11
    10
    15
    15
    20
    10
    13
    10
    9
    11
    15
    7
    16
    13
    7
    5
    9
    14
    9
    2
    11
    7
    8
    3
    8
    11
    7
    5
    4
    5
    4
    4
    5
    3
    4
    10
    344
    324
    249
    225
    216
    193
    179
    171
    145
    142
    112
    120
    99
    111
    95
    92
    95
    87
    70
    77
    78
    72
    73
    61
    56
    53
    65
    64
    58
    55
    54
    52
    37
    43
    34
    34
    39
    30
    36
    33
    32
    41
    19
    38
    35
    28
    16
    26
    25
    18
    17
    16
    22
    20
    18
    18
    18
    15
    14
    10
    17
    17
    18
    15
    16
    9
    18
    11
    11
    14
    15
    10
    12
    11
    8
    10
    5
    7
    9
    11
    8
    9
    11
    9
    7
    3
    9
    3
    10
    6
    7
    7
    6
    2
    7
    4
    4
    7
    6
    7
    334
    263
    275
    213
    221
    199
    194
    190
    159
    152
    131
    142
    115
    105
    104
    99
    98
    104
    80
    73
    77
    87
    78
    83
    58
    59
    49
    52
    49
    49
    44
    55
    34
    44
    38
    49
    26
    38
    40
    41
    39
    38
    22
    38
    19
    26
    22
    21
    18
    21
    25
    19
    21
    24
    20
    22
    20
    18
    19
    21
    14
    14
    25
    26
    24
    16
    15
    15
    11
    9
    7
    12
    11
    11
    12
    14
    6
    6
    9
    11
    10
    12
    5
    11
    5
    14
    4
    10
    8
    4
    5
    4
    7
    7
    3
    8
    8
    6
    4
    3
    361
    339
    272
    242
    216
    196
    155
    151
    146
    124
    121
    115
    106
    109
    113
    100
    103
    72
    97
    80
    78
    80
    59
    65
    72
    55
    57
    49
    68
    39
    49
    55
    45
    41
    35
    43
    36
    46
    32
    37
    37
    25
    37
    36
    24
    19
    18
    23
    24
    33
    31
    28
    16
    21
    22
    20
    24
    23
    22
    16
    13
    21
    17
    25
    14
    11
    10
    13
    11
    12
    12
    13
    12
    14
    7
    7
    6
    8
    11
    10
    14
    9
    11
    8
    7
    10
    7
    14
    4
    2
    10
    3
    4
    6
    4
    6
    3
    4
    6
    8
    359
    292
    244
    252
    219
    177
    208
    165
    142
    150
    137
    102
    127
    112
    132
    80
    91
    110
    76
    92
    95
    54
    71
    63
    79
    65
    54
    60
    43
    62
    51
    40
    55
    40
    39
    30
    41
    41
    36
    22
    29
    38
    18
    28
    28
    24
    33
    25
    14
    25
    19
    16
    15
    30
    28
    25
    15
    17
    15
    20
    10
    18
    17
    9
    19
    14
    13
    15
    15
    9
    11
    9
    13
    9
    13
    14
    10
    8
    11
    8
    12
    10
    11
    11
    8
    8
    5
    7
    10
    11
    8
    4
    5
    5
    1
    4
    11
    10
    6
    6
    353
    336
    266
    224
    206
    182
    189
    166
    145
    161
    129
    123
    127
    112
    109
    89
    79
    84
    95
    78
    81
    76
    72
    74
    60
    60
    71
    56
    51
    44
    47
    49
    47
    37
    41
    28
    52
    28
    40
    23
    27
    22
    30
    27
    36
    35
    27
    29
    14
    28
    22
    10
    22
    17
    17
    19
    19
    16
    10
    20
    19
    18
    11
    17
    13
    13
    13
    17
    9
    10
    11
    12
    8
    13
    8
    6
    11
    11
    9
    8
    4
    10
    6
    4
    10
    4
    10
    5
    8
    5
    3
    6
    4
    3
    6
    7
    5
    4
    3
    5
    341
    317
    286
    259
    207
    199
    198
    166
    144
    153
    148
    114
    118
    96
    120
    90
    83
    86
    95
    94
    85
    72
    57
    71
    70
    48
    66
    62
    71
    48
    45
    57
    46
    46
    52
    44
    45
    34
    35
    45
    33
    25
    27
    26
    27
    18
    31
    37
    11
    30
    24
    20
    22
    30
    14
    18
    24
    14
    25
    16
    15
    12
    20
    13
    8
    15
    15
    6
    11
    8
    8
    11
    16
    9
    8
    16
    8
    11
    12
    11
    12
    10
    8
    4
    10
    3
    8
    4
    4
    7
    9
    7
    9
    5
    5
    3
    5
    7
    9
    6
    364
    283
    256
    253
    214
    177
    154
    177
    151
    141
    120
    127
    117
    105
    103
    94
    93
    102
    101
    94
    84
    64
    71
    66
    54
    71
    50
    63
    54
    53
    42
    57
    40
    41
    38
    52
    42
    34
    40
    34
    35
    26
    32
    26
    28
    24
    25
    32
    23
    20
    24
    27
    18
    20
    14
    17
    25
    24
    14
    18
    13
    8
    12
    12
    19
    13
    13
    18
    15
    15
    11
    14
    12
    13
    5
    6
    9
    12
    11
    9
    4
    16
    5
    11
    7
    12
    10
    5
    10
    7
    9
    7
    5
    9
    5
    7
    7
    4
    3
    2
    346
    310
    275
    229
    206
    158
    172
    139
    165
    141
    143
    121
    111
    106
    106
    95
    98
    91
    95
    90
    72
    86
    60
    80
    55
    60
    59
    67
    62
    50
    50
    55
    41
    41
    33
    40
    42
    48
    41
    30
    30
    34
    32
    30
    18
    22
    25
    20
    31
    24
    25
    24
    13
    19
    24
    24
    13
    16
    17
    16
    12
    16
    8
    12
    18
    18
    14
    9
    12
    19
    6
    12
    10
    11
    10
    14
    12
    10
    9
    8
    11
    12
    9
    6
    7
    7
    6
    7
    4
    5
    9
    10
    9
    6
    7
    13
    7
    7
    6
    5
    330
    313
    255
    260
    214
    218
    195
    181
    177
    163
    136
    137
    120
    107
    113
    118
    90
    86
    86
    78
    78
    72
    64
    61
    61
    54
    47
    58
    60
    54
    40
    51
    43
    35
    43
    36
    32
    41
    36
    38
    33
    35
    29
    25
    26
    24
    29
    32
    16
    28
    21
    19
    24
    17
    25
    12
    17
    22
    27
    17
    13
    13
    24
    14
    18
    8
    8
    15
    14
    8
    19
    10
    10
    15
    14
    6
    10
    7
    6
    8
    13
    9
    11
    8
    9
    9
    8
    8
    8
    11
    6
    8
    7
    6
    4
    7
    4
    3
    2
    3
    352
    324
    285
    238
    198
    200
    180
    157
    150
    158
    167
    110
    109
    131
    97
    97
    108
    102
    82
    77
    72
    82
    79
    52
    60
    52
    55
    53
    58
    50
    50
    59
    49
    38
    51
    39
    42
    39
    29
    32
    29
    44
    21
    33
    27
    36
    41
    35
    23
    27
    21
    14
    21
    19
    17
    9
    20
    17
    25
    14
    20
    14
    9
    16
    10
    10
    9
    10
    13
    6
    8
    11
    12
    9
    12
    16
    14
    7
    10
    13
    11
    9
    15
    7
    7
    6
    5
    7
    2
    7
    4
    7
    10
    10
    9
    6
    4
    4
    6
    6
    355
    303
    240
    253
    212
    229
    179
    157
    166
    171
    121
    122
    151
    113
    79
    86
    91
    92
    86
    94
    86
    86
    72
    86
    64
    64
    52
    50
    58
    51
    51
    47
    47
    56
    44
    39
    44
    31
    34
    35
    35
    24
    42
    25
    26
    25
    30
    24
    25
    18
    21
    25
    26
    28
    20
    12
    16
    23
    12
    18
    14
    18
    11
    21
    19
    17
    10
    17
    14
    13
    16
    16
    9
    8
    6
    9
    7
    9
    7
    8
    8
    9
    9
    14
    8
    10
    7
    6
    4
    6
    11
    0
    10
    6
    6
    3
    6
    4
    5
    4
    349
    313
    232
    230
    216
    190
    184
    173
    147
    156
    124
    115
    135
    114
    116
    111
    97
    91
    72
    89
    75
    57
    60
    78
    72
    57
    66
    58
    45
    50
    46
    46
    46
    52
    39
    34
    40
    30
    34
    35
    37
    39
    36
    23
    26
    28
    25
    28
    24
    30
    14
    21
    20
    24
    21
    23
    21
    20
    9
    18
    22
    14
    14
    10
    10
    16
    15
    11
    11
    11
    15
    7
    15
    13
    11
    11
    7
    9
    7
    9
    10
    10
    12
    6
    8
    9
    13
    5
    5
    8
    6
    6
    4
    11
    7
    5
    4
    6
    4
    9
    354
    290
    257
    220
    200
    181
    166
    167
    156
    139
    136
    120
    114
    106
    113
    74
    109
    94
    77
    85
    73
    76
    65
    65
    61
    65
    66
    53
    54
    54
    47
    38
    33
    51
    34
    37
    33
    36
    30
    25
    39
    33
    38
    29
    21
    27
    35
    27
    29
    14
    34
    22
    22
    18
    28
    21
    22
    20
    24
    15
    17
    14
    15
    11
    11
    15
    13
    12
    13
    7
    13
    16
    6
    8
    10
    15
    12
    9
    7
    8
    8
    9
    3
    7
    2
    9
    12
    11
    6
    2
    4
    9
    4
    4
    6
    7
    6
    3
    4
    5
    362
    316
    256
    229
    214
    204
    173
    156
    185
    180
    131
    91
    110
    113
    110
    96
    79
    104
    88
    67
    80
    64
    71
    48
    78
    55
    50
    61
    47
    44
    64
    57
    39
    46
    29
    48
    40
    36
    34
    43
    37
    37
    28
    32
    32
    14
    27
    30
    22
    25
    23
    18
    22
    19
    25
    22
    18
    17
    13
    16
    14
    17
    13
    19
    20
    14
    19
    11
    14
    13
    16
    16
    11
    9
    15
    14
    10
    9
    6
    8
    12
    10
    7
    6
    12
    5
    6
    8
    13
    10
    4
    7
    11
    7
    8
    5
    6
    4
    3
    8
    382
    317
    276
    219
    203
    181
    166
    188
    153
    137
    154
    111
    119
    111
    108
    110
    99
    71
    91
    78
    69
    88
    70
    66
    76
    67
    44
    47
    51
    48
    48
    61
    38
    54
    49
    52
    41
    51
    43
    35
    41
    30
    31
    31
    25
    27
    25
    18
    17
    20
    29
    21
    15
    28
    26
    20
    29
    16
    8
    17
    16
    11
    11
    20
    13
    5
    11
    14
    7
    15
    12
    10
    5
    12
    17
    7
    11
    12
    10
    12
    12
    6
    4
    6
    7
    5
    11
    4
    4
    9
    11
    6
    9
    8
    5
    7
    12
    8
    4
    3
    367
    311
    286
    236
    219
    227
    157
    151
    138
    149
    158
    110
    111
    116
    97
    113
    108
    90
    81
    81
    68
    78
    61
    64
    60
    65
    63
    55
    46
    54
    61
    46
    47
    40
    49
    50
    36
    46
    40
    36
    34
    39
    34
    35
    39
    34
    24
    24
    30
    22
    25
    28
    21
    19
    18
    22
    23
    6
    17
    17
    16
    25
    32
    14
    19
    6
    19
    10
    10
    10
    12
    11
    11
    10
    5
    9
    7
    7
    6
    9
    8
    11
    6
    9
    7
    8
    9
    5
    8
    8
    4
    9
    11
    5
    8
    2
    7
    2
    3
    5
    373
    305
    277
    252
    223
    195
    191
    164
    145
    154
    135
    121
    123
    104
    116
    120
    100
    91
    79
    87
    73
    70
    59
    65
    82
    56
    41
    42
    63
    55
    66
    47
    44
    32
    37
    39
    30
    31
    21
    27
    29
    39
    26
    19
    31
    25
    35
    24
    17
    22
    19
    21
    17
    21
    19
    15
    11
    17
    13
    20
    16
    17
    12
    15
    17
    14
    13
    13
    18
    14
    9
    19
    12
    15
    10
    9
    12
    10
    8
    6
    10
    6
    11
    5
    6
    7
    6
    7
    6
    8
    4
    10
    6
    5
    10
    8
    14
    6
    4
    7
    329
    300
    268
    244
    205
    178
    180
    169
    152
    129
    138
    137
    110
    94
    103
    100
    86
    88
    93
    86
    90
    81
    58
    53
    72
    58
    47
    60
    51
    57
    60
    31
    34
    39
    47
    43
    38
    28
    47
    36
    30
    29
    25
    26
    23
    30
    23
    27
    26
    28
    22
    29
    16
    19
    20
    19
    14
    13
    13
    12
    12
    12
    8
    7
    12
    9
    10
    22
    9
    8
    11
    8
    12
    10
    12
    6
    6
    8
    8
    9
    10
    6
    5
    7
    10
    9
    7
    13
    8
    4
    9
    5
    7
    5
    7
    2
    5
    6
    2
    5
    356
    325
    261
    229
    230
    195
    173
    166
    148
    141
    128
    122
    100
    115
    112
    101
    97
    81
    77
    84
    72
    63
    71
    70
    71
    61
    56
    58
    59
    51
    50
    55
    50
    32
    33
    36
    42
    39
    38
    37
    37
    25
    40
    34
    30
    23
    29
    31
    27
    27
    25
    30
    24
    12
    24
    18
    8
    18
    21
    22
    21
    16
    11
    18
    22
    13
    12
    9
    11
    10
    9
    13
    15
    5
    8
    12
    7
    13
    11
    9
    6
    4
    10
    8
    8
    5
    11
    7
    8
    4
    7
    11
    9
    7
    4
    6
    3
    4
    6
    8
    320
    317
    265
    238
    203
    176
    170
    159
    195
    168
    135
    138
    107
    106
    99
    91
    101
    87
    69
    90
    98
    82
    69
    74
    61
    62
    52
    49
    56
    63
    45
    38
    54
    53
    54
    45
    26
    51
    30
    35
    27
    23
    14
    42
    24
    27
    18
    20
    32
    29
    25
    18
    33
    20
    23
    17
    22
    16
    14
    17
    16
    10
    16
    19
    15
    11
    15
    15
    9
    12
    9
    13
    12
    11
    14
    6
    9
    8
    10
    8
    12
    10
    10
    10
    6
    11
    7
    5
    4
    6
    7
    5
    7
    6
    8
    5
    4
    2
    8
    6
    318
    313
    219
    244
    234
    212
    191
    164
    169
    127
    149
    128
    126
    106
    105
    90
    97
    104
    96
    84
    90
    69
    68
    70
    66
    66
    55
    52
    54
    48
    44
    40
    51
    52
    51
    43
    36
    39
    23
    26
    30
    34
    16
    29
    26
    27
    30
    25
    21
    19
    23
    29
    25
    16
    23
    9
    18
    17
    18
    19
    12
    14
    24
    14
    16
    10
    13
    13
    7
    11
    18
    8
    6
    8
    12
    8
    6
    9
    13
    7
    9
    9
    8
    7
    8
    11
    5
    7
    7
    7
    10
    10
    7
    5
    8
    8
    4
    10
    2
    5
    356
    276
    248
    238
    185
    216
    173
    178
    162
    147
    147
    139
    116
    111
    95
    117
    83
    92
    73
    96
    79
    76
    67
    75
    76
    74
    51
    80
    51
    48
    49
    40
    48
    56
    45
    38
    33
    44
    38
    33
    30
    38
    38
    36
    42
    31
    17
    19
    27
    26
    27
    14
    30
    30
    24
    16
    13
    18
    17
    14
    11
    20
    19
    18
    12
    13
    9
    12
    12
    10
    17
    9
    10
    4
    8
    6
    10
    8
    8
    4
    12
    12
    9
    9
    9
    10
    8
    6
    7
    7
    5
    3
    1
    8
    5
    10
    5
    7
    7
    5
    356
    312
    255
    249
    204
    186
    172
    169
    156
    153
    132
    134
    130
    104
    102
    97
    118
    105
    91
    77
    79
    87
    75
    70
    76
    57
    79
    51
    51
    51
    60
    34
    48
    44
    55
    50
    35
    35
    33
    31
    31
    36
    36
    36
    30
    30
    26
    21
    18
    27
    20
    21
    29
    22
    25
    18
    19
    24
    17
    20
    16
    16
    15
    14
    14
    11
    12
    8
    19
    13
    19
    11
    11
    10
    14
    8
    5
    10
    7
    9
    11
    10
    9
    6
    13
    9
    14
    7
    3
    11
    10
    9
    9
    5
    4
    6
    4
    5
    5
    8
    365
    319
    297
    234
    206
    194
    167
    158
    141
    139
    140
    127
    121
    115
    111
    99
    89
    98
    93
    91
    82
    80
    70
    79
    46
    71
    60
    51
    51
    50
    51
    41
    42
    37
    39
    36
    43
    36
    36
    34
    30
    37
    32
    16
    35
    22
    36
    19
    26
    23
    27
    20
    23
    20
    17
    22
    17
    17
    13
    17
    17
    18
    13
    12
    14
    17
    16
    14
    13
    12
    7
    14
    18
    17
    7
    8
    11
    11
    7
    10
    6
    6
    13
    9
    10
    11
    6
    9
    6
    8
    5
    6
    9
    10
    5
    5
    4
    5
    8
    9
    370
    322
    259
    225
    232
    185
    187
    170
    158
    169
    121
    117
    115
    115
    101
    96
    85
    90
    102
    77
    79
    64
    64
    62
    60
    57
    70
    56
    53
    49
    49
    54
    43
    43
    43
    33
    40
    37
    38
    26
    32
    31
    27
    29
    26
    26
    26
    26
    25
    35
    14
    17
    18
    21
    15
    14
    6
    16
    15
    15
    18
    15
    14
    12
    8
    14
    7
    9
    7
    13
    13
    7
    11
    11
    13
    6
    10
    11
    6
    7
    6
    4
    9
    8
    10
    1
    4
    6
    3
    9
    7
    9
    7
    6
    4
    4
    6
    8
    4
    3
    356
    320
    259
    248
    224
    182
    182
    164
    159
    153
    126
    148
    124
    110
    90
    117
    104
    94
    81
    93
    88
    73
    63
    57
    63
    61
    77
    50
    49
    48
    40
    60
    56
    40
    44
    35
    37
    36
    40
    32
    26
    30
    33
    36
    29
    26
    39
    29
    26
    28
    18
    22
    27
    18
    27
    19
    24
    16
    22
    11
    13
    10
    20
    15
    13
    6
    16
    9
    13
    9
    19
    6
    15
    16
    9
    10
    8
    14
    12
    7
    6
    10
    7
    5
    6
    9
    11
    9
    7
    10
    10
    6
    6
    3
    5
    9
    5
    4
    2
    5
    337
    315
    267
    224
    213
    199
    204
    199
    167
    149
    142
    130
    121
    102
    97
    107
    96
    92
    90
    73
    68
    73
    73
    85
    76
    79
    61
    67
    44
    45
    59
    50
    49
    26
    35
    40
    46
    38
    37
    30
    32
    36
    27
    27
    35
    28
    21
    28
    15
    36
    14
    26
    23
    27
    19
    18
    21
    14
    24
    21
    12
    15
    14
    13
    14
    6
    8
    9
    19
    9
    8
    6
    4
    14
    12
    9
    5
    9
    9
    10
    8
    7
    10
    3
    10
    8
    6
    5
    4
    10
    4
    6
    4
    11
    6
    7
    4
    9
    4
    4
    366
    330
    252
    253
    223
    186
    175
    160
    164
    131
    123
    137
    100
    114
    94
    116
    99
    62
    100
    69
    92
    82
    76
    72
    64
    55
    56
    52
    49
    54
    58
    44
    32
    48
    38
    42
    36
    41
    25
    31
    34
    27
    24
    33
    29
    33
    21
    30
    29
    27
    18
    21
    18
    14
    23
    14
    24
    13
    21
    17
    28
    14
    18
    16
    12
    14
    10
    10
    11
    13
    14
    14
    8
    13
    12
    10
    21
    15
    11
    11
    7
    8
    8
    13
    9
    5
    3
    7
    6
    7
    4
    4
    5
    8
    11
    5
    4
    6
    8
    9
    348
    311
    277
    236
    215
    202
    172
    171
    148
    135
    136
    124
    123
    111
    116
    106
    102
    99
    84
    72
    76
    77
    77
    48
    55
    60
    60
    59
    45
    72
    50
    43
    52
    46
    48
    39
    32
    43
    41
    42
    30
    31
    26
    27
    29
    22
    22
    18
    21
    22
    22
    12
    16
    15
    13
    20
    13
    17
    22
    17
    12
    16
    19
    18
    11
    15
    17
    19
    13
    15
    9
    19
    6
    17
    11
    12
    10
    7
    14
    7
    7
    10
    9
    7
    10
    10
    9
    9
    5
    9
    5
    5
    9
    9
    4
    7
    6
    4
    8
    3
    360
    285
    254
    237
    206
    205
    177
    146
    155
    134
    132
    135
    126
    120
    113
    107
    103
    99
    72
    94
    80
    85
    68
    62
    59
    64
    71
    56
    51
    49
    52
    34
    44
    40
    31
    39
    38
    33
    34
    34
    29
    24
    20
    21
    21
    21
    24
    22
    19
    17
    27
    28
    18
    25
    20
    17
    22
    23
    13
    13
    16
    20
    12
    19
    11
    15
    16
    13
    16
    15
    9
    18
    13
    14
    19
    10
    12
    14
    8
    6
    13
    9
    10
    5
    8
    8
    13
    10
    8
    8
    7
    6
    0
    5
    6
    6
    7
    5
    4
    6

Data:
    0
    0
    0
    0
    0
    0
    0
    0
    0
    0
    0
    0
    0
    0
    0
    0
    0
    0
    0
    0
    0
    0
    0
    0
    0
    0
    0
    0
    0
    0
    0
    0
    0
    0
    0
    0
    0
    0
    0
    0
    0
    0
    0
    0
    0
    0
    0
    0
    0
    0
    0
    0
    0
    0
    0
    0
    0
    0
    0
    0
    0
    0
    0
    0
    0
    0
    0
    0
    0
    0
    0
    0
    0
    0
    0
    0
    0
    0
    0
    0
    0
    0
    0
    0
    0
    0
    0
    0
    0
    0
    0
    0
    0
    0
    0
    0
    0
    0
    0
    0
    0
    0
    0
    0
    0
    0
    0
    0
    0
    0
    0
    0
    0
    0
    0
    0
    0
    0
    0
    0
    0
    0
    0
    0
    0
    0
    0
    0
    0
    0
    0
    0
    0
    0
    0
    0
    0
    0
    0
    0
    0
    0
    0
    0
    0
    0
    0
    0
    0
    0
    0
    0
    0
    0
    0
    0
    0
    0
    0
    0
    0
    0
    0
    0
    0
    0
    0
    0
    0
    0
    0
    0
    0
    0
    0
    0
    0
    0
    0
    0
    0
    0
    0
    0
    0
    0
    0
    0
    0
    0
    0
    0
    0
    0
    0
    0
    0
    0
    0
    0
    0
    0
    0
    0
    0
    0
    0
    0
    0
    0
    0
    0
    0
    0
    0
    0
    0
    0
    0
    0
    0
    0
    0
    0
    0
    0
    0
    0
    0
    0
    0
    0
    0
    0
    0
    0
    0
    0
    0
    0
    0
    0
    0
    0
    0
    0
    0
    0
    0
    0
    0
    0
    0
    0
    0
    0
    0
    0
    0
    0
    0
    0
    0
    0
    0
    0
    0
    0
    0
    0
    0
    0
    0
    0
    0
    0
    0
    0
    0
    0
    0
    0
    0
    0
    0
    0
    0
    0
    0
    0
    0
    0
    0
    0
    0
    0
    0
    0
    0
    0
    0
    0
    0
    0
    0
    0
    0
    0
    0
    0
    0
    0
    0
    0
    0
    0
    0
    0
    0
    0
    0
    0
    0
    0
    0
    0
    0
    0
    0
    0
    0
    0
    0
    0
    0
    0
    0
    0
    0
    0
    0
    0
    0
    0
    0
    0
    0
    0
    0
    0
    0
    0
    0
    0
    0
    0
    0
    0
    0
    0
    0
    0
    0
    0
    0
    0
    0
    0
    0
    0
    0
    0
    0
    0
    0
    0
    0
    0
    0
    0
    0
    0
    0
    0
    0
    0
    0
    0
    0
    0
    0
    0
    0
    0
    0
    0
    0
    0
    0
    0
    0
    0
    0
    0
    0
    0
    0
    0
    0
    0
    0
    0
    0
    0
    0
    0
    0
    0
    0
    0
    0
    0
    0
    0
    0
    0
    0
    0
    0
    0
    0
    0
    0
    0
    0
    0
    0
    0
    0
    0
    0
    0
    0
    0
    0
    0
    0
    0
    0
    0
    0
    0
    0
    0
    0
    0
    0
    0
    0
    0
    0
    0
    0
    0
    0
    0
    0
    0
    0
    0
    0
    0
    0
    0
    0
    0
    0
    0
    0
    0
    0
    0
    0
    0
    0
    0
    0
    0
    0
    0
    0
    0
    0
    0
    0
    0
    0
    0
    0
    0
    0
    0
    0
    0
    0
    0
    0
    0
    0
    0
    0
    0
    0
    0
    0
    0
    0
    0
    0
    0
    0
    0
    0
    0
    0
    0
    0
    0
    0
    0
    0
    0
    0
    0
    0
    0
    0
    0
    0
    0
    0
    0
    0
    0
    0
    0
    0
    0
    0
    0
    0
    0
    0
    0
    0
    0
    0
    0
    0
    0
    0
    0
    0
    0
    0
    0
    0
    0
    0
    0
    0
    0
    0
    0
    0
    0
    0
    0
    0
    0
    0
    0
    0
    0
    0
    0
    0
    0
    0
    0
    0
    0
    0
    0
    0
    0
    0
    0
    0
    0
    0
    0
    0
    0
    0
    0
    0
    0
    0
    0
    0
    0
    0
    0
    0
    0
    0
    0
    0
    0
    0
    0
    0
    0
    0
    0
    0
    0
    0
    0
    0
    0
    0
    0
    0
    0
    0
    0
    0
    0
    0
    0
    0
    0
    0
    0
    0
    0
    0
    0
    0
    0
    0
    0
    0
    0
    0
    0
    0
    0
    0
    0
    0
    0
    0
    0
    0
    0
    0
    0
    0
    0
    0
    0
    0
    0
    0
    0
    0
    0
    0
    0
    0
    0
    0
    0
    0
    0
    0
    0
    0
    0
    0
    0
    0
    0
    0
    0
    0
    0
    0
    0
    0
    0
    0
    0
    0
    0
    0
    0
    0
    0
    0
    0
    0
    0
    0
    0
    0
    0
    0
    0
    0
    0
    0
    0
    0
    0
    0
    0
    0
    0
    0
    0
    0
    0
    0
    0
    0
    0
    0
    0
    0
    0
    0
    0
    0
    0
    0
    0
    0
    0
    0
    0
    0
    0
    0
    0
    0
    0
    0
    0
    0
    0
    0
    0
    0
    0
    0
    0
    0
    0
    0
    0
    0
    0
    0
    0
    0
    0
    0
    0
    0
    0
    0
    0
    0
    0
    0
    0
    0
    0
    0
    0
    0
    0
    0
    0
    0
    0
    0
    0
    0
    0
    0
    0
    0
    0
    0
    0
    0
    0
    0
    0
    0
    0
    0
    0
    0
    0
    0
    0
    0
    0
    0
    0
    0
    0
    0
    0
    0
    0
    0
    0
    0
    0
    0
    0
    0
    0
    0
    0
    0
    0
    0
    0
    0
    0
    0
    0
    0
    0
    0
    0
    0
    0
    0
    0
    0
    0
    0
    0
    0
    0
    0
    0
    0
    0
    0
    0
    0
    0
    0
    0
    0
    0
    0
    0
    0
    0
    0
    0
    0
    0
    0
    0
    0
    0
    0
    0
    0
    0
    0
    0
    0
    0
    0
    0
    0
    0
    0
    0
    0
    0
    0
    0
    0
    0
    0
    0
    0
    0
    0
    0
    0
    0
    0
    0
    0
    0
    0
    0
    0
    0
    0
    0
    0
    0
    0
    0
    0
    0
    0
    0
    0
    0
    0
    0
    0
    0
    0
    0
    0
    0
    0
    0
    0
    0
    0
    0
    0
    0
    0
    0
    0
    0
    0
    0
    0
    0
    0
    0
    0
    0
    0
    0
    0
    0
    0
    0
    0
    0
    0
    0
    0
    0
    0
    0
    0
    0
    0
    0
    0
    0
    0
    0
    0
    0
    0
    0
    0
    0
    0
    0
    0
    0
    0
    0
    0
    0
    0
    0
    0
    0
    0
    0
    0
    0
    0
    0
    0
    0
    0
    0
    0
    0
    0
    0
    0
    0
    0
    0
    0
    0
    0
    0
    0
    0
    0
    0
    0
    0
    0
    0
    0
    0
    0
    0
    0
    0
    0
    0
    0
    0
    0
    0
    0
    0
    0
    0
    0
    0
    0
    0
    0
    0
    0
    0
    0
    0
    0
    0
    0
    0
    0
    0
    0
    0
    0
    0
    0
    0
    0
    0
    0
    0
    0
    0
    0
    0
    0
    0
    0
    0
    0
    0
    0
    0
    0
    0
    0
    0
    0
    0
    0
    0
    0
    0
    0
    0
    0
    0
    0
    0
    0
    0
    0
    0
    0
    0
    0
    0
    0
    0
    0
    0
    0
    0
    0
    0
    0
    0
    0
    0
    0
    0
    0
    0
    0
    0
    0
    0
    0
    0
    0
    0
    0
    0
    0
    0
    0
    0
    0
    0
    0
    0
    0
    0
    0
    0
    0
    0
    0
    0
    0
    0
    0
    0
    0
    0
    0
    0
    0
    0
    0
    0
    0
    0
    0
    0
    0
    0
    0
    0
    0
    0
    0
    0
    0
    0
    0
    0
    0
    0
    0
    0
    0
    0
    0
    0
    0
    0
    0
    0
    0
    0
    0
    0
    0
    0
    0
    0
    0
    0
    0
    0
    0
    0
    0
    0
    0
    0
    0
    0
    0
    0
    0
    0
    0
    0
    0
    0
    0
    0
    0
    0
    0
    0
    0
    0
    0
    0
    0
    0
    0
    0
    0
    0
    0
    0
    0
    0
    0
    0
    0
    0
    0
    0
    0
    0
    0
    0
    0
    0
    0
    0
    0
    0
    0
    0
    0
    0
    0
    0
    0
    0
    0
    0
    0
    0
    0
    0
    0
    0
    0
    0
    0
    0
    0
    0
    0
    0
    0
    0
    0
    0
    0
    0
    0
    0
    0
    0
    0
    0
    0
    0
    0
    0
    0
    0
    0
    0
    0
    0
    0
    0
    0
    0
    0
    0
    0
    0
    0
    0
    0
    0
    0
    0
    0
    0
    0
    0
    0
    0
    0
    0
    0
    0
    0
    0
    0
    0
    0
    0
    0
    0
    0
    0
    0
    0
    0
    0
    0
    0
    0
    0
    0
    0
    0
    0
    0
    0
    0
    0
    0
    0
    0
    0
    0
    0
    0
    0
    0
    0
    0
    0
    0
    0
    0
    0
    0
    0
    0
    0
    0
    0
    0
    0
    0
    0
    0
    0
    0
    0
    0
    0
    0
    0
    0
    0
    0
    0
    0
    0
    0
    0
    0
    0
    0
    0
    0
    0
    0
    0
    0
    0
    0
    0
    0
    0
    0
    0
    0
    0
    0
    0
    0
    0
    0
    0
    0
    0
    0
    0
    0
    0
    0
    0
    0
    0
    0
    0
    0
    0
    0
    0
    0
    0
    0
    0
    0
    0
    0
    0
    0
    0
    0
    0
    0
    0
    0
    0
    0
    0
    0
    0
    0
    0
    0
    0
    0
    0
    0
    0
    0
    0
    0
    0
    0
    0
    0
    0
    0
    0
    0
    0
    0
    0
    0
    0
    0
    0
    0
    0
    0
    0
    0
    0
    0
    0
    0
    0
    0
    0
    0
    0
    0
    0
    0
    0
    0
    0
    0
    0
    0
    0
    0
    0
    0
    0
    0
    0
    0
    0
    0
    0
    0
    0
    0
    0
    0
    0
    0
    0
    0
    0
    0
    0
    0
    0
    0
    0
    0
    0
    0
    0
    0
    0
    0
    0
    0
    0
    0
    0
    0
    0
    0
    0
    0
    0
    0
    0
    0
    0
    0
    0
    0
    0
    0
    0
    0
    0
    0
    0
    0
    0
    0
    0
    0
    0
    0
    0
    0
    0
    0
    0
    0
    0
    0
    0
    0
    0
    0
    0
    0
    0
    0
    0
    0
    0
    0
    0
    0
    0
    0
    0
    0
    0
    0
    0
    0
    0
    0
    0
    0
    0
    0
    0
    0
    0
    0
    0
    0
    0
    0
    0
    0
    0
    0
    0
    0
    0
    0
    0
    0
    0
    0
    0
    0
    0
    0
    0
    0
    0
    0
    0
    0
    0
    0
    0
    0
    0
    0
    0
    0
    0
    0
    0
    0
    0
    0
    0
    0
    0
    0
    0
    0
    0
    0
    0
    0
    0
    0
    0
    0
    0
    0
    0
    0
    0
    0
    0
    0
    0
    0
    0
    0
    0
    0
    0
    0
    0
    0
    0
    0
    0
    0
    0
    0
    0
    0
    0
    0
    0
    0
    0
    0
    0
    0
    0
    0
    0
    0
    0
    0
    0
    0
    0
    0
    0
    0
    0
    0
    0
    0
    0
    0
    0
    0
    0
    0
    0
    0
    0
    0
    0
    0
    0
    0
    0
    0
    0
    0
    0
    0
    0
    0
    0
    0
    0
    0
    0
    0
    0
    0
    0
    0
    0
    0
    0
    0
    0
    0
    0
    0
    0
    0
    0
    0
    0
    0
    0
    0
    0
    0
    0
    0
    0
    0
    0
    0
    0
    0
    0
    0
    0
    0
    0
    0
    0
    0
    0
    0
    0
    0
    0
    0
    0
    0
    0
    0
    0
    0
    0
    0
    0
    0
    0
    0
    0
    0
    0
    0
    0
    0
    0
    0
    0
    0
    0
    0
    0
    0
    0
    0
    0
    0
    0
    0
    0
    0
    0
    0
    0
    0
    0
    0
    0
    0
    0
    0
    0
    0
    0
    0
    0
    0
    0
    0
    0
    0
    0
    0
    0
    0
    0
    0
    0
    0
    0
    0
    0
    0
    0
    0
    0
    0
    0
    0
    0
    0
    0
    0
    0
    0
    0
    0
    0
    0
    0
    0
    0
    0
    0
    0
    0
    0
    0
    0
    0
    0
    0
    0
    0
    0
    0
    0
    0
    0
    0
    0
    0
    0
    0
    0
    0
    0
    0
    0
    0
    0
    0
    0
    0
    0
    0
    0
    0
    0
    0
    0
    0
    0
    0
    0
    0
    0
    0
    0
    0
    0
    0
    0
    0
    0
    0
    0
    0
    0
    0
    0
    0
    0
    0
    0
    0
    0
    0
    0
    0
    0
    0
    0
    0
    0
    0
    0
    0
    0
    0
    0
    0
    0
    0
    0
    0
    0
    0
    0
    0
    0
    0
    0
    0
    0
    0
    0
    0
    0
    0
    0
    0
    0
    0
    0
    0
    0
    0
    0
    0
    0
    0
    0
    0
    0
    0
    0
    0
    0
    0
    0
    0
    0
    0
    0
    0
    0
    0
    0
    0
    0
    0
    0
    0
    0
    0
    0
    0
    0
    0
    0
    0
    0
    0
    0
    0
    0
    0
    0
    0
    0
    0
    0
    0
    0
    0
    0
    0
    0
    0
    0
    0
    0
    0
    0
    0
    0
    0
    0
    0
    0
    0
    0
    0
    0
    0
    0
    0
    0
    0
    0
    0
    0
    0
    0
    0
    0
    0
    0
    0
    0
    0
    0
    0
    0
    0
    0
    0
    0
    0
    0
    0
    0
    0
    0
    0
    0
    0
    0
    0
    0
    0
    0
    0
    0
    0
    0
    0
    0
    0
    0
    0
    0
    0
    0
    0
    0
    0
    0
    0
    0
    0
    0
    0
    0
    0
    0
    0
    0
    0
    0
    0
    0
    0
    0
    0
    0
    0
    0
    0
    0
    0
    0
    0
    0
    0
    0
    0
    0
    0
    0
    0
    0
    0
    0
    0
    0
    0
    0
    0
    0
    0
    0
    0
    0
    0
    0
    0
    0
    0
    0
    0
    0
    0
    0
    0
    0
    0
    0
    0
    0
    0
    0
    0
    0
    0
    0
    0
    0
    0
    0
    0
    0
    0
    0
    0
    0
    0
    0
    0
    0
    0
    0
    0
    0
    0
    0
    0
    0
    0
    0
    0
    0
    0
    0
    0
    0
    0
    0
    0
    0
    0
    0
    0
    0
    0
    0
    0
    0
    0
    0
    0
    0
    0
    0
    0
    0
    0
    0
    0
    0
    0
    0
    0
    0
    0
    0
    0
    0
    0
    0
    0
    0
    0
    0
    0
    0
    0
    0
    0
    0
    0
    0
    0
    0
    0
    0
    0
    0
    0
    0
    0
    0
    0
    0
    0
    0
    0
    0
    0
    0
    0
    0
    0
    0
    0
    0
    0
    0
    0
    0
    0
    0
    0
    0
    0
    0
    0
    0
    0
    0
    0
    0
    0
    0
    0
    0
    0
    0
    0
    0
    0
    0
    0
    0
    0
    0
    0
    0
    0
    0
    0
    0
    0
    0
    0
    0
    0
    0
    0
    0
    0
    0
    0
    0
    0
    0
    0
    0
    0
    0
    0
    0
    0
    0
    0
    0
    0
    0
    0
    0
    0
    0
    0
    0
    0
    0
    0
    0
    0
    0
    0
    0
    0
    0
    0
    0
    0
    0
    0
    0
    0
    0
    0
    0
    0
    0
    0
    0
    0
    0
    0
    0
    0
    0
    0
    0
    0
    0
    0
    0
    0
    0
    0
    0
    0
    0
    0
    0
    0
    0
    0
    0
    0
    0
    0
    0
    0
    0
    0
    0
    0
    0
    0
    0
    0
    0
    0
    0
    0
    0
    0
    0
    0
    0
    0
    0
    0
    0
    0
    0
    0
    0
    0
    0
    0
    0
    0
    0
    0
    0
    0
    0
    0
    0
    0
    0
    0
    0
    0
    0
    0
    0
    0
    0
    0
    0
    0
    0
    0
    0
    0
    0
    0
    0
    0
    0
    0
    0
    0
    0
    0
    0
    0
    0
    0
    0
    0
    0
    0
    0
    0
    0
    0
    0
    0
    0
    0
    0
    0
    0
    0
    0
    0
    0
    0
    0
    0
    0
    0
    0
    0
    0
    0
    0
    0
    0
    0
    0
    0
    0
    0
    0
    0
    0
    0
    0
    0
    0
    0
    0
    0
    0
    0
    0
    0
    0
    0
    0
    0
    0
    0
    0
    0
    0
    0
    0
    0
    0
    0
    0
    0
    0
    0
    0
    0
    0
    0
    0
    0
    0
    0
    0
    0
    0
    0
    0
    0
    0
    0
    0
    0
    0
    0
    0
    0
    0
    0
    0
    0
    0
    0
    0
    0
    0
    0
    0
    0
    0
    0
    0
    0
    0
    0
    0
    0
    0
    0
    0
    0
    0
    0
    0
    0
    0
    0
    0
    0
    0
    0
    0
    0
    0
    0
    0
    0
    0
    0
    0
    0
    0
    0
    0
    0
    0
    0
    0
    0
    0
    0
    0
    0
    0
    0
    0
    0
    0
    0
    0
    0
    0
    0
    0
    0
    0
    0
    0
    0
    0
    0
    0
    0
    0
    0
    0
    0
    0
    0
    0
    0
    0
    0
    0
    0
    0
    0
    0
    0
    0
    0
    0
    0
    0
    0
    0
    0
    0
    0
    0
    0
    0
    0
    0
    0
    0
    0
    0
    0
    0
    0
    0
    0
    0
    0
    0
    0
    0
    0
    0
    0
    0
    0
    0
    0
    0
    0
    0
    0
    0
    0
    0
    0
    0
    0
    0
    0
    0
    0
    0
    0
    0
    0
    0
    0
    0
    0
    0
    0
    0
    0
    0
    0
    0
    0
    0
    0
    0
    0
    0
    0
    0
    0
    0
    0
    0
    0
    0
    0
    0
    0
    0
    0
    0
    0
    0
    0
    0
    0
    0
    0
    0
    0
    0
    0
    0
    0
    0
    0
    0
    0
    0
    0
    0
    0
    0
    0
    0
    0
    0
    0
    0
    0
    0
    0
    0
    0
    0
    0
    0
    0
    0
    0
    0
    0
    0
    0
    0
    0
    0
    0
    0
    0
    0
    0
    0
    0
    0
    0
    0
    0
    0
    0
    0
    0
    0
    0
    0
    0
    0
    0
    0
    0
    0
    0
    0
    0
    0
    0
    0
    0
    0
    0
    0
    0
    0
    0
    0
    0
    0
    0
    0
    0
    0
    0
    0
    0
    0
    0
    0
    0
    0
    0
    0
    0
    0
    0
    0
    0
    0
    0
    0
    0
    0
    0
    0
    0
    0
    0
    0
    0
    0
    0
    0
    0
    0
    0
    0
    0
    0
    0
    0
    0
    0
    0
    0
    0
    0
    0
    0
    0
    0
    0
    0
    0
    0
    0
    0
    0
    0
    0
    0
    0
    0
    0
    0
    0
    0
    0
    0
    0
    0
    0
    0
    0
    0
    0
    0
    0
    0
    0
    0
    0
    0
    0
    0
    0
    0
    0
    0
    0
    0
    0
    0
    0
    0
    0
    0
    0
    0
    0
    0
    0
    0
    0
    0
    0
    0
    0
    0
    0
    0
    0
    0
    0
    0
    0
    0
    0
    0
    0
    0
    0
    0
    0
    0
    0
    0
    0
    0
    0
    0
    0
    0
    0
    0
    0
    0
    0
    0
    0
    0
    0
    0
    0
    0
    0
    0
    0
    0
    0
    0
    0
    0
    0
    0
    0
    0
    0
    0
    0
    0
    0
    0
    0
    0
    0
    0
    0
    0
    0
    0
    0
    0
    0
    0
    0
    0
    0
    0
    0
    0
    0
    0
    0
    0
    0
    0
    0
    0
    0
    0
    0
    0
    0
    0
    0
    0
    0
    0
    0
    0
    0
    0
    0
    0
    0
    0
    0
    0
    0
    0
    0
    0
    0
    0
    0
    0
    0
    0
    0
    0
    0
    0
    0
    0
    0
    0
    0
    0
    0
    0
    0
    0
    0
    0
    0
    0
    0
    0
    0
    0
    0
    0
    0
    0
    0
    0
    0
    0
    0
    0
    0
    0
    0
    0
    0
    0
    0
    0
    0
    0
    0
    0
    0
    0
    0
    0
    0
    0
    0
    0
    0
    0
    0
    0
    0
    0
    0
    0
    0
    0
    0
    0
    0
    0
    0
    0
    0
    0
    0
    0
    0
    0
    0
    0
    0
    0
    0
    0
    0
    0
    0
    0
    0
    0
    0
    0
    0
    0
    0
    0
    0
    0
    0
    0
    0
    0
    0
    0
    0
    0
    0
    0
    0
    0
    0
    0
    0
    0
    0
    0
    0
    0
    0
    0
    0
    0
    0
    0
    0
    0
    0
    0
    0
    0
    0
    0
    0
    0
    0
    0
    0
    0
    0
    0
    0
    0
    0
    0
    0
    0
    0
    0
    0
    0
    0
    0
    0
    0
    0
    0
    0
    0
    0
    0
    0
    0
    0
    0
    0
    0
    0
    0
    0
    0
    0
    0
    0
    0
    0
    0
    0
    0
    0
    0
    0
    0
    0
    0
    0
    0
    0
    0
    0
    0
    0
    0
    0
    0
    0
    0
    0
    0
    0
    0
    0
    0
    0
    0
    0
    0
    0
    0
    0
    0
    0
    0
    0
    0
    0
    0
    0
    0
    0
    0
    0
    0
    0
    0
    0
    0
    0
    0
    0
    0
    0
    0
    0
    0
    0
    0
    0
    0
    0
    0
    0
    0
    0
    0
    0
    0
    0
    0
    0
    0
    0
    0
    0
    0
    0
    0
    0
    0
    0
    0
    0
    0
    0
    0
    0
    0
    0
    0
    0
    0
    0
    0
    0
    0
    0
    0
    0
    0
    0
    0
    0
    0
    0
    0
    0
    0
    0
    0
    0
    0
    0
    0
    0
    0
    0
    0
    0
    0
    0
    0
    0
    0
    0
    0
    0
    0
    0
    0
    0
    0
    0
    0
    0
    0
    0
    0
    0
    0
    0
    0
    0
    0
    0
    0
    0
    0
    0
    0
    0
    0
    0
    0
    0
    0
    0
    0
    0
    0
    0
    0
    0
    0
    0
    0
    0
    0
    0
    0
    0
    0
    0
    0
    0
    0
    0
    0
    0
    0
    0
    0
    0
    0
    0
    0
    0
    0
    0
    0
    0
    0
    0
    0
    0
    0
    0
    0
    0
    0
    0
    0
    0
    0
    0
    0
    0
    0
    0
    0
    0
    0
    0
    0
    0
    0
    0
    0
    0
    0
    0
    0
    0
    0
    0
    0
    0
    0
    0
    0
    0
    0
    0
    0
    0
    0
    0
    0
    0
    0
    0
    0
    0
    0
    0
    0
    0
    0
    0
    0
    0
    0
    0
    0
    0
    0
    0
    0
    0
    0
    0
    0
    0
    0
    0
    0
    0
    0
    0
    0
    0
    0
    0
    0
    0
    0
    0
    0
    0
    0
    0
    0
    0
    0
    0
    0
    0
    0
    0
    0
    0
    0
    0
    0
    0
    0
    0
    0
    0
    0
    0
    0
    0
    0
    0
    0
    0
    0
    0
    0
    0
    0
    0
    0
    0
    0
    0
    0
    0
    0
    0
    0
    0
    0
    0
    0
    0
    0
    0
    0
    0
    0
    0
    0
    0
    0
    0
    0
    0
    0
    0
    0
    0
    0
    0
    0
    0
    0
    0
    0
    0
    0
    0
    0
    0
    0
    0
    0
    0
    0
    0
    0
    0
    0
    0
    0
    0
    0
    0
    0
    0
    0
    0
    0
    0
    0
    0
    0
    0
    0
    0
    0
    0
    0
    0
    0
    0
    0
    0
    0
    0
    0
    0
    0
    0
    0
    0
    0
    0
    0
    0
    0
    0
    0
    0
    0
    0
    0
    0
    0
    0
    0
    0
    0
    0
    0
    0
    0
    0
    0
    0
    0
    0
    0
    0
    0
    0
    0
    0
    0
    0
    0
    0
    0
    0
    0
    0
    0
    0
    0
    0
    0
    0
    0
    0
    0
    0
    0
    0
    0
    0
    0
    0
    0
    0
    0
    0
    0
    0
    0
    0
    0
    0
    0
    0
    0
    0
    0
    0
    0
    0
    0
    0
    0
    0
    0
    0
    0
    0
    0
    0
    0
    0
    0
    0
    0
    0
    0
    0
    0
    0
    0
    0
    0
    0
    0
    0
    0
    0
    0
    0
    0
    0
    0
    0
    0
    0
    0
    0
    0
    0
    0
    0
    0
    0
    0
    0
    0
    0
    0
    0
    0
    0
    0
    0
    0
    0
    0
    0
    0
    0
    0
    0
    0
    0
    0
    0
    0
    0
    0
    0
    0
    0
    0
    0
    0
    0
    0
    0
    0
    0
    0
    0
    0
    0
    0
    0
    0
    0
    0
    0
    0
    0
    0
    0
    0
    0
    0
    0
    0
    0
    0
    0
    0
    0
    0
    0
    0
    0
    0
    0
    0
    0
    0
    0
    0
    0
    0
    0
    0
    0
    0
    0
    0
    0
    0
    0
    0
    0
    0
    0
    0
    0
    0
    0
    0
    0
    0
    0
    0
    0
    0
    0
    0
    0
    0
    0
    0
    0
    0
    0
    0
    0
    0
    0
    0
    0
    0
    0
    0
    0
    0
    0
    0
    0
    0
    0
    0
    0
    0
    0
    0
    0
    0
    0
    0
    0
    0
    0
    0
    0
    0
    0
    0
    0
    0
    0
    0
    0
    0
    0
    0
    0
    0
    0
    0
    0
    0
    0
    0
    0
    0
    0
    0
    0
    0
    0
    0
    0
    0
    0
    0
    0
    0
    0
    0
    0
    0
    0
    0
    0
    0
    0
    0
    0
    0
    0
    0
    0
    0
    0
    0
    0
    0
    0
    0
    0
    0
    0
    0
    0
    0
    0
    0
    0
    0
    0
    0
    0
    0
    0
    0
    0
    0
    0
    0
    0
    0
    0
    0
    0
    0
    0
    0
    0
    0
    0
    0
    0
    0
    0
    0
    0
    0
    0
    0
    0
    0
    0
    0
    0
    0
    0
    0
    0
    0
    0
    0
    0
    0
    0
    0
    0
    0
    0
    0
    0
    0
    0
    0
    0
    0
    0
    0
    0
    0
    0
    0
    0
    0
    0
    0
    0
    0
    0
    0
    0
    0
    0
    0
    0
    0
    0
    0
    0
    0
    0
    0
    0
    0
    0
    0
    0
    0
    0
    0
    0
    0
    0
    0
    0
    0
    0
    0
    0
    0
    0
    0
    0
    0
    0
    0
    0
    0
    0
    0
    0
    0
    0
    0
    0
    0
    0
    0
    0
    0
    0
    0
    0
    0
    0
    0
    0
    0
    0
    0
    0
    0
    0
    0
    0
    0
    0
    0
    0
    0
    0
    0
    0
    0
    0
    0
    0
    0
    0
    0
    0
    0
    0
    0
    0
    0
    0
    0
    0
    0
    0
    0
    0
    0
    0
    0
    0
    0
    0
    0
    0
    0
    0
    0
    0
    0
    0
    0
    0
    0
    0
    0
    0
    0
    0
    0
    0
    0
    0
    0
    0
    0
    0
    0
    0
    0
    0
    0
    0
    0
    0
    0
    0
    0
    0
    0
    0
    0
    0
    0
    0
    0
    0
    0
    0
    0
    0
    0
    0
    0
    0
    0
    0
    0
    0
    0
    0
    0
    0
    0
    0
    0
    0
    0
    0
    0
    0
    0
    0
    0
    0
    0
    0
    0
    0
    0
    0
    0
    0
    0
    0
    0
    0
    0
    0
    0
    0
    0
    0
    0
    0
    0
    0
    0
    0
    0
    0
    0
    0
    0
    0
    0
    0
    0
    0
    0
    0
    0
    0
    0
    0
    0
    0
    0
    0
    0
    0
    0
    0
    0
    0
    0
    0
    0
    0
    0
    0
    0
    0
    0
    0
    0
    0
    0
    0
    0
    0
    0
    0
    0
    0
    0
    0
    0
    0
    0
    0
    0
    0
    0
    0
    0
    0
    0
    0
    0
    0
    0
    0
    0
    0
    0
    0
    0
    0
    0
    0
    0
    0
    0
    0
    0
    0
    0
    0
    0
    0
    0
    0
    0
    0
    0
    0
    0
    0
    0
    0
    0
    0
    0
    0
    0
    0
    0
    0
    0
    0
    0
    0
    0
    0
    0
    0
    0
    0
    0
    0
    0
    0
    0
    0
    0
    0
    0
    0
    0
    0
    0
    0
    0
    0
    0
    0
    0
    0
    0
    0
    0
    0
    0
    0
    0
    0
    0
    0
    0
    0
    0
    0
    0
    0
    0
    0
    0
    0
    0
    0
    0
    0
    0
    0
    0
    0
    0
    0
    0
    0
    0
    0
    0
    0
    0
    0
    0
    0
    0
    0
    0
    0
    0
    0
    0
    0
    0
    0
    0
    0
    0
    0
    0
    0
    0
    0
    0
    0
    0
    0
    0
    0
    0
    0
    0
    0
    0
    0
    0
    0
    0
    0
    0
    0
    0
    0
    0
    0
    0
    0
    0
    0
    0
    0
    0
    0
    0
    0
    0
    0
    0
    0
    0
    0
    0
    0
    0
    0
    0
    0
    0
    0
    0
    0
    0
    0
    0
    0
    0
    0
    0
    0
    0
    0
    0
    0
    0
    0
    0
    0
    0
    0
    0
    0
    0
    0
    0
    0
    0
    0
    0
    0
    0
    0
    0
    0
    0
    0
    0
    0
    0
    0
    0
    0
    0
    0
    0
    0
    0
    0
    0
    0
    0
    0
    0
    0
    0
    0
    0
    0
    0
    0
    0
    0
    0
    0
    0
    0
    0
    0
    0
    0
    0
    0
    0
    0
    0
    0
    0
    0
    0
    0
    0
    0
    0
    0
    0
    0
    0
    0
    0
    0
    0
    0
    0
    0
    0
    0
    0
    0
    0
    0
    0
    0
    0
    0
    0
    0
    0
    0
    0
    0
    0
    0
    0
    0
    0
    0
    0
    0
    0
    0
    0
    0
    0
    0
    0
    0
    0
    0
    0
    0
    0
    0
    0
    0
    0
    0
    0
    0
    0
    0
    0
    0
    0
    0
    0
    0
    0
    0
    0
    0
    0
    0
    0
    0
    0
    0
    0
    0
    0
    0
    0
    0
    0
    0
    0
    0
    0
    0
    0
    0
    0
    0
    0
    0
    0
    0
    0
    0
    0
    0
    0
    0
    0
    0
    0
    0
    0
    0
    0
    0
    0
    0
    0
    0
    0
    0
    0
    0
    0
    0
    0
    0
    0
    0
    0
    0
    0
    0
    0
    0
    0
    0
    0
    0
    0
    0
    0
    0
    0
    0
    0
    0
    0
    0
    0
    0
    0
    0
    0
    0
    0
    0
    0
    0
    0
    0
    0
    0
    0
    0
    0
    0
    0
    0
    0
    0
    0
    0
    0
    0
    0
    0
    0
    0
    0
    0
    0
    0
    0
    0
    0
    0
    0
    0
    0
    0
    0
    0
    0
    0
    0
    0
    0
    0
    0
    0
    0
    0
    0
    0
    0
    0
    0
    0
    0
    0
    0
    0
    0
    0
    0
    0
    0
    0
    0
    0
    0
    0
    0
    0
    0
    0
    0
    0
    0
    0
    0
    0
    0
    0
    0
    0
    0
    0
    0
    0
    0
    0
    0
    0
    0
    0
    0
    0
    0
    0
    0
    0
    0
    0
    0
    0
    0
    0
    0
    0
    0
    0
    0
    0
    0
    0
    0
    0
    0
    0
    0
    0
    0
    0
    0
    0
    0
    0
    0
    0
    0
    0
    0
    0
    0
    0
    0
    0
    0
    0
    0
    0
    0
    0
    0
    0
    0
    0
    0
    0
    0
    0
    0
    0
    0
    0
    0
    0
    0
    0
    0
    0
    0
    0
    0
    0
    0
    0
    0
    0
    0
    0
    0
    0
    0
    0
    0
    0
    0
    0
    0
    0
    0
    0
    0
    0
    0
    0
    0
    0
    0
    0
    0
    0
    0
    0
    0
    0
    0
    0
    0
    0
    0
    0
    0
    0
    0
    0
    0
    0
    0
    0
    0
    0
    0
    0
    0
    0
    0
    0
    0
    0
    0
    0
    0
    0
    0
    0
    0
    0
    0
    0
    0
    0
    0
    0
    0
    0
    0
    0
    0
    0
    0
    0
    0
    0
    0
    0
    0
    0
    0
    0
    0
    0
    0
    0
    0
    0
    0
    0
    0
    0
    0
    0
    0
    0
    0
    0
    0
    0
    0
    0
    0
    0
    0
    0
    0
    0
    0
    0
    0
    0
    0
    0
    0
    0
    0
    0
    0
    0
    0
    0
    0
    0
    0
    0
    0
    0
    0
    0
    0
    0
    0
    0
    0
    0
    0
    0
    0
    0
    0
    0
    0
    0
    0
    0
    0
    0
    0
    0
    0
    0
    0
    0
    0
    0
    0
    0
    0
    0
    0
    0
    0
    0
    0
    0
    0
    0
    0
    0
    0
    0
    0
    0
    0
    0
    0
    0
    0
    0
    0
    0
    0
    0
    0
    0
