Project Info:
    ACQ Time: 2019- 9-24  11:21:22: 505 .
    Project: ltj左侧足三里左旁开（足三里涂红药水30min）
    Name: 
    Part:  
    Operator:  
    Desc.:  
    Sample Data Acquired.

ACQ Parameters:
    Excited Peroid(ms): 50
    Excited Time(ms): 10
    Acq Delay Time(us): 10
    Gate Time(ms): 20
    Count Num per gate: 100
    Repeat Times: 50
    Acq Gate Times: 1
    Interval per Gate(us): 100
    Channel Number: 2

Data:
    270
    229
    204
    157
    131
    134
    117
    100
    110
    100
    76
    91
    78
    63
    80
    62
    51
    56
    56
    50
    55
    49
    38
    52
    27
    38
    28
    36
    38
    20
    28
    26
    23
    26
    26
    26
    19
    25
    21
    15
    21
    16
    14
    13
    9
    9
    15
    16
    18
    20
    5
    9
    17
    11
    18
    10
    8
    6
    9
    6
    11
    9
    2
    11
    8
    15
    9
    6
    7
    6
    5
    5
    4
    6
    5
    5
    5
    8
    4
    4
    2
    3
    6
    5
    5
    6
    5
    1
    3
    11
    3
    4
    6
    2
    1
    3
    1
    1
    4
    4
    277
    203
    191
    161
    161
    121
    148
    124
    99
    96
    92
    69
    58
    78
    74
    81
    59
    64
    58
    51
    49
    39
    53
    30
    45
    38
    37
    27
    29
    30
    32
    29
    29
    27
    29
    25
    21
    22
    15
    15
    24
    20
    17
    14
    16
    16
    18
    10
    16
    12
    16
    11
    12
    9
    7
    9
    14
    9
    12
    6
    4
    10
    7
    5
    9
    13
    9
    7
    9
    5
    5
    4
    8
    13
    7
    5
    4
    4
    7
    4
    5
    3
    5
    4
    4
    5
    2
    6
    5
    1
    4
    3
    3
    6
    2
    1
    5
    5
    2
    3
    264
    248
    195
    152
    159
    137
    127
    117
    121
    103
    88
    99
    76
    77
    81
    70
    70
    53
    62
    47
    44
    53
    43
    58
    50
    38
    41
    28
    45
    30
    27
    21
    33
    19
    28
    22
    20
    20
    24
    25
    23
    13
    16
    18
    19
    15
    14
    11
    9
    13
    13
    8
    11
    12
    16
    7
    13
    13
    10
    10
    13
    6
    10
    9
    5
    7
    9
    4
    7
    7
    9
    4
    12
    6
    3
    5
    12
    0
    6
    3
    1
    6
    5
    4
    4
    3
    4
    3
    6
    4
    6
    5
    2
    6
    2
    4
    5
    8
    1
    2
    296
    226
    182
    170
    155
    114
    140
    121
    94
    98
    94
    98
    81
    75
    73
    65
    55
    56
    60
    57
    61
    43
    37
    38
    44
    46
    39
    31
    30
    35
    27
    24
    24
    29
    21
    22
    35
    19
    34
    19
    24
    20
    27
    18
    17
    14
    17
    12
    12
    13
    8
    9
    13
    11
    11
    9
    10
    12
    18
    7
    10
    9
    9
    6
    8
    5
    6
    4
    7
    7
    6
    7
    6
    7
    8
    7
    2
    4
    6
    3
    2
    6
    8
    3
    7
    1
    4
    1
    2
    7
    3
    2
    4
    2
    4
    6
    1
    3
    4
    3
    241
    237
    212
    188
    148
    124
    125
    137
    114
    96
    81
    90
    76
    72
    68
    54
    54
    52
    59
    41
    42
    49
    44
    53
    43
    47
    31
    38
    39
    34
    27
    30
    21
    24
    35
    28
    17
    18
    24
    16
    14
    15
    16
    20
    6
    18
    19
    14
    14
    12
    10
    16
    15
    12
    15
    10
    7
    13
    7
    17
    6
    8
    5
    7
    8
    9
    15
    9
    6
    13
    7
    8
    5
    3
    2
    4
    3
    2
    4
    6
    10
    7
    2
    2
    11
    3
    4
    4
    3
    3
    4
    5
    4
    3
    6
    0
    3
    3
    1
    3
    276
    209
    195
    178
    132
    143
    136
    132
    101
    104
    94
    64
    72
    74
    66
    74
    58
    73
    49
    57
    49
    51
    40
    36
    50
    43
    37
    38
    28
    36
    22
    33
    27
    26
    28
    25
    19
    26
    26
    21
    20
    16
    30
    13
    22
    11
    13
    13
    22
    10
    7
    11
    14
    9
    12
    17
    16
    10
    15
    6
    12
    10
    7
    11
    3
    11
    8
    4
    5
    9
    6
    10
    6
    7
    5
    2
    11
    4
    10
    3
    2
    5
    5
    4
    2
    2
    10
    3
    7
    0
    2
    2
    4
    7
    5
    3
    4
    5
    6
    5
    272
    215
    214
    183
    138
    130
    131
    100
    108
    86
    91
    97
    81
    84
    67
    73
    65
    60
    57
    53
    50
    47
    48
    40
    47
    46
    40
    31
    29
    37
    28
    37
    25
    28
    31
    23
    20
    19
    21
    17
    18
    21
    19
    17
    17
    18
    22
    16
    20
    12
    12
    10
    11
    12
    16
    13
    7
    7
    15
    15
    13
    8
    5
    10
    11
    8
    7
    10
    8
    7
    4
    15
    7
    8
    7
    7
    4
    5
    7
    6
    6
    3
    4
    4
    3
    6
    3
    4
    5
    1
    5
    4
    1
    3
    2
    1
    6
    1
    2
    2
    286
    224
    194
    160
    151
    144
    133
    136
    118
    112
    93
    80
    78
    73
    73
    68
    66
    57
    55
    51
    50
    58
    47
    60
    38
    52
    52
    35
    46
    38
    33
    23
    28
    35
    21
    28
    29
    11
    23
    17
    21
    18
    19
    14
    17
    17
    13
    9
    26
    14
    12
    16
    14
    16
    14
    5
    12
    13
    18
    9
    8
    11
    7
    7
    7
    8
    7
    3
    10
    7
    8
    4
    5
    5
    4
    7
    7
    4
    8
    0
    7
    9
    7
    8
    6
    5
    4
    5
    9
    4
    7
    4
    2
    3
    4
    5
    4
    2
    1
    2
    239
    236
    192
    182
    154
    115
    118
    142
    105
    109
    79
    98
    111
    76
    74
    64
    60
    76
    60
    53
    46
    50
    52
    50
    46
    40
    38
    27
    41
    33
    33
    25
    32
    22
    22
    32
    26
    26
    19
    24
    15
    21
    17
    16
    19
    23
    20
    18
    18
    19
    19
    12
    11
    11
    16
    13
    11
    7
    11
    9
    6
    10
    13
    4
    5
    3
    9
    11
    2
    10
    6
    6
    7
    7
    4
    9
    8
    6
    11
    8
    2
    3
    8
    0
    6
    3
    4
    5
    3
    5
    2
    5
    5
    2
    1
    4
    8
    1
    2
    3
    277
    238
    184
    187
    182
    124
    126
    116
    106
    108
    102
    92
    77
    85
    69
    63
    51
    51
    61
    56
    49
    46
    48
    51
    40
    44
    44
    42
    29
    34
    26
    25
    33
    35
    22
    23
    17
    34
    24
    19
    16
    14
    19
    30
    19
    25
    12
    17
    14
    12
    13
    11
    10
    13
    15
    12
    14
    12
    8
    8
    12
    7
    13
    9
    10
    11
    9
    8
    9
    3
    5
    3
    4
    3
    9
    5
    8
    13
    3
    8
    3
    6
    8
    7
    7
    7
    5
    4
    5
    1
    4
    3
    4
    3
    3
    3
    6
    3
    0
    4
    251
    209
    204
    162
    135
    143
    116
    125
    106
    83
    97
    77
    59
    83
    69
    69
    67
    59
    63
    59
    70
    48
    50
    41
    44
    31
    42
    25
    39
    28
    37
    29
    32
    21
    31
    27
    25
    28
    23
    20
    18
    24
    16
    18
    16
    17
    12
    22
    21
    15
    18
    16
    13
    12
    18
    6
    14
    9
    13
    13
    12
    9
    7
    9
    18
    5
    12
    5
    12
    10
    9
    10
    4
    5
    4
    9
    4
    9
    3
    7
    8
    7
    5
    8
    2
    6
    3
    6
    6
    3
    5
    6
    6
    3
    4
    2
    5
    2
    4
    2
    269
    239
    202
    177
    174
    174
    138
    131
    93
    98
    100
    83
    82
    76
    57
    59
    73
    61
    55
    50
    51
    51
    46
    61
    46
    41
    39
    35
    32
    31
    38
    34
    29
    32
    29
    21
    14
    31
    19
    20
    20
    24
    20
    13
    21
    19
    20
    7
    13
    15
    16
    11
    14
    12
    14
    12
    14
    6
    11
    8
    13
    12
    7
    8
    9
    11
    12
    16
    9
    3
    6
    4
    11
    10
    8
    7
    5
    5
    3
    2
    2
    9
    7
    5
    4
    2
    2
    4
    9
    5
    5
    1
    5
    3
    6
    4
    2
    2
    2
    4
    263
    249
    204
    150
    144
    151
    120
    108
    82
    87
    101
    87
    81
    79
    77
    67
    67
    59
    45
    50
    56
    48
    35
    53
    34
    46
    52
    36
    30
    25
    28
    30
    30
    31
    27
    23
    31
    23
    32
    20
    19
    18
    26
    17
    15
    16
    11
    15
    12
    18
    13
    18
    14
    12
    19
    14
    11
    8
    18
    7
    9
    7
    12
    14
    5
    9
    8
    6
    7
    4
    8
    7
    5
    9
    5
    4
    7
    10
    9
    8
    8
    5
    5
    4
    4
    4
    4
    3
    9
    6
    1
    4
    3
    6
    2
    3
    4
    4
    1
    7
    284
    208
    171
    175
    135
    128
    135
    104
    117
    125
    83
    103
    76
    65
    70
    69
    64
    57
    54
    60
    48
    38
    40
    39
    42
    34
    43
    30
    38
    34
    32
    35
    30
    33
    31
    28
    20
    25
    25
    20
    22
    18
    16
    19
    21
    15
    17
    18
    11
    22
    17
    15
    15
    14
    12
    17
    11
    11
    9
    10
    12
    9
    16
    9
    11
    7
    11
    8
    4
    8
    10
    6
    2
    9
    4
    6
    9
    2
    10
    3
    4
    3
    3
    1
    7
    7
    5
    4
    7
    7
    4
    5
    6
    7
    4
    1
    2
    6
    8
    3
    305
    228
    180
    155
    156
    137
    126
    133
    126
    88
    97
    78
    81
    78
    62
    68
    68
    54
    55
    57
    41
    35
    40
    43
    31
    40
    37
    30
    40
    30
    42
    27
    28
    28
    17
    30
    28
    28
    28
    13
    22
    18
    18
    16
    16
    18
    16
    20
    15
    26
    12
    14
    8
    10
    11
    13
    13
    14
    8
    9
    10
    10
    12
    9
    11
    12
    7
    9
    12
    10
    4
    3
    6
    5
    6
    5
    2
    8
    8
    10
    4
    3
    5
    5
    3
    4
    3
    1
    3
    5
    2
    6
    4
    0
    4
    1
    2
    2
    3
    2
    276
    228
    200
    176
    128
    148
    107
    133
    104
    92
    101
    92
    85
    75
    77
    62
    60
    54
    61
    53
    67
    50
    43
    56
    43
    46
    37
    41
    44
    34
    36
    32
    32
    27
    22
    18
    32
    25
    20
    20
    21
    29
    25
    18
    12
    16
    14
    17
    26
    11
    6
    15
    12
    8
    12
    14
    12
    10
    14
    7
    5
    7
    11
    7
    9
    5
    11
    4
    7
    5
    6
    9
    10
    8
    3
    5
    10
    6
    7
    10
    7
    2
    5
    3
    5
    3
    5
    3
    7
    2
    0
    8
    4
    1
    0
    6
    6
    2
    3
    3
    286
    217
    184
    182
    137
    135
    115
    133
    93
    105
    92
    85
    80
    82
    74
    68
    65
    59
    52
    47
    49
    43
    42
    40
    37
    47
    48
    38
    43
    27
    29
    33
    37
    38
    29
    27
    17
    26
    24
    14
    14
    27
    20
    18
    21
    15
    17
    17
    12
    18
    14
    13
    8
    13
    11
    9
    8
    12
    12
    12
    11
    3
    17
    6
    4
    7
    5
    5
    7
    10
    6
    4
    11
    4
    4
    5
    8
    5
    7
    3
    3
    9
    5
    6
    8
    3
    6
    5
    2
    7
    2
    4
    6
    7
    2
    2
    3
    3
    4
    3
    289
    243
    188
    158
    172
    137
    130
    142
    93
    119
    95
    76
    78
    77
    72
    71
    67
    54
    56
    54
    37
    41
    43
    58
    42
    49
    32
    29
    44
    34
    28
    31
    23
    40
    26
    21
    40
    22
    26
    27
    28
    15
    14
    13
    12
    14
    15
    18
    14
    7
    12
    14
    18
    8
    12
    9
    11
    9
    14
    15
    10
    9
    6
    6
    11
    9
    5
    7
    13
    5
    9
    13
    8
    4
    7
    7
    7
    5
    2
    2
    7
    6
    3
    4
    3
    4
    7
    4
    3
    6
    2
    4
    5
    3
    6
    1
    1
    4
    2
    2
    292
    225
    200
    175
    159
    150
    138
    98
    100
    115
    92
    94
    78
    73
    58
    77
    61
    48
    71
    61
    47
    51
    53
    47
    42
    43
    39
    32
    26
    27
    36
    35
    34
    32
    30
    26
    23
    21
    24
    22
    18
    19
    12
    15
    22
    18
    14
    16
    15
    19
    15
    13
    16
    8
    13
    12
    15
    11
    14
    7
    20
    12
    9
    6
    6
    2
    9
    7
    6
    6
    7
    4
    6
    7
    8
    6
    7
    4
    5
    11
    8
    5
    5
    8
    4
    6
    4
    2
    3
    3
    2
    6
    2
    6
    3
    0
    3
    6
    7
    6
    280
    228
    244
    179
    174
    142
    124
    105
    110
    112
    90
    83
    67
    78
    72
    75
    62
    66
    78
    47
    58
    50
    49
    48
    41
    37
    36
    43
    49
    36
    24
    48
    26
    22
    28
    20
    25
    25
    22
    27
    24
    23
    19
    21
    15
    12
    19
    16
    12
    14
    17
    16
    12
    12
    17
    15
    11
    10
    12
    12
    12
    6
    9
    9
    12
    11
    7
    14
    8
    9
    8
    6
    3
    10
    4
    7
    7
    3
    4
    4
    6
    4
    9
    2
    10
    3
    5
    1
    5
    3
    2
    8
    2
    1
    4
    4
    3
    9
    4
    3
    258
    240
    182
    174
    163
    135
    116
    115
    103
    94
    89
    76
    72
    78
    90
    79
    46
    73
    64
    54
    55
    57
    49
    54
    58
    41
    39
    35
    37
    40
    33
    31
    29
    23
    18
    33
    20
    24
    21
    12
    23
    21
    21
    22
    16
    19
    22
    25
    11
    15
    12
    14
    12
    12
    20
    11
    18
    14
    12
    11
    15
    9
    10
    9
    9
    13
    7
    11
    5
    8
    5
    9
    8
    6
    5
    10
    3
    2
    4
    9
    8
    10
    4
    3
    7
    7
    5
    7
    5
    5
    5
    5
    5
    4
    4
    6
    6
    3
    4
    2
    261
    256
    210
    166
    161
    136
    150
    115
    116
    117
    102
    90
    84
    69
    61
    72
    60
    58
    60
    58
    50
    40
    49
    44
    37
    33
    39
    31
    37
    33
    38
    27
    39
    24
    32
    30
    20
    19
    22
    21
    13
    20
    17
    16
    26
    22
    15
    14
    9
    10
    14
    14
    13
    13
    15
    12
    15
    15
    8
    10
    13
    15
    7
    5
    7
    7
    6
    9
    9
    7
    3
    5
    5
    4
    10
    6
    9
    8
    3
    6
    6
    9
    3
    3
    5
    3
    7
    3
    1
    2
    2
    1
    3
    4
    5
    0
    4
    4
    4
    3
    271
    223
    198
    160
    141
    125
    128
    140
    100
    107
    107
    93
    81
    81
    76
    63
    69
    55
    53
    56
    52
    47
    52
    59
    38
    33
    26
    35
    37
    34
    38
    34
    29
    43
    26
    25
    19
    18
    24
    28
    26
    25
    23
    23
    20
    22
    16
    12
    18
    18
    18
    17
    13
    16
    12
    11
    15
    12
    9
    12
    14
    12
    5
    13
    14
    11
    12
    7
    4
    14
    9
    7
    10
    5
    9
    4
    4
    6
    6
    5
    7
    3
    6
    8
    7
    9
    9
    2
    5
    6
    0
    2
    9
    1
    2
    6
    2
    5
    2
    1
    256
    197
    207
    147
    145
    133
    140
    107
    117
    100
    91
    80
    74
    66
    69
    65
    70
    59
    66
    63
    44
    58
    42
    37
    43
    44
    50
    38
    33
    31
    32
    19
    23
    28
    30
    21
    23
    22
    17
    22
    22
    13
    16
    18
    26
    14
    14
    8
    12
    16
    11
    18
    9
    11
    14
    11
    13
    7
    9
    7
    5
    11
    7
    20
    7
    10
    9
    8
    7
    10
    9
    6
    4
    8
    7
    6
    5
    5
    6
    5
    6
    6
    3
    7
    6
    5
    1
    8
    4
    4
    7
    2
    7
    3
    6
    5
    6
    6
    2
    3
    279
    223
    175
    191
    129
    154
    121
    111
    112
    90
    87
    81
    80
    60
    84
    75
    64
    68
    53
    50
    64
    43
    54
    43
    44
    26
    38
    38
    51
    37
    35
    28
    26
    33
    30
    18
    21
    12
    20
    28
    22
    22
    20
    16
    22
    16
    14
    19
    13
    20
    17
    14
    6
    12
    16
    9
    12
    13
    9
    11
    10
    7
    8
    4
    14
    9
    8
    7
    12
    5
    8
    6
    5
    11
    4
    7
    8
    5
    6
    2
    9
    4
    8
    3
    2
    4
    5
    4
    4
    2
    2
    1
    2
    4
    2
    2
    0
    2
    5
    4
    270
    204
    196
    158
    140
    149
    121
    118
    112
    94
    88
    84
    92
    63
    70
    72
    69
    52
    54
    51
    57
    40
    53
    32
    39
    31
    34
    43
    35
    38
    35
    27
    26
    20
    21
    24
    19
    22
    27
    21
    27
    26
    18
    22
    15
    9
    16
    16
    19
    17
    14
    12
    24
    11
    11
    13
    13
    14
    1
    8
    16
    11
    6
    7
    11
    14
    10
    7
    6
    8
    10
    7
    10
    6
    9
    6
    6
    5
    6
    5
    5
    6
    2
    2
    5
    5
    7
    1
    4
    5
    3
    5
    5
    3
    3
    2
    4
    8
    3
    3
    315
    235
    210
    197
    148
    139
    128
    111
    114
    96
    85
    102
    86
    85
    74
    47
    58
    61
    63
    57
    57
    49
    56
    36
    44
    40
    43
    28
    37
    36
    30
    33
    32
    19
    25
    23
    19
    26
    17
    29
    19
    23
    24
    20
    16
    15
    22
    26
    14
    18
    18
    16
    12
    11
    11
    15
    10
    13
    16
    11
    10
    3
    8
    9
    7
    8
    6
    11
    7
    10
    9
    4
    10
    13
    17
    7
    4
    3
    6
    5
    5
    5
    8
    7
    2
    2
    4
    6
    8
    3
    6
    4
    3
    4
    5
    1
    1
    4
    2
    4
    290
    228
    180
    174
    149
    120
    131
    133
    108
    89
    91
    89
    82
    81
    79
    86
    69
    67
    65
    52
    61
    43
    46
    47
    31
    38
    49
    36
    33
    29
    28
    29
    30
    38
    21
    31
    24
    38
    38
    19
    26
    18
    13
    14
    14
    24
    21
    13
    11
    20
    20
    19
    5
    11
    13
    6
    13
    11
    14
    13
    14
    8
    11
    10
    9
    6
    10
    9
    6
    12
    5
    10
    8
    9
    9
    6
    7
    7
    5
    8
    6
    8
    4
    6
    5
    3
    5
    3
    5
    5
    3
    5
    3
    2
    3
    4
    8
    3
    4
    2
    267
    225
    217
    174
    165
    138
    124
    119
    122
    92
    80
    84
    84
    79
    78
    73
    57
    52
    52
    56
    49
    44
    42
    56
    44
    33
    35
    37
    38
    37
    36
    28
    32
    29
    21
    28
    23
    21
    28
    22
    28
    23
    21
    13
    22
    14
    9
    17
    16
    17
    14
    15
    21
    11
    11
    13
    12
    12
    6
    8
    16
    15
    10
    7
    8
    5
    4
    10
    5
    7
    8
    12
    6
    7
    4
    4
    4
    8
    11
    5
    5
    10
    7
    3
    8
    7
    6
    4
    3
    4
    2
    5
    4
    4
    4
    5
    4
    7
    2
    5
    259
    238
    221
    177
    148
    140
    151
    102
    117
    106
    105
    89
    86
    73
    71
    68
    91
    57
    55
    39
    54
    49
    58
    38
    42
    37
    42
    34
    32
    35
    26
    35
    32
    31
    16
    31
    22
    18
    26
    28
    23
    12
    24
    15
    20
    19
    20
    17
    13
    11
    17
    10
    13
    14
    12
    11
    10
    7
    9
    9
    12
    8
    12
    9
    5
    10
    9
    5
    8
    8
    9
    5
    6
    6
    10
    5
    6
    3
    6
    7
    10
    4
    6
    5
    5
    3
    4
    3
    9
    5
    3
    3
    2
    9
    5
    0
    2
    10
    9
    6
    285
    220
    218
    180
    160
    129
    133
    122
    108
    99
    95
    101
    64
    86
    61
    67
    58
    52
    52
    61
    52
    55
    65
    42
    33
    39
    48
    35
    40
    32
    34
    36
    33
    33
    26
    22
    32
    21
    18
    26
    15
    20
    15
    14
    14
    17
    15
    11
    10
    12
    14
    13
    13
    9
    11
    13
    10
    22
    11
    9
    10
    6
    8
    5
    12
    10
    8
    8
    7
    9
    6
    5
    4
    8
    2
    7
    5
    5
    7
    4
    3
    6
    5
    4
    3
    1
    3
    7
    7
    3
    3
    4
    3
    5
    1
    8
    6
    4
    1
    8
    271
    208
    184
    177
    141
    141
    121
    123
    106
    111
    113
    85
    92
    77
    79
    64
    78
    59
    68
    49
    64
    47
    54
    35
    52
    41
    42
    48
    42
    28
    34
    31
    28
    24
    22
    23
    17
    25
    15
    20
    23
    17
    10
    23
    14
    20
    20
    15
    23
    12
    15
    12
    13
    12
    21
    14
    8
    7
    8
    13
    9
    6
    6
    10
    7
    6
    5
    6
    8
    13
    5
    9
    3
    6
    6
    3
    10
    3
    7
    7
    6
    10
    5
    4
    9
    4
    3
    3
    8
    4
    0
    4
    7
    4
    4
    1
    5
    4
    1
    4
    255
    235
    202
    170
    159
    145
    131
    133
    111
    103
    97
    92
    79
    84
    65
    91
    74
    70
    42
    69
    63
    33
    48
    51
    46
    45
    36
    36
    47
    35
    31
    35
    25
    34
    24
    21
    22
    16
    18
    19
    15
    21
    18
    15
    18
    17
    14
    14
    18
    10
    16
    14
    10
    14
    18
    10
    17
    16
    11
    14
    6
    5
    12
    7
    11
    9
    9
    10
    6
    7
    6
    7
    7
    8
    4
    11
    2
    6
    7
    9
    6
    2
    4
    9
    4
    11
    6
    3
    9
    8
    1
    5
    6
    3
    7
    6
    1
    7
    5
    4
    297
    212
    181
    164
    163
    123
    131
    109
    129
    107
    80
    84
    76
    82
    65
    60
    76
    60
    67
    72
    46
    40
    52
    46
    41
    39
    37
    39
    39
    36
    31
    39
    35
    26
    25
    25
    25
    20
    28
    31
    26
    14
    27
    25
    21
    17
    22
    10
    19
    10
    16
    15
    13
    8
    16
    17
    8
    18
    10
    6
    9
    12
    9
    8
    15
    4
    5
    10
    2
    6
    6
    7
    8
    5
    8
    4
    11
    7
    4
    5
    7
    3
    8
    4
    5
    8
    4
    8
    4
    3
    4
    7
    4
    2
    5
    0
    1
    5
    2
    4
    274
    235
    183
    175
    148
    144
    130
    107
    107
    98
    100
    81
    92
    76
    70
    66
    62
    70
    65
    43
    36
    54
    60
    39
    37
    47
    33
    34
    36
    32
    37
    36
    34
    27
    36
    31
    29
    21
    28
    17
    31
    20
    21
    13
    17
    8
    10
    12
    13
    17
    14
    14
    11
    16
    9
    11
    14
    9
    8
    12
    9
    12
    10
    10
    8
    5
    13
    13
    7
    7
    12
    2
    4
    8
    9
    6
    8
    9
    5
    5
    2
    9
    2
    6
    5
    5
    6
    0
    9
    2
    7
    4
    2
    6
    5
    4
    3
    0
    11
    5
    248
    231
    206
    166
    149
    119
    121
    101
    113
    118
    97
    85
    100
    68
    85
    78
    63
    63
    53
    55
    51
    57
    33
    56
    41
    48
    33
    40
    42
    40
    38
    25
    35
    26
    30
    20
    24
    31
    15
    21
    21
    20
    21
    19
    21
    16
    15
    15
    12
    11
    15
    17
    10
    16
    13
    14
    11
    17
    8
    14
    11
    11
    14
    9
    12
    17
    2
    8
    7
    8
    9
    15
    7
    8
    8
    8
    5
    4
    5
    3
    7
    4
    8
    10
    5
    9
    3
    2
    6
    8
    5
    5
    4
    4
    1
    2
    4
    3
    3
    6
    278
    206
    181
    175
    172
    139
    120
    125
    117
    91
    80
    88
    82
    77
    79
    68
    66
    63
    47
    47
    44
    42
    48
    40
    36
    45
    40
    37
    41
    35
    35
    37
    30
    25
    31
    27
    34
    26
    21
    20
    16
    20
    17
    15
    18
    22
    11
    14
    13
    17
    13
    13
    29
    21
    16
    11
    11
    8
    18
    13
    9
    7
    7
    7
    12
    8
    8
    6
    8
    10
    6
    6
    7
    15
    8
    8
    9
    6
    10
    6
    3
    3
    4
    4
    5
    4
    2
    5
    5
    7
    3
    4
    5
    3
    7
    1
    1
    8
    3
    2
    301
    214
    217
    173
    161
    128
    149
    119
    107
    90
    86
    93
    90
    88
    80
    70
    68
    65
    61
    43
    51
    53
    41
    30
    48
    67
    46
    40
    30
    32
    24
    43
    33
    34
    26
    27
    27
    24
    25
    16
    21
    19
    20
    14
    15
    17
    18
    25
    7
    10
    15
    9
    8
    10
    11
    19
    14
    14
    9
    9
    10
    11
    8
    9
    11
    9
    12
    11
    7
    8
    5
    8
    6
    6
    7
    10
    8
    7
    9
    10
    3
    9
    4
    2
    2
    2
    4
    3
    3
    2
    4
    2
    5
    4
    5
    3
    1
    2
    4
    5
    273
    233
    207
    151
    158
    148
    103
    137
    117
    96
    96
    91
    84
    76
    80
    78
    53
    63
    49
    50
    55
    44
    53
    44
    39
    40
    32
    45
    47
    43
    35
    38
    26
    23
    30
    33
    19
    16
    36
    30
    22
    21
    29
    22
    29
    10
    19
    15
    17
    9
    8
    16
    14
    11
    16
    13
    14
    7
    14
    18
    10
    11
    9
    12
    14
    10
    9
    6
    8
    6
    4
    6
    2
    6
    5
    3
    11
    9
    5
    9
    4
    1
    3
    6
    7
    4
    2
    5
    6
    4
    5
    2
    3
    2
    2
    5
    8
    5
    5
    6
    265
    214
    172
    172
    143
    127
    125
    118
    105
    106
    110
    91
    80
    70
    63
    70
    55
    64
    68
    54
    70
    67
    49
    41
    39
    42
    35
    53
    34
    41
    29
    27
    28
    31
    15
    22
    17
    15
    32
    18
    25
    20
    24
    21
    15
    12
    15
    16
    8
    17
    16
    14
    15
    17
    11
    11
    14
    13
    8
    4
    9
    10
    8
    14
    7
    5
    5
    11
    5
    3
    2
    7
    6
    2
    9
    7
    5
    9
    3
    5
    11
    3
    9
    5
    5
    6
    5
    3
    8
    4
    4
    7
    5
    6
    5
    4
    2
    2
    7
    4
    280
    224
    195
    149
    151
    126
    128
    121
    101
    104
    102
    95
    77
    78
    67
    60
    60
    51
    58
    46
    53
    45
    49
    53
    42
    38
    37
    46
    39
    38
    37
    38
    31
    27
    32
    24
    23
    23
    26
    27
    22
    26
    26
    11
    23
    23
    18
    21
    8
    19
    9
    10
    18
    9
    13
    13
    7
    13
    12
    7
    7
    6
    10
    9
    6
    14
    12
    7
    9
    9
    7
    11
    5
    7
    4
    5
    3
    4
    3
    4
    5
    2
    4
    9
    5
    2
    2
    4
    5
    1
    7
    5
    1
    5
    3
    6
    4
    2
    2
    3
    273
    242
    192
    157
    172
    150
    140
    118
    111
    99
    97
    88
    92
    77
    88
    66
    67
    60
    64
    62
    50
    44
    60
    39
    38
    32
    38
    36
    46
    30
    27
    42
    23
    29
    28
    33
    23
    27
    26
    19
    24
    24
    19
    17
    22
    20
    15
    12
    12
    14
    15
    17
    17
    14
    9
    12
    15
    16
    9
    10
    14
    4
    9
    7
    6
    14
    7
    7
    9
    8
    7
    6
    9
    12
    7
    6
    3
    10
    6
    11
    6
    8
    3
    4
    3
    3
    7
    1
    5
    4
    5
    5
    7
    5
    7
    7
    2
    4
    3
    5
    270
    253
    209
    180
    142
    137
    128
    135
    99
    92
    101
    93
    80
    83
    83
    63
    74
    72
    51
    54
    64
    54
    43
    44
    47
    37
    39
    25
    39
    36
    34
    31
    34
    34
    22
    27
    23
    27
    18
    19
    20
    27
    17
    14
    21
    18
    20
    16
    21
    14
    14
    14
    18
    11
    16
    12
    11
    8
    11
    9
    10
    11
    7
    13
    12
    5
    12
    15
    6
    6
    7
    12
    4
    7
    11
    6
    3
    7
    8
    10
    5
    7
    3
    5
    5
    7
    5
    4
    6
    3
    1
    6
    4
    5
    4
    5
    0
    3
    4
    2
    289
    241
    206
    170
    162
    140
    115
    122
    126
    104
    92
    95
    76
    77
    58
    79
    78
    69
    71
    53
    56
    46
    40
    53
    37
    40
    43
    36
    40
    41
    32
    33
    24
    24
    27
    30
    27
    26
    19
    16
    12
    23
    23
    15
    15
    12
    21
    24
    16
    18
    10
    11
    12
    16
    14
    13
    11
    10
    6
    12
    5
    10
    10
    8
    10
    9
    12
    13
    12
    8
    7
    7
    3
    9
    5
    9
    10
    9
    2
    12
    3
    6
    5
    7
    3
    9
    3
    1
    6
    9
    4
    5
    2
    5
    2
    2
    2
    0
    3
    4
    267
    231
    209
    182
    148
    146
    137
    129
    95
    82
    89
    97
    73
    75
    72
    75
    65
    45
    60
    50
    38
    67
    44
    54
    36
    44
    34
    27
    35
    32
    28
    28
    39
    26
    30
    35
    24
    25
    24
    13
    16
    20
    19
    18
    17
    16
    19
    9
    23
    11
    21
    12
    13
    14
    13
    13
    20
    15
    11
    11
    15
    16
    11
    12
    6
    12
    7
    8
    7
    4
    2
    6
    4
    9
    4
    7
    5
    3
    7
    5
    8
    1
    4
    3
    9
    10
    4
    7
    7
    5
    5
    4
    4
    4
    4
    2
    3
    5
    4
    4
    267
    247
    187
    159
    146
    123
    128
    124
    109
    109
    92
    103
    90
    77
    101
    74
    75
    54
    50
    37
    47
    61
    47
    46
    41
    45
    34
    43
    28
    23
    43
    38
    31
    22
    20
    25
    17
    18
    21
    26
    18
    22
    27
    14
    24
    17
    18
    7
    24
    13
    11
    10
    17
    18
    10
    13
    7
    13
    11
    12
    8
    7
    10
    5
    14
    12
    8
    4
    7
    4
    10
    8
    4
    7
    6
    13
    4
    3
    12
    6
    5
    6
    10
    5
    8
    4
    5
    4
    2
    4
    0
    4
    4
    4
    1
    7
    3
    6
    4
    5
    291
    228
    209
    157
    160
    132
    111
    115
    100
    113
    105
    96
    90
    73
    69
    59
    63
    56
    67
    57
    47
    63
    47
    45
    36
    45
    34
    29
    26
    30
    33
    35
    34
    35
    27
    22
    18
    28
    26
    22
    24
    27
    20
    28
    22
    21
    21
    20
    22
    16
    7
    16
    15
    15
    18
    12
    11
    10
    11
    9
    8
    6
    8
    10
    5
    13
    5
    6
    8
    8
    9
    9
    6
    3
    10
    6
    13
    8
    8
    4
    6
    8
    7
    5
    3
    6
    3
    5
    5
    7
    5
    10
    4
    4
    3
    4
    8
    1
    3
    4
    270
    227
    177
    159
    144
    140
    129
    120
    104
    100
    98
    75
    79
    78
    65
    79
    64
    64
    66
    44
    45
    49
    51
    50
    35
    43
    34
    36
    28
    37
    34
    36
    30
    25
    18
    33
    19
    19
    19
    24
    24
    22
    19
    16
    18
    18
    21
    11
    19
    26
    14
    15
    15
    14
    22
    12
    10
    14
    11
    8
    9
    7
    15
    10
    7
    6
    5
    9
    11
    7
    9
    2
    8
    7
    11
    4
    8
    6
    8
    5
    3
    7
    2
    3
    6
    5
    7
    6
    2
    3
    3
    2
    5
    3
    3
    5
    4
    1
    6
    4
    298
    225
    178
    154
    158
    157
    137
    126
    124
    91
    94
    85
    85
    84
    67
    69
    84
    70
    66
    54
    53
    46
    41
    38
    52
    43
    32
    44
    39
    34
    39
    21
    24
    26
    28
    28
    20
    19
    23
    22
    24
    18
    15
    23
    24
    16
    17
    17
    18
    16
    17
    13
    11
    15
    9
    14
    8
    10
    14
    18
    7
    15
    9
    4
    16
    7
    5
    9
    13
    7
    6
    6
    7
    7
    11
    7
    8
    5
    9
    10
    5
    3
    5
    2
    3
    4
    5
    6
    4
    3
    4
    2
    5
    3
    3
    2
    4
    4
    2
    1
    264
    243
    206
    173
    147
    132
    141
    116
    114
    92
    98
    74
    84
    77
    77
    88
    64
    65
    51
    58
    41
    40
    66
    47
    56
    30
    41
    36
    31
    28
    32
    29
    28
    34
    31
    24
    29
    19
    26
    28
    25
    18
    19
    19
    27
    18
    15
    16
    17
    22
    15
    15
    10
    8
    11
    15
    11
    13
    7
    14
    7
    15
    6
    9
    8
    10
    5
    8
    11
    8
    7
    9
    9
    3
    7
    13
    5
    4
    8
    10
    3
    3
    2
    3
    0
    5
    2
    4
    5
    8
    3
    6
    2
    2
    2
    1
    6
    4
    3
    2

Data:
    0
    0
    0
    0
    0
    0
    0
    0
    0
    0
    0
    0
    0
    0
    0
    0
    0
    0
    0
    0
    0
    0
    0
    0
    0
    0
    0
    0
    0
    0
    0
    0
    0
    0
    0
    0
    0
    0
    0
    0
    0
    0
    0
    0
    0
    0
    0
    0
    0
    0
    0
    0
    0
    0
    0
    0
    0
    0
    0
    0
    0
    0
    0
    0
    0
    0
    0
    0
    0
    0
    0
    0
    0
    0
    0
    0
    0
    0
    0
    0
    0
    0
    0
    0
    0
    0
    0
    0
    0
    0
    0
    0
    0
    0
    0
    0
    0
    0
    0
    0
    0
    0
    0
    0
    0
    0
    0
    0
    0
    0
    0
    0
    0
    0
    0
    0
    0
    0
    0
    0
    0
    0
    0
    0
    0
    0
    0
    0
    0
    0
    0
    0
    0
    0
    0
    0
    0
    0
    0
    0
    0
    0
    0
    0
    0
    0
    0
    0
    0
    0
    0
    0
    0
    0
    0
    0
    0
    0
    0
    0
    0
    0
    0
    0
    0
    0
    0
    0
    0
    0
    0
    0
    0
    0
    0
    0
    0
    0
    0
    0
    0
    0
    0
    0
    0
    0
    0
    0
    0
    0
    0
    0
    0
    0
    0
    0
    0
    0
    0
    0
    0
    0
    0
    0
    0
    0
    0
    0
    0
    0
    0
    0
    0
    0
    0
    0
    0
    0
    0
    0
    0
    0
    0
    0
    0
    0
    0
    0
    0
    0
    0
    0
    0
    0
    0
    0
    0
    0
    0
    0
    0
    0
    0
    0
    0
    0
    0
    0
    0
    0
    0
    0
    0
    0
    0
    0
    0
    0
    0
    0
    0
    0
    0
    0
    0
    0
    0
    0
    0
    0
    0
    0
    0
    0
    0
    0
    0
    0
    0
    0
    0
    0
    0
    0
    0
    0
    0
    0
    0
    0
    0
    0
    0
    0
    0
    0
    0
    0
    0
    0
    0
    0
    0
    0
    0
    0
    0
    0
    0
    0
    0
    0
    0
    0
    0
    0
    0
    0
    0
    0
    0
    0
    0
    0
    0
    0
    0
    0
    0
    0
    0
    0
    0
    0
    0
    0
    0
    0
    0
    0
    0
    0
    0
    0
    0
    0
    0
    0
    0
    0
    0
    0
    0
    0
    0
    0
    0
    0
    0
    0
    0
    0
    0
    0
    0
    0
    0
    0
    0
    0
    0
    0
    0
    0
    0
    0
    0
    0
    0
    0
    0
    0
    0
    0
    0
    0
    0
    0
    0
    0
    0
    0
    0
    0
    0
    0
    0
    0
    0
    0
    0
    0
    0
    0
    0
    0
    0
    0
    0
    0
    0
    0
    0
    0
    0
    0
    0
    0
    0
    0
    0
    0
    0
    0
    0
    0
    0
    0
    0
    0
    0
    0
    0
    0
    0
    0
    0
    0
    0
    0
    0
    0
    0
    0
    0
    0
    0
    0
    0
    0
    0
    0
    0
    0
    0
    0
    0
    0
    0
    0
    0
    0
    0
    0
    0
    0
    0
    0
    0
    0
    0
    0
    0
    0
    0
    0
    0
    0
    0
    0
    0
    0
    0
    0
    0
    0
    0
    0
    0
    0
    0
    0
    0
    0
    0
    0
    0
    0
    0
    0
    0
    0
    0
    0
    0
    0
    0
    0
    0
    0
    0
    0
    0
    0
    0
    0
    0
    0
    0
    0
    0
    0
    0
    0
    0
    0
    0
    0
    0
    0
    0
    0
    0
    0
    0
    0
    0
    0
    0
    0
    0
    0
    0
    0
    0
    0
    0
    0
    0
    0
    0
    0
    0
    0
    0
    0
    0
    0
    0
    0
    0
    0
    0
    0
    0
    0
    0
    0
    0
    0
    0
    0
    0
    0
    0
    0
    0
    0
    0
    0
    0
    0
    0
    0
    0
    0
    0
    0
    0
    0
    0
    0
    0
    0
    0
    0
    0
    0
    0
    0
    0
    0
    0
    0
    0
    0
    0
    0
    0
    0
    0
    0
    0
    0
    0
    0
    0
    0
    0
    0
    0
    0
    0
    0
    0
    0
    0
    0
    0
    0
    0
    0
    0
    0
    0
    0
    0
    0
    0
    0
    0
    0
    0
    0
    0
    0
    0
    0
    0
    0
    0
    0
    0
    0
    0
    0
    0
    0
    0
    0
    0
    0
    0
    0
    0
    0
    0
    0
    0
    0
    0
    0
    0
    0
    0
    0
    0
    0
    0
    0
    0
    0
    0
    0
    0
    0
    0
    0
    0
    0
    0
    0
    0
    0
    0
    0
    0
    0
    0
    0
    0
    0
    0
    0
    0
    0
    0
    0
    0
    0
    0
    0
    0
    0
    0
    0
    0
    0
    0
    0
    0
    0
    0
    0
    0
    0
    0
    0
    0
    0
    0
    0
    0
    0
    0
    0
    0
    0
    0
    0
    0
    0
    0
    0
    0
    0
    0
    0
    0
    0
    0
    0
    0
    0
    0
    0
    0
    0
    0
    0
    0
    0
    0
    0
    0
    0
    0
    0
    0
    0
    0
    0
    0
    0
    0
    0
    0
    0
    0
    0
    0
    0
    0
    0
    0
    0
    0
    0
    0
    0
    0
    0
    0
    0
    0
    0
    0
    0
    0
    0
    0
    0
    0
    0
    0
    0
    0
    0
    0
    0
    0
    0
    0
    0
    0
    0
    0
    0
    0
    0
    0
    0
    0
    0
    0
    0
    0
    0
    0
    0
    0
    0
    0
    0
    0
    0
    0
    0
    0
    0
    0
    0
    0
    0
    0
    0
    0
    0
    0
    0
    0
    0
    0
    0
    0
    0
    0
    0
    0
    0
    0
    0
    0
    0
    0
    0
    0
    0
    0
    0
    0
    0
    0
    0
    0
    0
    0
    0
    0
    0
    0
    0
    0
    0
    0
    0
    0
    0
    0
    0
    0
    0
    0
    0
    0
    0
    0
    0
    0
    0
    0
    0
    0
    0
    0
    0
    0
    0
    0
    0
    0
    0
    0
    0
    0
    0
    0
    0
    0
    0
    0
    0
    0
    0
    0
    0
    0
    0
    0
    0
    0
    0
    0
    0
    0
    0
    0
    0
    0
    0
    0
    0
    0
    0
    0
    0
    0
    0
    0
    0
    0
    0
    0
    0
    0
    0
    0
    0
    0
    0
    0
    0
    0
    0
    0
    0
    0
    0
    0
    0
    0
    0
    0
    0
    0
    0
    0
    0
    0
    0
    0
    0
    0
    0
    0
    0
    0
    0
    0
    0
    0
    0
    0
    0
    0
    0
    0
    0
    0
    0
    0
    0
    0
    0
    0
    0
    0
    0
    0
    0
    0
    0
    0
    0
    0
    0
    0
    0
    0
    0
    0
    0
    0
    0
    0
    0
    0
    0
    0
    0
    0
    0
    0
    0
    0
    0
    0
    0
    0
    0
    0
    0
    0
    0
    0
    0
    0
    0
    0
    0
    0
    0
    0
    0
    0
    0
    0
    0
    0
    0
    0
    0
    0
    0
    0
    0
    0
    0
    0
    0
    0
    0
    0
    0
    0
    0
    0
    0
    0
    0
    0
    0
    0
    0
    0
    0
    0
    0
    0
    0
    0
    0
    0
    0
    0
    0
    0
    0
    0
    0
    0
    0
    0
    0
    0
    0
    0
    0
    0
    0
    0
    0
    0
    0
    0
    0
    0
    0
    0
    0
    0
    0
    0
    0
    0
    0
    0
    0
    0
    0
    0
    0
    0
    0
    0
    0
    0
    0
    0
    0
    0
    0
    0
    0
    0
    0
    0
    0
    0
    0
    0
    0
    0
    0
    0
    0
    0
    0
    0
    0
    0
    0
    0
    0
    0
    0
    0
    0
    0
    0
    0
    0
    0
    0
    0
    0
    0
    0
    0
    0
    0
    0
    0
    0
    0
    0
    0
    0
    0
    0
    0
    0
    0
    0
    0
    0
    0
    0
    0
    0
    0
    0
    0
    0
    0
    0
    0
    0
    0
    0
    0
    0
    0
    0
    0
    0
    0
    0
    0
    0
    0
    0
    0
    0
    0
    0
    0
    0
    0
    0
    0
    0
    0
    0
    0
    0
    0
    0
    0
    0
    0
    0
    0
    0
    0
    0
    0
    0
    0
    0
    0
    0
    0
    0
    0
    0
    0
    0
    0
    0
    0
    0
    0
    0
    0
    0
    0
    0
    0
    0
    0
    0
    0
    0
    0
    0
    0
    0
    0
    0
    0
    0
    0
    0
    0
    0
    0
    0
    0
    0
    0
    0
    0
    0
    0
    0
    0
    0
    0
    0
    0
    0
    0
    0
    0
    0
    0
    0
    0
    0
    0
    0
    0
    0
    0
    0
    0
    0
    0
    0
    0
    0
    0
    0
    0
    0
    0
    0
    0
    0
    0
    0
    0
    0
    0
    0
    0
    0
    0
    0
    0
    0
    0
    0
    0
    0
    0
    0
    0
    0
    0
    0
    0
    0
    0
    0
    0
    0
    0
    0
    0
    0
    0
    0
    0
    0
    0
    0
    0
    0
    0
    0
    0
    0
    0
    0
    0
    0
    0
    0
    0
    0
    0
    0
    0
    0
    0
    0
    0
    0
    0
    0
    0
    0
    0
    0
    0
    0
    0
    0
    0
    0
    0
    0
    0
    0
    0
    0
    0
    0
    0
    0
    0
    0
    0
    0
    0
    0
    0
    0
    0
    0
    0
    0
    0
    0
    0
    0
    0
    0
    0
    0
    0
    0
    0
    0
    0
    0
    0
    0
    0
    0
    0
    0
    0
    0
    0
    0
    0
    0
    0
    0
    0
    0
    0
    0
    0
    0
    0
    0
    0
    0
    0
    0
    0
    0
    0
    0
    0
    0
    0
    0
    0
    0
    0
    0
    0
    0
    0
    0
    0
    0
    0
    0
    0
    0
    0
    0
    0
    0
    0
    0
    0
    0
    0
    0
    0
    0
    0
    0
    0
    0
    0
    0
    0
    0
    0
    0
    0
    0
    0
    0
    0
    0
    0
    0
    0
    0
    0
    0
    0
    0
    0
    0
    0
    0
    0
    0
    0
    0
    0
    0
    0
    0
    0
    0
    0
    0
    0
    0
    0
    0
    0
    0
    0
    0
    0
    0
    0
    0
    0
    0
    0
    0
    0
    0
    0
    0
    0
    0
    0
    0
    0
    0
    0
    0
    0
    0
    0
    0
    0
    0
    0
    0
    0
    0
    0
    0
    0
    0
    0
    0
    0
    0
    0
    0
    0
    0
    0
    0
    0
    0
    0
    0
    0
    0
    0
    0
    0
    0
    0
    0
    0
    0
    0
    0
    0
    0
    0
    0
    0
    0
    0
    0
    0
    0
    0
    0
    0
    0
    0
    0
    0
    0
    0
    0
    0
    0
    0
    0
    0
    0
    0
    0
    0
    0
    0
    0
    0
    0
    0
    0
    0
    0
    0
    0
    0
    0
    0
    0
    0
    0
    0
    0
    0
    0
    0
    0
    0
    0
    0
    0
    0
    0
    0
    0
    0
    0
    0
    0
    0
    0
    0
    0
    0
    0
    0
    0
    0
    0
    0
    0
    0
    0
    0
    0
    0
    0
    0
    0
    0
    0
    0
    0
    0
    0
    0
    0
    0
    0
    0
    0
    0
    0
    0
    0
    0
    0
    0
    0
    0
    0
    0
    0
    0
    0
    0
    0
    0
    0
    0
    0
    0
    0
    0
    0
    0
    0
    0
    0
    0
    0
    0
    0
    0
    0
    0
    0
    0
    0
    0
    0
    0
    0
    0
    0
    0
    0
    0
    0
    0
    0
    0
    0
    0
    0
    0
    0
    0
    0
    0
    0
    0
    0
    0
    0
    0
    0
    0
    0
    0
    0
    0
    0
    0
    0
    0
    0
    0
    0
    0
    0
    0
    0
    0
    0
    0
    0
    0
    0
    0
    0
    0
    0
    0
    0
    0
    0
    0
    0
    0
    0
    0
    0
    0
    0
    0
    0
    0
    0
    0
    0
    0
    0
    0
    0
    0
    0
    0
    0
    0
    0
    0
    0
    0
    0
    0
    0
    0
    0
    0
    0
    0
    0
    0
    0
    0
    0
    0
    0
    0
    0
    0
    0
    0
    0
    0
    0
    0
    0
    0
    0
    0
    0
    0
    0
    0
    0
    0
    0
    0
    0
    0
    0
    0
    0
    0
    0
    0
    0
    0
    0
    0
    0
    0
    0
    0
    0
    0
    0
    0
    0
    0
    0
    0
    0
    0
    0
    0
    0
    0
    0
    0
    0
    0
    0
    0
    0
    0
    0
    0
    0
    0
    0
    0
    0
    0
    0
    0
    0
    0
    0
    0
    0
    0
    0
    0
    0
    0
    0
    0
    0
    0
    0
    0
    0
    0
    0
    0
    0
    0
    0
    0
    0
    0
    0
    0
    0
    0
    0
    0
    0
    0
    0
    0
    0
    0
    0
    0
    0
    0
    0
    0
    0
    0
    0
    0
    0
    0
    0
    0
    0
    0
    0
    0
    0
    0
    0
    0
    0
    0
    0
    0
    0
    0
    0
    0
    0
    0
    0
    0
    0
    0
    0
    0
    0
    0
    0
    0
    0
    0
    0
    0
    0
    0
    0
    0
    0
    0
    0
    0
    0
    0
    0
    0
    0
    0
    0
    0
    0
    0
    0
    0
    0
    0
    0
    0
    0
    0
    0
    0
    0
    0
    0
    0
    0
    0
    0
    0
    0
    0
    0
    0
    0
    0
    0
    0
    0
    0
    0
    0
    0
    0
    0
    0
    0
    0
    0
    0
    0
    0
    0
    0
    0
    0
    0
    0
    0
    0
    0
    0
    0
    0
    0
    0
    0
    0
    0
    0
    0
    0
    0
    0
    0
    0
    0
    0
    0
    0
    0
    0
    0
    0
    0
    0
    0
    0
    0
    0
    0
    0
    0
    0
    0
    0
    0
    0
    0
    0
    0
    0
    0
    0
    0
    0
    0
    0
    0
    0
    0
    0
    0
    0
    0
    0
    0
    0
    0
    0
    0
    0
    0
    0
    0
    0
    0
    0
    0
    0
    0
    0
    0
    0
    0
    0
    0
    0
    0
    0
    0
    0
    0
    0
    0
    0
    0
    0
    0
    0
    0
    0
    0
    0
    0
    0
    0
    0
    0
    0
    0
    0
    0
    0
    0
    0
    0
    0
    0
    0
    0
    0
    0
    0
    0
    0
    0
    0
    0
    0
    0
    0
    0
    0
    0
    0
    0
    0
    0
    0
    0
    0
    0
    0
    0
    0
    0
    0
    0
    0
    0
    0
    0
    0
    0
    0
    0
    0
    0
    0
    0
    0
    0
    0
    0
    0
    0
    0
    0
    0
    0
    0
    0
    0
    0
    0
    0
    0
    0
    0
    0
    0
    0
    0
    0
    0
    0
    0
    0
    0
    0
    0
    0
    0
    0
    0
    0
    0
    0
    0
    0
    0
    0
    0
    0
    0
    0
    0
    0
    0
    0
    0
    0
    0
    0
    0
    0
    0
    0
    0
    0
    0
    0
    0
    0
    0
    0
    0
    0
    0
    0
    0
    0
    0
    0
    0
    0
    0
    0
    0
    0
    0
    0
    0
    0
    0
    0
    0
    0
    0
    0
    0
    0
    0
    0
    0
    0
    0
    0
    0
    0
    0
    0
    0
    0
    0
    0
    0
    0
    0
    0
    0
    0
    0
    0
    0
    0
    0
    0
    0
    0
    0
    0
    0
    0
    0
    0
    0
    0
    0
    0
    0
    0
    0
    0
    0
    0
    0
    0
    0
    0
    0
    0
    0
    0
    0
    0
    0
    0
    0
    0
    0
    0
    0
    0
    0
    0
    0
    0
    0
    0
    0
    0
    0
    0
    0
    0
    0
    0
    0
    0
    0
    0
    0
    0
    0
    0
    0
    0
    0
    0
    0
    0
    0
    0
    0
    0
    0
    0
    0
    0
    0
    0
    0
    0
    0
    0
    0
    0
    0
    0
    0
    0
    0
    0
    0
    0
    0
    0
    0
    0
    0
    0
    0
    0
    0
    0
    0
    0
    0
    0
    0
    0
    0
    0
    0
    0
    0
    0
    0
    0
    0
    0
    0
    0
    0
    0
    0
    0
    0
    0
    0
    0
    0
    0
    0
    0
    0
    0
    0
    0
    0
    0
    0
    0
    0
    0
    0
    0
    0
    0
    0
    0
    0
    0
    0
    0
    0
    0
    0
    0
    0
    0
    0
    0
    0
    0
    0
    0
    0
    0
    0
    0
    0
    0
    0
    0
    0
    0
    0
    0
    0
    0
    0
    0
    0
    0
    0
    0
    0
    0
    0
    0
    0
    0
    0
    0
    0
    0
    0
    0
    0
    0
    0
    0
    0
    0
    0
    0
    0
    0
    0
    0
    0
    0
    0
    0
    0
    0
    0
    0
    0
    0
    0
    0
    0
    0
    0
    0
    0
    0
    0
    0
    0
    0
    0
    0
    0
    0
    0
    0
    0
    0
    0
    0
    0
    0
    0
    0
    0
    0
    0
    0
    0
    0
    0
    0
    0
    0
    0
    0
    0
    0
    0
    0
    0
    0
    0
    0
    0
    0
    0
    0
    0
    0
    0
    0
    0
    0
    0
    0
    0
    0
    0
    0
    0
    0
    0
    0
    0
    0
    0
    0
    0
    0
    0
    0
    0
    0
    0
    0
    0
    0
    0
    0
    0
    0
    0
    0
    0
    0
    0
    0
    0
    0
    0
    0
    0
    0
    0
    0
    0
    0
    0
    0
    0
    0
    0
    0
    0
    0
    0
    0
    0
    0
    0
    0
    0
    0
    0
    0
    0
    0
    0
    0
    0
    0
    0
    0
    0
    0
    0
    0
    0
    0
    0
    0
    0
    0
    0
    0
    0
    0
    0
    0
    0
    0
    0
    0
    0
    0
    0
    0
    0
    0
    0
    0
    0
    0
    0
    0
    0
    0
    0
    0
    0
    0
    0
    0
    0
    0
    0
    0
    0
    0
    0
    0
    0
    0
    0
    0
    0
    0
    0
    0
    0
    0
    0
    0
    0
    0
    0
    0
    0
    0
    0
    0
    0
    0
    0
    0
    0
    0
    0
    0
    0
    0
    0
    0
    0
    0
    0
    0
    0
    0
    0
    0
    0
    0
    0
    0
    0
    0
    0
    0
    0
    0
    0
    0
    0
    0
    0
    0
    0
    0
    0
    0
    0
    0
    0
    0
    0
    0
    0
    0
    0
    0
    0
    0
    0
    0
    0
    0
    0
    0
    0
    0
    0
    0
    0
    0
    0
    0
    0
    0
    0
    0
    0
    0
    0
    0
    0
    0
    0
    0
    0
    0
    0
    0
    0
    0
    0
    0
    0
    0
    0
    0
    0
    0
    0
    0
    0
    0
    0
    0
    0
    0
    0
    0
    0
    0
    0
    0
    0
    0
    0
    0
    0
    0
    0
    0
    0
    0
    0
    0
    0
    0
    0
    0
    0
    0
    0
    0
    0
    0
    0
    0
    0
    0
    0
    0
    0
    0
    0
    0
    0
    0
    0
    0
    0
    0
    0
    0
    0
    0
    0
    0
    0
    0
    0
    0
    0
    0
    0
    0
    0
    0
    0
    0
    0
    0
    0
    0
    0
    0
    0
    0
    0
    0
    0
    0
    0
    0
    0
    0
    0
    0
    0
    0
    0
    0
    0
    0
    0
    0
    0
    0
    0
    0
    0
    0
    0
    0
    0
    0
    0
    0
    0
    0
    0
    0
    0
    0
    0
    0
    0
    0
    0
    0
    0
    0
    0
    0
    0
    0
    0
    0
    0
    0
    0
    0
    0
    0
    0
    0
    0
    0
    0
    0
    0
    0
    0
    0
    0
    0
    0
    0
    0
    0
    0
    0
    0
    0
    0
    0
    0
    0
    0
    0
    0
    0
    0
    0
    0
    0
    0
    0
    0
    0
    0
    0
    0
    0
    0
    0
    0
    0
    0
    0
    0
    0
    0
    0
    0
    0
    0
    0
    0
    0
    0
    0
    0
    0
    0
    0
    0
    0
    0
    0
    0
    0
    0
    0
    0
    0
    0
    0
    0
    0
    0
    0
    0
    0
    0
    0
    0
    0
    0
    0
    0
    0
    0
    0
    0
    0
    0
    0
    0
    0
    0
    0
    0
    0
    0
    0
    0
    0
    0
    0
    0
    0
    0
    0
    0
    0
    0
    0
    0
    0
    0
    0
    0
    0
    0
    0
    0
    0
    0
    0
    0
    0
    0
    0
    0
    0
    0
    0
    0
    0
    0
    0
    0
    0
    0
    0
    0
    0
    0
    0
    0
    0
    0
    0
    0
    0
    0
    0
    0
    0
    0
    0
    0
    0
    0
    0
    0
    0
    0
    0
    0
    0
    0
    0
    0
    0
    0
    0
    0
    0
    0
    0
    0
    0
    0
    0
    0
    0
    0
    0
    0
    0
    0
    0
    0
    0
    0
    0
    0
    0
    0
    0
    0
    0
    0
    0
    0
    0
    0
    0
    0
    0
    0
    0
    0
    0
    0
    0
    0
    0
    0
    0
    0
    0
    0
    0
    0
    0
    0
    0
    0
    0
    0
    0
    0
    0
    0
    0
    0
    0
    0
    0
    0
    0
    0
    0
    0
    0
    0
    0
    0
    0
    0
    0
    0
    0
    0
    0
    0
    0
    0
    0
    0
    0
    0
    0
    0
    0
    0
    0
    0
    0
    0
    0
    0
    0
    0
    0
    0
    0
    0
    0
    0
    0
    0
    0
    0
    0
    0
    0
    0
    0
    0
    0
    0
    0
    0
    0
    0
    0
    0
    0
    0
    0
    0
    0
    0
    0
    0
    0
    0
    0
    0
    0
    0
    0
    0
    0
    0
    0
    0
    0
    0
    0
    0
    0
    0
    0
    0
    0
    0
    0
    0
    0
    0
    0
    0
    0
    0
    0
    0
    0
    0
    0
    0
    0
    0
    0
    0
    0
    0
    0
    0
    0
    0
    0
    0
    0
    0
    0
    0
    0
    0
    0
    0
    0
    0
    0
    0
    0
    0
    0
    0
    0
    0
    0
    0
    0
    0
    0
    0
    0
    0
    0
    0
    0
    0
    0
    0
    0
    0
    0
    0
    0
    0
    0
    0
    0
    0
    0
    0
    0
    0
    0
    0
    0
    0
    0
    0
    0
    0
    0
    0
    0
    0
    0
    0
    0
    0
    0
    0
    0
    0
    0
    0
    0
    0
    0
    0
    0
    0
    0
    0
    0
    0
    0
    0
    0
    0
    0
    0
    0
    0
    0
    0
    0
    0
    0
    0
    0
    0
    0
    0
    0
    0
    0
    0
    0
    0
    0
    0
    0
    0
    0
    0
    0
    0
    0
    0
    0
    0
    0
    0
    0
    0
    0
    0
    0
    0
    0
    0
    0
    0
    0
    0
    0
    0
    0
    0
    0
    0
    0
    0
    0
    0
    0
    0
    0
    0
    0
    0
    0
    0
    0
    0
    0
    0
    0
    0
    0
    0
    0
    0
    0
    0
    0
    0
    0
    0
    0
    0
    0
    0
    0
    0
    0
    0
    0
    0
    0
    0
    0
    0
    0
    0
    0
    0
    0
    0
    0
    0
    0
    0
    0
    0
    0
    0
    0
    0
    0
    0
    0
    0
    0
    0
    0
    0
    0
    0
    0
    0
    0
    0
    0
    0
    0
    0
    0
    0
    0
    0
    0
    0
    0
    0
    0
    0
    0
    0
    0
    0
    0
    0
    0
    0
    0
    0
    0
    0
    0
    0
    0
    0
    0
    0
    0
    0
    0
    0
    0
    0
    0
    0
    0
    0
    0
    0
    0
    0
    0
    0
    0
    0
    0
    0
    0
    0
    0
    0
    0
    0
    0
    0
    0
    0
    0
    0
    0
    0
    0
    0
    0
    0
    0
    0
    0
    0
    0
    0
    0
    0
    0
    0
    0
    0
    0
    0
    0
    0
    0
    0
    0
    0
    0
    0
    0
    0
    0
    0
    0
    0
    0
    0
    0
    0
    0
    0
    0
    0
    0
    0
    0
    0
    0
    0
    0
    0
    0
    0
    0
    0
    0
    0
    0
    0
    0
    0
    0
    0
    0
    0
    0
    0
    0
    0
    0
    0
    0
    0
    0
    0
    0
    0
    0
    0
    0
    0
    0
    0
    0
    0
    0
    0
    0
    0
    0
    0
    0
    0
    0
    0
    0
    0
    0
    0
    0
    0
    0
    0
    0
    0
    0
    0
    0
    0
    0
    0
    0
    0
    0
    0
    0
    0
    0
    0
    0
    0
    0
    0
    0
    0
    0
    0
    0
    0
    0
    0
    0
    0
    0
    0
    0
    0
    0
    0
    0
    0
    0
    0
    0
    0
    0
    0
    0
    0
    0
    0
    0
    0
    0
    0
    0
    0
    0
    0
    0
    0
    0
    0
    0
    0
    0
    0
    0
    0
    0
    0
    0
    0
    0
    0
    0
    0
    0
    0
    0
    0
    0
    0
    0
    0
    0
    0
    0
    0
    0
    0
    0
    0
    0
    0
    0
    0
    0
    0
    0
    0
    0
    0
    0
    0
    0
    0
    0
    0
    0
    0
    0
    0
    0
    0
    0
    0
    0
    0
    0
    0
    0
    0
    0
    0
    0
    0
    0
    0
    0
    0
    0
    0
    0
    0
    0
    0
    0
    0
    0
    0
    0
    0
    0
    0
    0
    0
    0
    0
    0
    0
    0
    0
    0
    0
    0
    0
    0
    0
    0
    0
    0
    0
    0
    0
    0
    0
    0
    0
    0
    0
    0
    0
    0
    0
    0
    0
    0
    0
    0
    0
    0
    0
    0
    0
    0
    0
    0
    0
    0
    0
    0
    0
    0
    0
    0
    0
    0
    0
    0
    0
    0
    0
    0
    0
    0
    0
    0
    0
    0
    0
    0
    0
    0
    0
    0
    0
    0
    0
    0
    0
    0
    0
    0
    0
    0
    0
    0
    0
    0
    0
    0
    0
    0
    0
    0
    0
    0
    0
    0
    0
    0
    0
    0
    0
    0
    0
    0
    0
    0
    0
    0
    0
    0
    0
    0
    0
    0
    0
    0
    0
    0
    0
    0
    0
    0
    0
    0
    0
    0
    0
    0
    0
    0
    0
    0
    0
    0
    0
    0
    0
    0
    0
    0
    0
    0
    0
    0
    0
    0
    0
    0
    0
    0
    0
    0
    0
    0
    0
    0
    0
    0
    0
    0
    0
    0
    0
    0
    0
    0
    0
    0
    0
    0
    0
    0
    0
    0
    0
    0
    0
    0
    0
    0
    0
    0
    0
    0
    0
    0
    0
    0
    0
    0
    0
    0
    0
    0
    0
    0
    0
    0
    0
    0
    0
    0
    0
    0
    0
    0
    0
    0
    0
    0
    0
    0
    0
    0
    0
    0
    0
    0
    0
    0
    0
    0
    0
    0
    0
    0
    0
    0
    0
    0
    0
    0
    0
    0
    0
    0
    0
    0
    0
    0
    0
    0
    0
    0
    0
    0
    0
    0
    0
    0
    0
    0
    0
    0
    0
    0
    0
    0
    0
    0
    0
    0
    0
    0
    0
    0
    0
    0
    0
    0
    0
    0
    0
    0
    0
    0
    0
    0
    0
    0
    0
    0
    0
    0
    0
    0
    0
    0
    0
    0
    0
    0
    0
    0
    0
    0
    0
    0
    0
    0
    0
    0
    0
    0
    0
    0
    0
    0
    0
    0
    0
    0
    0
    0
    0
    0
    0
    0
    0
    0
    0
    0
    0
    0
    0
    0
    0
    0
    0
    0
    0
    0
    0
    0
    0
    0
    0
    0
    0
    0
    0
    0
    0
    0
    0
    0
    0
    0
    0
    0
    0
    0
    0
    0
    0
    0
    0
    0
    0
    0
    0
    0
    0
    0
    0
    0
    0
    0
    0
    0
    0
    0
    0
    0
    0
    0
    0
    0
    0
    0
    0
    0
    0
    0
    0
    0
    0
    0
    0
    0
    0
    0
    0
    0
    0
    0
    0
    0
    0
    0
    0
    0
    0
    0
    0
    0
    0
    0
    0
    0
    0
    0
    0
    0
    0
    0
    0
    0
    0
    0
    0
    0
    0
    0
    0
    0
    0
    0
    0
    0
    0
    0
    0
    0
    0
    0
    0
    0
    0
    0
    0
    0
    0
    0
    0
    0
    0
    0
    0
    0
    0
    0
    0
    0
    0
    0
    0
    0
    0
    0
    0
    0
    0
    0
    0
    0
    0
    0
    0
    0
    0
    0
    0
    0
    0
    0
    0
    0
    0
    0
    0
    0
    0
    0
    0
    0
    0
    0
    0
    0
    0
    0
    0
    0
    0
    0
    0
    0
    0
    0
    0
    0
    0
    0
    0
    0
    0
    0
    0
    0
    0
    0
    0
    0
    0
    0
    0
    0
    0
    0
    0
    0
    0
    0
    0
    0
    0
    0
    0
    0
    0
    0
    0
    0
    0
    0
    0
    0
    0
    0
    0
    0
    0
    0
    0
    0
    0
    0
    0
    0
    0
    0
    0
    0
    0
    0
    0
    0
    0
    0
    0
    0
    0
    0
    0
    0
    0
    0
    0
    0
    0
    0
    0
    0
    0
    0
    0
    0
    0
    0
    0
    0
    0
    0
    0
    0
    0
    0
    0
    0
    0
    0
    0
    0
    0
    0
    0
    0
    0
    0
    0
    0
    0
    0
    0
    0
    0
    0
    0
    0
    0
    0
    0
    0
    0
    0
    0
    0
    0
    0
    0
    0
    0
    0
    0
    0
    0
    0
    0
    0
    0
    0
    0
    0
    0
    0
    0
    0
    0
    0
    0
    0
    0
    0
    0
    0
    0
    0
    0
    0
    0
    0
    0
    0
    0
    0
    0
    0
    0
    0
    0
    0
    0
    0
    0
    0
    0
    0
    0
    0
    0
    0
    0
    0
    0
    0
    0
    0
    0
    0
    0
    0
    0
    0
    0
    0
    0
    0
    0
    0
    0
    0
    0
    0
    0
    0
    0
    0
    0
    0
    0
    0
    0
    0
    0
    0
    0
    0
    0
    0
    0
    0
    0
    0
    0
    0
    0
    0
    0
    0
    0
    0
    0
    0
    0
    0
    0
    0
    0
    0
    0
    0
    0
    0
    0
    0
    0
    0
    0
    0
    0
    0
    0
    0
    0
    0
    0
    0
    0
    0
    0
    0
    0
    0
    0
    0
    0
    0
    0
    0
    0
    0
    0
    0
    0
    0
    0
    0
    0
    0
    0
    0
    0
    0
    0
    0
    0
    0
    0
    0
    0
    0
    0
    0
    0
    0
    0
    0
    0
    0
    0
    0
    0
    0
    0
    0
    0
    0
    0
    0
    0
    0
    0
    0
    0
    0
    0
    0
    0
    0
    0
    0
    0
    0
    0
    0
    0
    0
    0
    0
    0
    0
    0
    0
    0
    0
    0
    0
    0
    0
    0
    0
    0
    0
    0
    0
    0
    0
    0
    0
    0
    0
    0
    0
    0
    0
    0
    0
    0
    0
    0
    0
    0
    0
    0
    0
    0
    0
    0
    0
    0
    0
    0
    0
    0
    0
    0
    0
    0
    0
    0
    0
    0
    0
    0
    0
    0
    0
    0
    0
    0
    0
    0
    0
    0
    0
    0
    0
    0
    0
    0
    0
    0
    0
    0
    0
    0
    0
    0
    0
    0
    0
    0
    0
    0
    0
    0
    0
    0
    0
    0
    0
    0
    0
    0
    0
    0
    0
    0
    0
    0
    0
    0
    0
    0
    0
    0
    0
    0
    0
    0
    0
    0
    0
    0
    0
    0
    0
    0
    0
    0
    0
    0
    0
    0
    0
    0
    0
    0
    0
    0
    0
    0
    0
    0
    0
    0
    0
    0
    0
    0
    0
    0
    0
    0
    0
    0
    0
    0
    0
    0
    0
    0
    0
    0
    0
    0
    0
    0
    0
    0
    0
    0
    0
    0
    0
    0
    0
    0
    0
    0
    0
    0
    0
    0
    0
    0
    0
    0
    0
    0
    0
    0
    0
    0
    0
    0
    0
    0
    0
    0
    0
    0
    0
    0
    0
    0
    0
    0
    0
    0
    0
    0
    0
    0
    0
    0
    0
    0
    0
    0
    0
    0
    0
    0
    0
    0
    0
    0
    0
    0
    0
    0
    0
    0
    0
    0
    0
    0
    0
    0
    0
    0
    0
    0
    0
    0
    0
    0
    0
    0
    0
    0
    0
    0
    0
    0
    0
    0
    0
    0
    0
    0
    0
    0
    0
    0
    0
    0
    0
    0
    0
    0
    0
    0
    0
    0
    0
    0
    0
    0
    0
    0
    0
    0
    0
    0
    0
    0
    0
    0
    0
    0
    0
    0
    0
    0
    0
    0
    0
    0
    0
    0
    0
    0
    0
    0
    0
    0
    0
    0
    0
    0
    0
    0
    0
    0
    0
    0
    0
    0
    0
    0
    0
    0
    0
    0
    0
    0
    0
    0
    0
    0
    0
    0
    0
    0
    0
    0
    0
    0
    0
    0
    0
    0
    0
    0
    0
    0
    0
    0
    0
    0
    0
    0
    0
    0
    0
    0
    0
    0
    0
