Project Info:
    ACQ Time: 2019- 9-24  11:26:20: 765 .
    Project: tqÓÒ²à·áÂ¡£¨×ãÈýÀï¼ÓÍ¿ºìÒ©Ë®£©
    Name: 
    Part:  
    Operator:  
    Desc.:  
    Sample Data Acquired.

ACQ Parameters:
    Excited Peroid(ms): 50
    Excited Time(ms): 10
    Acq Delay Time(us): 10
    Gate Time(ms): 20
    Count Num per gate: 100
    Repeat Times: 50
    Acq Gate Times: 1
    Interval per Gate(us): 100
    Channel Number: 2

Data:
    152
    170
    152
    150
    141
    124
    104
    110
    84
    94
    80
    65
    64
    69
    63
    55
    51
    58
    43
    41
    49
    44
    36
    34
    26
    26
    28
    22
    24
    31
    27
    25
    15
    27
    10
    13
    21
    12
    13
    16
    10
    16
    13
    11
    13
    16
    10
    4
    4
    4
    8
    3
    8
    8
    4
    4
    7
    12
    12
    7
    6
    5
    4
    4
    9
    3
    4
    4
    1
    5
    4
    0
    2
    7
    2
    5
    3
    6
    5
    2
    4
    0
    1
    2
    5
    1
    6
    2
    2
    4
    0
    2
    0
    4
    2
    2
    2
    2
    0
    2
    125
    169
    155
    144
    131
    99
    105
    81
    111
    99
    82
    69
    51
    69
    51
    46
    48
    46
    60
    42
    25
    47
    32
    30
    39
    32
    25
    28
    25
    29
    23
    23
    15
    26
    23
    18
    10
    18
    15
    9
    15
    17
    19
    11
    4
    8
    10
    1
    10
    11
    4
    7
    6
    9
    13
    7
    11
    5
    5
    3
    4
    5
    2
    4
    7
    7
    5
    8
    5
    6
    3
    0
    4
    3
    2
    3
    1
    5
    3
    0
    3
    4
    0
    4
    4
    2
    1
    2
    4
    2
    2
    3
    0
    1
    3
    1
    0
    0
    1
    0
    158
    154
    161
    139
    123
    139
    103
    95
    82
    92
    69
    68
    63
    59
    63
    69
    60
    49
    47
    39
    48
    34
    29
    30
    32
    27
    23
    28
    42
    19
    22
    15
    9
    20
    14
    15
    21
    13
    17
    10
    13
    9
    10
    9
    8
    11
    13
    9
    12
    15
    5
    11
    10
    8
    10
    5
    5
    7
    3
    10
    6
    7
    5
    4
    4
    10
    2
    2
    3
    3
    3
    4
    6
    3
    3
    3
    4
    2
    6
    3
    2
    4
    10
    2
    5
    0
    0
    3
    0
    4
    2
    1
    0
    4
    0
    0
    2
    3
    0
    2
    153
    187
    150
    136
    107
    111
    115
    97
    85
    93
    74
    60
    74
    61
    59
    55
    60
    42
    39
    45
    47
    32
    29
    24
    29
    24
    27
    27
    23
    26
    16
    26
    17
    25
    26
    18
    17
    17
    9
    10
    11
    12
    13
    9
    12
    11
    14
    11
    9
    6
    5
    6
    9
    6
    2
    7
    5
    6
    9
    6
    4
    6
    5
    7
    5
    8
    3
    5
    1
    3
    3
    2
    6
    5
    3
    9
    3
    3
    2
    8
    2
    0
    1
    0
    1
    3
    3
    4
    1
    4
    2
    1
    3
    2
    1
    2
    3
    1
    1
    2
    152
    159
    125
    145
    113
    111
    103
    89
    86
    74
    63
    74
    61
    73
    41
    48
    53
    48
    46
    42
    38
    46
    34
    37
    34
    25
    30
    25
    27
    14
    28
    22
    18
    14
    7
    20
    12
    10
    16
    12
    16
    15
    10
    10
    10
    8
    10
    7
    7
    6
    7
    8
    6
    7
    9
    7
    3
    10
    11
    6
    3
    9
    6
    5
    4
    3
    5
    1
    2
    8
    8
    6
    4
    6
    2
    3
    0
    2
    2
    2
    1
    4
    1
    4
    1
    0
    5
    3
    2
    2
    2
    0
    0
    0
    3
    1
    2
    1
    1
    2
    140
    170
    159
    134
    122
    130
    87
    78
    99
    86
    70
    78
    63
    63
    48
    67
    47
    45
    41
    40
    41
    45
    43
    28
    24
    27
    35
    35
    23
    24
    24
    16
    21
    19
    11
    19
    20
    13
    14
    14
    16
    15
    19
    10
    13
    14
    7
    12
    5
    9
    12
    8
    6
    9
    7
    7
    6
    7
    4
    8
    4
    10
    5
    7
    5
    5
    4
    4
    4
    5
    5
    2
    0
    3
    1
    4
    5
    2
    2
    1
    2
    1
    2
    1
    5
    2
    8
    4
    3
    2
    1
    3
    3
    2
    2
    1
    0
    3
    2
    1
    147
    157
    147
    136
    116
    109
    117
    96
    92
    78
    72
    61
    55
    62
    63
    51
    44
    36
    54
    46
    51
    53
    32
    27
    41
    38
    31
    27
    31
    23
    20
    17
    23
    22
    21
    19
    12
    12
    12
    10
    8
    20
    17
    14
    13
    10
    7
    8
    9
    6
    16
    9
    11
    9
    3
    4
    9
    3
    1
    3
    5
    3
    6
    8
    6
    6
    10
    7
    3
    3
    1
    6
    3
    1
    6
    3
    2
    6
    1
    5
    3
    4
    2
    4
    2
    2
    2
    3
    2
    1
    1
    4
    0
    1
    3
    2
    2
    0
    3
    1
    176
    156
    134
    142
    134
    94
    94
    99
    92
    80
    76
    72
    74
    51
    58
    66
    53
    55
    37
    52
    38
    37
    44
    33
    35
    38
    31
    26
    25
    26
    11
    15
    21
    18
    27
    12
    14
    14
    17
    13
    13
    16
    10
    5
    10
    6
    13
    9
    12
    6
    3
    10
    10
    4
    9
    6
    8
    5
    4
    9
    6
    3
    3
    3
    3
    13
    3
    5
    1
    2
    3
    5
    1
    3
    2
    3
    4
    7
    5
    4
    3
    1
    3
    1
    4
    2
    3
    1
    2
    3
    2
    1
    0
    1
    2
    0
    4
    2
    2
    1
    170
    169
    158
    135
    123
    126
    106
    92
    98
    80
    70
    70
    72
    77
    64
    48
    45
    50
    40
    45
    35
    35
    32
    33
    33
    28
    26
    19
    24
    28
    16
    18
    21
    24
    28
    16
    12
    16
    9
    15
    12
    16
    9
    6
    11
    10
    14
    15
    6
    8
    9
    8
    12
    6
    8
    8
    7
    5
    6
    5
    5
    6
    10
    7
    6
    5
    7
    5
    5
    6
    3
    5
    6
    1
    1
    4
    3
    2
    0
    2
    5
    0
    2
    2
    1
    7
    2
    0
    1
    1
    5
    1
    3
    2
    2
    1
    1
    1
    3
    1
    144
    154
    152
    122
    121
    113
    97
    97
    91
    80
    72
    88
    67
    67
    63
    52
    58
    44
    45
    35
    45
    29
    31
    32
    25
    28
    27
    31
    26
    26
    19
    18
    22
    25
    17
    21
    15
    15
    15
    14
    18
    19
    14
    13
    11
    10
    6
    4
    6
    8
    9
    9
    9
    10
    9
    13
    6
    4
    3
    9
    7
    6
    4
    3
    3
    3
    7
    3
    6
    5
    7
    2
    3
    2
    5
    4
    6
    1
    4
    3
    5
    0
    1
    2
    2
    3
    1
    2
    0
    3
    1
    3
    2
    3
    2
    0
    3
    3
    3
    0
    144
    161
    167
    130
    139
    102
    98
    112
    88
    86
    70
    76
    85
    75
    76
    60
    39
    49
    48
    41
    44
    43
    43
    28
    25
    34
    23
    20
    28
    21
    23
    19
    21
    17
    18
    12
    18
    14
    16
    19
    13
    19
    9
    12
    7
    9
    3
    9
    5
    6
    5
    7
    9
    10
    7
    11
    3
    3
    3
    9
    6
    6
    8
    4
    5
    4
    1
    5
    5
    4
    3
    3
    7
    1
    2
    8
    6
    6
    4
    4
    5
    2
    3
    1
    1
    1
    0
    1
    4
    3
    3
    0
    2
    1
    1
    0
    4
    1
    0
    0
    142
    152
    127
    140
    138
    117
    105
    93
    87
    84
    69
    62
    75
    55
    70
    50
    43
    41
    42
    40
    30
    50
    42
    29
    30
    19
    19
    17
    28
    18
    33
    15
    23
    23
    18
    14
    21
    17
    19
    12
    8
    14
    11
    6
    6
    11
    12
    14
    9
    14
    7
    6
    4
    2
    6
    5
    10
    8
    8
    6
    7
    5
    6
    2
    4
    2
    7
    2
    6
    1
    1
    3
    3
    3
    3
    2
    4
    3
    4
    5
    2
    3
    3
    3
    5
    5
    2
    2
    1
    2
    1
    2
    6
    0
    1
    1
    0
    0
    4
    2
    138
    161
    132
    124
    131
    105
    119
    94
    97
    81
    61
    69
    82
    64
    51
    54
    54
    52
    49
    46
    38
    39
    26
    21
    42
    34
    23
    38
    31
    27
    24
    25
    24
    19
    14
    17
    20
    12
    11
    16
    25
    9
    14
    10
    16
    5
    8
    8
    13
    8
    7
    5
    11
    9
    6
    7
    7
    5
    4
    5
    5
    2
    4
    5
    7
    3
    6
    5
    8
    8
    0
    3
    2
    6
    5
    3
    2
    4
    2
    4
    2
    2
    2
    3
    2
    1
    4
    3
    2
    2
    1
    4
    3
    2
    3
    0
    1
    1
    2
    1
    132
    159
    143
    109
    100
    124
    114
    115
    88
    81
    82
    87
    60
    60
    54
    47
    54
    38
    42
    45
    39
    41
    36
    30
    32
    18
    27
    28
    24
    23
    20
    16
    23
    17
    14
    18
    17
    14
    13
    17
    7
    13
    11
    10
    12
    9
    8
    8
    10
    9
    8
    13
    10
    5
    12
    7
    4
    6
    4
    3
    4
    3
    6
    6
    4
    6
    6
    8
    4
    1
    4
    4
    4
    0
    3
    6
    1
    3
    2
    2
    4
    4
    1
    4
    1
    5
    1
    3
    1
    1
    1
    3
    1
    0
    2
    2
    4
    0
    2
    0
    140
    156
    171
    126
    131
    119
    109
    81
    83
    74
    67
    64
    73
    78
    68
    55
    40
    43
    39
    45
    40
    34
    33
    28
    29
    35
    37
    26
    28
    27
    22
    15
    19
    27
    10
    19
    15
    16
    10
    12
    9
    7
    13
    12
    10
    14
    12
    10
    9
    10
    4
    5
    10
    11
    5
    8
    7
    8
    8
    10
    7
    7
    3
    4
    9
    5
    5
    4
    5
    4
    5
    3
    2
    3
    3
    5
    2
    6
    3
    3
    1
    1
    3
    2
    1
    1
    1
    2
    3
    1
    2
    2
    3
    2
    2
    1
    2
    1
    1
    0
    145
    152
    140
    163
    123
    123
    109
    98
    79
    91
    79
    77
    69
    66
    46
    43
    59
    39
    49
    45
    35
    40
    29
    33
    24
    24
    31
    20
    25
    32
    20
    23
    20
    28
    13
    13
    15
    13
    13
    12
    14
    10
    9
    21
    16
    12
    7
    12
    9
    6
    7
    5
    5
    6
    8
    4
    11
    14
    9
    5
    4
    11
    7
    4
    4
    3
    1
    4
    5
    5
    8
    3
    7
    5
    3
    2
    3
    1
    3
    3
    5
    0
    2
    4
    2
    1
    1
    2
    3
    2
    2
    0
    2
    3
    0
    1
    0
    3
    2
    3
    152
    144
    148
    154
    119
    107
    86
    106
    101
    85
    63
    71
    69
    70
    59
    61
    63
    49
    41
    51
    38
    39
    38
    23
    28
    33
    34
    17
    30
    24
    17
    27
    17
    17
    13
    19
    18
    14
    17
    15
    9
    13
    14
    10
    12
    14
    6
    6
    12
    15
    12
    6
    10
    9
    7
    5
    5
    3
    12
    7
    5
    10
    7
    6
    3
    2
    5
    6
    5
    8
    1
    3
    3
    9
    3
    4
    2
    2
    3
    3
    2
    1
    3
    3
    4
    1
    6
    1
    2
    1
    0
    1
    5
    3
    4
    2
    1
    2
    3
    4
    162
    175
    149
    131
    139
    131
    88
    111
    96
    93
    81
    67
    60
    45
    62
    67
    44
    49
    39
    42
    33
    36
    27
    35
    28
    25
    29
    36
    17
    18
    19
    15
    14
    21
    13
    21
    20
    13
    12
    6
    11
    15
    9
    10
    9
    5
    15
    10
    11
    12
    9
    8
    10
    7
    10
    8
    9
    9
    3
    4
    3
    4
    7
    3
    2
    9
    4
    9
    6
    4
    0
    1
    3
    1
    7
    2
    0
    3
    2
    2
    0
    2
    2
    0
    4
    4
    4
    7
    1
    2
    2
    4
    2
    2
    2
    1
    1
    0
    1
    1
    166
    162
    136
    143
    118
    105
    100
    118
    87
    91
    69
    81
    67
    60
    58
    49
    54
    38
    43
    40
    35
    35
    40
    24
    30
    33
    26
    21
    16
    24
    24
    18
    16
    24
    10
    15
    16
    13
    19
    16
    16
    17
    17
    9
    10
    8
    9
    4
    11
    7
    6
    7
    11
    10
    7
    12
    8
    4
    4
    8
    8
    6
    7
    8
    3
    5
    1
    3
    2
    3
    3
    3
    6
    5
    3
    2
    3
    5
    4
    2
    7
    1
    1
    3
    1
    2
    7
    2
    1
    3
    3
    3
    3
    1
    1
    2
    2
    2
    1
    2
    163
    169
    141
    139
    100
    118
    102
    104
    89
    82
    71
    42
    55
    62
    53
    57
    49
    55
    40
    43
    39
    32
    40
    37
    23
    29
    35
    28
    25
    27
    22
    24
    24
    22
    23
    22
    15
    12
    11
    10
    23
    7
    12
    22
    11
    17
    6
    4
    10
    4
    7
    8
    8
    7
    12
    8
    6
    5
    10
    5
    2
    9
    10
    7
    5
    4
    6
    5
    5
    2
    6
    2
    5
    2
    2
    6
    7
    1
    0
    5
    0
    2
    3
    6
    4
    2
    2
    3
    3
    1
    1
    2
    4
    3
    0
    2
    0
    1
    1
    4
    141
    160
    153
    145
    130
    131
    105
    97
    82
    77
    79
    77
    77
    62
    53
    69
    47
    44
    38
    49
    40
    36
    28
    43
    25
    27
    29
    19
    23
    17
    21
    22
    19
    20
    18
    23
    15
    10
    21
    15
    7
    14
    12
    13
    7
    9
    11
    6
    12
    8
    12
    9
    12
    11
    9
    7
    4
    12
    2
    4
    6
    4
    5
    6
    3
    3
    2
    3
    1
    3
    2
    2
    5
    2
    4
    8
    3
    4
    1
    1
    3
    1
    2
    5
    2
    1
    3
    3
    4
    4
    2
    2
    3
    3
    3
    2
    2
    1
    0
    0
    147
    163
    154
    118
    130
    104
    97
    98
    100
    78
    76
    61
    56
    53
    64
    50
    50
    57
    47
    38
    35
    36
    32
    24
    32
    27
    24
    24
    20
    20
    20
    20
    19
    28
    8
    16
    12
    16
    23
    16
    13
    10
    13
    13
    10
    11
    7
    6
    9
    10
    12
    12
    7
    5
    11
    8
    7
    8
    4
    3
    7
    5
    6
    8
    5
    2
    5
    9
    0
    3
    3
    4
    5
    2
    3
    3
    3
    3
    3
    2
    4
    2
    5
    4
    0
    4
    2
    4
    3
    0
    2
    1
    0
    2
    0
    1
    0
    3
    1
    2
    128
    195
    136
    133
    129
    94
    101
    92
    80
    89
    76
    75
    82
    55
    63
    62
    44
    43
    44
    43
    31
    43
    32
    35
    25
    26
    29
    23
    27
    21
    21
    25
    21
    24
    19
    16
    16
    22
    12
    15
    12
    13
    10
    14
    11
    11
    14
    18
    8
    7
    6
    6
    8
    11
    8
    2
    9
    10
    4
    8
    6
    4
    6
    8
    6
    3
    6
    1
    2
    6
    2
    3
    8
    7
    4
    5
    3
    1
    4
    3
    3
    5
    4
    3
    4
    2
    2
    1
    1
    1
    0
    0
    3
    0
    2
    2
    3
    0
    0
    2
    143
    138
    144
    138
    136
    133
    100
    111
    92
    76
    72
    74
    71
    69
    55
    44
    56
    55
    46
    38
    43
    33
    34
    34
    30
    27
    29
    27
    26
    23
    25
    22
    16
    22
    22
    19
    16
    15
    7
    12
    14
    11
    14
    10
    13
    18
    3
    9
    7
    6
    11
    5
    12
    5
    8
    5
    6
    8
    7
    11
    5
    8
    5
    2
    4
    4
    3
    2
    6
    4
    1
    6
    3
    2
    2
    4
    5
    8
    1
    5
    1
    3
    3
    0
    2
    3
    2
    0
    5
    1
    4
    0
    1
    4
    0
    2
    0
    1
    0
    4
    150
    152
    153
    137
    112
    115
    127
    93
    92
    103
    66
    91
    56
    56
    53
    69
    49
    37
    35
    39
    36
    35
    35
    31
    30
    32
    32
    23
    23
    26
    24
    19
    16
    16
    13
    18
    17
    11
    15
    13
    15
    9
    14
    6
    16
    16
    13
    7
    7
    11
    15
    10
    6
    5
    11
    8
    8
    5
    5
    4
    4
    1
    3
    3
    6
    1
    3
    7
    1
    5
    5
    4
    4
    8
    4
    5
    5
    7
    3
    4
    3
    3
    4
    3
    4
    1
    1
    2
    0
    3
    0
    2
    1
    0
    1
    1
    6
    0
    1
    0
    177
    156
    158
    138
    123
    115
    97
    77
    91
    93
    84
    77
    62
    56
    67
    46
    60
    50
    59
    36
    40
    31
    35
    34
    35
    30
    18
    30
    26
    19
    21
    22
    31
    28
    26
    12
    16
    18
    15
    23
    17
    13
    16
    8
    17
    10
    7
    7
    3
    10
    5
    5
    7
    7
    6
    8
    8
    13
    7
    4
    7
    8
    9
    5
    1
    3
    2
    6
    7
    2
    2
    6
    3
    5
    6
    5
    2
    2
    5
    3
    3
    6
    1
    1
    2
    1
    1
    2
    1
    1
    0
    8
    3
    0
    1
    0
    2
    1
    3
    3
    145
    166
    129
    141
    128
    95
    107
    95
    98
    93
    80
    81
    52
    61
    57
    58
    56
    45
    34
    39
    35
    46
    33
    33
    24
    27
    26
    24
    30
    15
    19
    20
    14
    14
    11
    21
    19
    16
    22
    10
    13
    16
    9
    20
    11
    13
    8
    7
    8
    6
    8
    13
    10
    6
    5
    3
    4
    6
    6
    5
    3
    5
    10
    7
    6
    5
    5
    0
    4
    7
    4
    7
    3
    4
    4
    3
    1
    7
    2
    3
    1
    5
    2
    8
    1
    3
    1
    2
    3
    1
    3
    2
    3
    4
    2
    0
    2
    2
    2
    2
    161
    165
    152
    131
    126
    123
    106
    109
    90
    80
    84
    87
    66
    53
    60
    44
    59
    43
    46
    36
    30
    32
    31
    42
    33
    22
    20
    22
    16
    11
    19
    18
    20
    18
    18
    20
    21
    16
    15
    27
    7
    20
    11
    14
    7
    11
    8
    8
    9
    10
    9
    10
    8
    7
    5
    6
    5
    8
    9
    5
    5
    8
    5
    4
    5
    7
    3
    6
    0
    3
    4
    6
    4
    3
    6
    1
    3
    3
    5
    5
    5
    0
    3
    4
    3
    4
    2
    4
    4
    2
    1
    3
    0
    2
    1
    3
    1
    2
    1
    2
    134
    173
    125
    138
    133
    123
    99
    103
    83
    68
    90
    68
    70
    55
    62
    57
    44
    40
    52
    46
    30
    41
    37
    29
    29
    33
    25
    29
    26
    17
    16
    26
    16
    13
    22
    10
    18
    11
    10
    13
    16
    17
    8
    14
    12
    13
    14
    8
    13
    8
    6
    6
    8
    6
    3
    3
    10
    6
    13
    5
    2
    5
    1
    3
    5
    3
    9
    3
    4
    4
    2
    6
    5
    3
    1
    3
    5
    7
    2
    5
    3
    1
    2
    3
    2
    5
    1
    3
    2
    1
    2
    2
    3
    1
    2
    2
    0
    1
    2
    0
    147
    173
    155
    143
    122
    109
    126
    105
    94
    89
    86
    69
    66
    63
    46
    55
    51
    43
    38
    43
    44
    33
    32
    40
    32
    30
    25
    33
    20
    32
    15
    23
    15
    29
    22
    18
    18
    5
    14
    15
    14
    6
    8
    9
    14
    12
    9
    19
    10
    10
    15
    12
    12
    9
    4
    6
    10
    6
    4
    4
    5
    7
    4
    5
    7
    7
    8
    8
    9
    2
    5
    5
    6
    5
    2
    4
    4
    7
    2
    2
    3
    3
    2
    1
    0
    3
    2
    0
    4
    3
    1
    2
    4
    1
    4
    0
    1
    0
    2
    0
    158
    169
    140
    139
    129
    106
    89
    104
    86
    71
    79
    76
    62
    75
    56
    61
    50
    51
    42
    40
    42
    37
    31
    27
    28
    29
    33
    32
    30
    21
    33
    22
    19
    15
    26
    22
    13
    19
    21
    14
    13
    15
    13
    10
    15
    11
    12
    6
    9
    7
    5
    12
    8
    7
    8
    12
    4
    7
    6
    7
    3
    5
    6
    2
    4
    2
    3
    2
    3
    6
    6
    6
    2
    5
    3
    5
    4
    2
    2
    4
    2
    1
    4
    3
    2
    3
    5
    1
    1
    4
    4
    4
    4
    0
    0
    1
    1
    2
    3
    2
    159
    167
    159
    147
    121
    128
    98
    98
    84
    95
    69
    66
    77
    67
    52
    55
    60
    53
    52
    33
    44
    45
    34
    30
    25
    22
    21
    30
    23
    22
    29
    23
    23
    16
    21
    18
    17
    15
    11
    15
    8
    12
    10
    15
    13
    7
    10
    10
    13
    15
    7
    7
    9
    11
    8
    8
    3
    5
    6
    6
    6
    7
    3
    4
    7
    6
    6
    8
    2
    8
    1
    5
    4
    4
    3
    4
    2
    2
    6
    3
    3
    4
    3
    2
    2
    3
    4
    4
    3
    0
    1
    1
    0
    3
    2
    0
    0
    3
    3
    2
    156
    179
    149
    130
    122
    112
    90
    95
    113
    89
    89
    88
    74
    64
    58
    57
    49
    38
    34
    34
    40
    39
    37
    35
    29
    36
    24
    23
    16
    29
    18
    20
    21
    16
    31
    19
    17
    17
    16
    17
    19
    17
    10
    20
    11
    11
    10
    10
    13
    6
    8
    3
    8
    10
    4
    4
    8
    5
    9
    5
    3
    7
    4
    3
    3
    8
    4
    6
    5
    2
    3
    3
    3
    1
    2
    5
    2
    1
    6
    2
    3
    3
    2
    3
    4
    4
    2
    1
    3
    3
    1
    1
    0
    2
    3
    4
    3
    2
    0
    2
    146
    168
    146
    140
    136
    121
    106
    99
    93
    87
    71
    64
    76
    63
    71
    61
    47
    43
    50
    46
    41
    37
    39
    35
    36
    23
    29
    29
    19
    24
    13
    22
    19
    23
    21
    12
    19
    20
    18
    16
    6
    9
    10
    19
    15
    14
    11
    12
    6
    7
    12
    6
    5
    6
    5
    6
    4
    3
    5
    9
    6
    4
    12
    9
    2
    5
    3
    7
    5
    6
    1
    5
    0
    5
    2
    4
    3
    2
    1
    6
    2
    1
    0
    2
    2
    3
    4
    3
    3
    2
    1
    1
    0
    1
    2
    0
    2
    3
    2
    2
    147
    166
    148
    109
    127
    126
    107
    87
    102
    80
    79
    81
    83
    61
    59
    66
    48
    45
    35
    43
    45
    32
    33
    35
    30
    34
    24
    33
    28
    31
    21
    20
    13
    16
    15
    18
    16
    14
    16
    9
    15
    23
    13
    6
    13
    18
    6
    10
    11
    8
    9
    4
    9
    6
    8
    5
    9
    7
    8
    8
    4
    7
    2
    7
    7
    6
    8
    1
    5
    6
    4
    3
    2
    2
    2
    3
    1
    2
    7
    1
    5
    2
    2
    2
    1
    1
    1
    0
    4
    3
    1
    1
    0
    2
    2
    0
    1
    3
    2
    1
    160
    174
    151
    144
    108
    93
    111
    99
    96
    81
    83
    66
    71
    71
    50
    55
    50
    50
    49
    33
    47
    35
    42
    29
    36
    32
    23
    29
    21
    18
    27
    19
    16
    17
    22
    10
    15
    11
    18
    24
    16
    20
    10
    11
    8
    9
    12
    6
    12
    14
    5
    5
    7
    6
    5
    9
    10
    6
    9
    5
    9
    4
    3
    0
    7
    6
    6
    3
    3
    3
    1
    6
    4
    2
    2
    2
    1
    3
    2
    4
    4
    5
    6
    3
    1
    6
    3
    2
    4
    0
    3
    2
    3
    2
    2
    4
    4
    2
    2
    0
    141
    167
    135
    139
    130
    139
    111
    97
    101
    84
    83
    91
    66
    61
    61
    73
    48
    50
    47
    45
    34
    33
    41
    35
    26
    34
    20
    29
    34
    18
    29
    24
    24
    22
    24
    14
    13
    14
    18
    21
    13
    15
    13
    16
    18
    14
    9
    8
    8
    7
    5
    8
    12
    8
    12
    9
    5
    6
    5
    9
    6
    7
    3
    6
    3
    3
    9
    5
    5
    4
    2
    5
    5
    4
    1
    2
    2
    3
    4
    4
    1
    1
    7
    2
    2
    4
    2
    0
    2
    4
    1
    1
    3
    0
    0
    1
    2
    3
    1
    3
    144
    172
    136
    133
    119
    129
    102
    90
    74
    68
    72
    67
    65
    66
    51
    48
    53
    49
    38
    42
    37
    34
    35
    33
    33
    23
    29
    26
    20
    28
    20
    21
    23
    24
    19
    14
    8
    13
    10
    13
    12
    16
    10
    6
    11
    8
    14
    9
    14
    12
    7
    5
    8
    10
    4
    12
    9
    8
    6
    1
    6
    3
    5
    6
    6
    2
    5
    6
    7
    3
    7
    4
    4
    4
    3
    2
    4
    2
    3
    2
    4
    4
    4
    3
    2
    4
    1
    2
    3
    2
    5
    2
    3
    2
    3
    1
    2
    0
    1
    2
    135
    157
    152
    161
    127
    98
    92
    97
    84
    82
    80
    64
    78
    58
    50
    72
    41
    48
    44
    35
    37
    41
    31
    38
    36
    18
    30
    36
    26
    17
    28
    16
    19
    12
    16
    26
    21
    23
    8
    11
    8
    13
    9
    10
    9
    12
    12
    10
    6
    7
    8
    7
    8
    7
    2
    5
    6
    3
    4
    4
    2
    3
    5
    5
    5
    8
    5
    5
    5
    5
    4
    6
    4
    6
    5
    2
    4
    4
    2
    5
    3
    2
    4
    5
    5
    1
    1
    1
    2
    0
    2
    0
    2
    1
    1
    3
    4
    1
    1
    2
    161
    170
    152
    138
    123
    113
    91
    100
    87
    87
    80
    59
    59
    50
    56
    55
    46
    50
    57
    34
    36
    39
    38
    24
    33
    22
    32
    36
    14
    32
    22
    24
    18
    22
    17
    18
    16
    21
    11
    13
    15
    20
    9
    11
    16
    5
    7
    9
    9
    7
    5
    1
    9
    8
    9
    4
    8
    3
    5
    7
    5
    7
    5
    5
    8
    6
    1
    5
    3
    7
    2
    5
    2
    4
    4
    2
    2
    3
    3
    5
    1
    2
    2
    1
    2
    1
    3
    2
    3
    0
    0
    2
    2
    2
    2
    1
    3
    1
    0
    2
    157
    163
    155
    129
    146
    110
    97
    99
    80
    88
    78
    78
    58
    54
    59
    61
    51
    51
    39
    50
    50
    41
    39
    40
    39
    31
    36
    21
    29
    25
    25
    25
    18
    17
    14
    10
    18
    21
    7
    17
    13
    5
    12
    11
    8
    8
    14
    15
    16
    7
    3
    8
    3
    4
    7
    9
    10
    5
    5
    4
    10
    11
    3
    8
    9
    3
    4
    4
    0
    3
    5
    3
    1
    4
    4
    3
    6
    4
    2
    3
    0
    3
    4
    2
    3
    2
    3
    4
    1
    1
    4
    2
    1
    0
    5
    2
    2
    2
    1
    1
    147
    157
    144
    158
    101
    113
    125
    82
    99
    80
    85
    76
    56
    58
    55
    54
    53
    46
    53
    54
    37
    30
    38
    30
    25
    34
    31
    32
    23
    23
    22
    22
    26
    17
    11
    16
    13
    8
    20
    13
    18
    15
    16
    17
    10
    12
    7
    6
    13
    8
    8
    8
    8
    6
    5
    7
    9
    5
    4
    6
    6
    3
    4
    6
    5
    7
    2
    4
    2
    6
    4
    5
    4
    5
    3
    1
    4
    3
    1
    4
    3
    2
    3
    2
    4
    1
    4
    2
    0
    1
    3
    1
    2
    0
    3
    2
    2
    2
    3
    3
    159
    167
    162
    134
    117
    130
    100
    107
    101
    76
    76
    72
    68
    44
    65
    56
    52
    44
    45
    55
    43
    37
    44
    39
    34
    29
    20
    22
    19
    13
    18
    21
    23
    19
    22
    16
    24
    13
    8
    13
    11
    8
    13
    6
    12
    20
    6
    13
    12
    10
    8
    6
    12
    5
    3
    8
    4
    9
    5
    6
    10
    6
    6
    3
    6
    5
    1
    1
    9
    4
    3
    3
    1
    1
    2
    2
    3
    5
    1
    2
    1
    3
    2
    2
    4
    1
    1
    2
    2
    3
    1
    0
    2
    3
    2
    4
    5
    0
    2
    1
    163
    150
    132
    150
    117
    115
    118
    101
    103
    86
    81
    67
    53
    70
    55
    46
    44
    33
    48
    44
    36
    45
    36
    34
    35
    30
    30
    30
    37
    24
    21
    29
    18
    14
    17
    15
    10
    17
    21
    14
    15
    15
    9
    12
    14
    9
    5
    14
    9
    8
    8
    10
    4
    6
    9
    8
    6
    10
    11
    3
    7
    3
    5
    6
    3
    6
    7
    4
    5
    3
    4
    2
    6
    4
    3
    4
    4
    4
    2
    5
    3
    6
    1
    5
    0
    1
    1
    1
    4
    4
    3
    2
    0
    2
    2
    4
    5
    1
    1
    1
    134
    161
    132
    132
    121
    123
    126
    103
    85
    79
    61
    64
    63
    44
    70
    62
    52
    41
    43
    41
    31
    36
    39
    30
    28
    26
    25
    17
    21
    21
    19
    22
    24
    20
    13
    19
    9
    16
    19
    17
    14
    16
    13
    17
    12
    6
    10
    13
    13
    8
    1
    8
    7
    15
    13
    7
    6
    8
    6
    4
    2
    8
    8
    4
    8
    4
    1
    5
    8
    4
    3
    2
    9
    2
    4
    4
    4
    3
    5
    1
    3
    1
    2
    4
    3
    2
    3
    3
    2
    4
    4
    1
    2
    1
    3
    0
    2
    0
    1
    1
    147
    179
    153
    121
    128
    111
    103
    75
    81
    84
    68
    78
    58
    65
    54
    57
    48
    49
    37
    47
    41
    40
    31
    31
    30
    30
    23
    25
    24
    32
    25
    16
    16
    20
    13
    24
    11
    17
    18
    23
    15
    16
    7
    12
    7
    11
    7
    14
    5
    10
    9
    1
    8
    10
    12
    8
    3
    12
    4
    8
    5
    7
    7
    3
    9
    5
    4
    6
    6
    2
    2
    1
    6
    1
    4
    3
    4
    2
    4
    2
    2
    3
    2
    1
    2
    4
    2
    2
    3
    3
    2
    4
    5
    4
    2
    0
    4
    3
    2
    2
    140
    146
    183
    131
    116
    107
    92
    101
    92
    89
    82
    55
    60
    69
    63
    50
    39
    68
    43
    56
    47
    39
    41
    42
    29
    30
    24
    21
    25
    22
    16
    20
    28
    18
    15
    15
    18
    18
    16
    13
    16
    13
    14
    11
    26
    8
    14
    12
    5
    5
    13
    6
    6
    8
    4
    8
    3
    6
    7
    3
    4
    3
    6
    10
    5
    4
    7
    3
    4
    4
    4
    7
    1
    5
    7
    0
    2
    2
    3
    3
    1
    4
    6
    4
    1
    3
    5
    2
    2
    2
    3
    3
    1
    0
    1
    1
    1
    1
    2
    1
    151
    150
    149
    142
    124
    115
    101
    80
    98
    82
    82
    75
    66
    75
    56
    54
    70
    46
    36
    31
    40
    45
    34
    51
    22
    25
    33
    27
    24
    28
    23
    16
    23
    18
    19
    24
    16
    19
    11
    17
    21
    10
    10
    8
    7
    6
    11
    3
    7
    9
    8
    9
    6
    7
    7
    4
    7
    5
    7
    8
    3
    8
    5
    8
    9
    2
    6
    4
    7
    6
    5
    4
    3
    2
    2
    3
    4
    5
    2
    4
    2
    2
    4
    1
    2
    4
    5
    3
    3
    1
    2
    3
    3
    1
    3
    0
    3
    3
    3
    4
    158
    147
    159
    144
    139
    118
    93
    108
    106
    82
    85
    67
    90
    73
    56
    57
    54
    36
    53
    41
    39
    38
    30
    36
    24
    27
    32
    27
    19
    27
    22
    25
    26
    16
    11
    15
    21
    10
    13
    13
    13
    10
    12
    6
    5
    16
    15
    7
    6
    12
    10
    3
    4
    8
    10
    11
    4
    8
    7
    10
    2
    3
    8
    8
    4
    7
    5
    8
    5
    5
    1
    3
    3
    5
    2
    1
    4
    3
    2
    2
    3
    3
    3
    3
    5
    1
    2
    3
    4
    1
    1
    3
    2
    4
    2
    2
    5
    4
    1
    3
    139
    163
    127
    145
    122
    124
    107
    81
    89
    75
    71
    66
    56
    57
    61
    52
    49
    48
    43
    41
    39
    38
    43
    35
    28
    34
    27
    17
    23
    21
    29
    18
    14
    22
    18
    27
    19
    18
    15
    12
    14
    15
    19
    9
    18
    11
    13
    8
    5
    9
    7
    10
    16
    4
    7
    3
    2
    6
    0
    5
    4
    4
    5
    5
    2
    3
    3
    5
    5
    2
    5
    6
    3
    5
    1
    2
    5
    4
    3
    5
    4
    0
    8
    1
    1
    1
    2
    0
    1
    0
    0
    3
    1
    2
    1
    3
    2
    0
    3
    2

Data:
    0
    0
    0
    0
    0
    0
    0
    0
    0
    0
    0
    0
    0
    0
    0
    0
    0
    0
    0
    0
    0
    0
    0
    0
    0
    0
    0
    0
    0
    0
    0
    0
    0
    0
    0
    0
    0
    0
    0
    0
    0
    0
    0
    0
    0
    0
    0
    0
    0
    0
    0
    0
    0
    0
    0
    0
    0
    0
    0
    0
    0
    0
    0
    0
    0
    0
    0
    0
    0
    0
    0
    0
    0
    0
    0
    0
    0
    0
    0
    0
    0
    0
    0
    0
    0
    0
    0
    0
    0
    0
    0
    0
    0
    0
    0
    0
    0
    0
    0
    0
    0
    0
    0
    0
    0
    0
    0
    0
    0
    0
    0
    0
    0
    0
    0
    0
    0
    0
    0
    0
    0
    0
    0
    0
    0
    0
    0
    0
    0
    0
    0
    0
    0
    0
    0
    0
    0
    0
    0
    0
    0
    0
    0
    0
    0
    0
    0
    0
    0
    0
    0
    0
    0
    0
    0
    0
    0
    0
    0
    0
    0
    0
    0
    0
    0
    0
    0
    0
    0
    0
    0
    0
    0
    0
    0
    0
    0
    0
    0
    0
    0
    0
    0
    0
    0
    0
    0
    0
    0
    0
    0
    0
    0
    0
    0
    0
    0
    0
    0
    0
    0
    0
    0
    0
    0
    0
    0
    0
    0
    0
    0
    0
    0
    0
    0
    0
    0
    0
    0
    0
    0
    0
    0
    0
    0
    0
    0
    0
    0
    0
    0
    0
    0
    0
    0
    0
    0
    0
    0
    0
    0
    0
    0
    0
    0
    0
    0
    0
    0
    0
    0
    0
    0
    0
    0
    0
    0
    0
    0
    0
    0
    0
    0
    0
    0
    0
    0
    0
    0
    0
    0
    0
    0
    0
    0
    0
    0
    0
    0
    0
    0
    0
    0
    0
    0
    0
    0
    0
    0
    0
    0
    0
    0
    0
    0
    0
    0
    0
    0
    0
    0
    0
    0
    0
    0
    0
    0
    0
    0
    0
    0
    0
    0
    0
    0
    0
    0
    0
    0
    0
    0
    0
    0
    0
    0
    0
    0
    0
    0
    0
    0
    0
    0
    0
    0
    0
    0
    0
    0
    0
    0
    0
    0
    0
    0
    0
    0
    0
    0
    0
    0
    0
    0
    0
    0
    0
    0
    0
    0
    0
    0
    0
    0
    0
    0
    0
    0
    0
    0
    0
    0
    0
    0
    0
    0
    0
    0
    0
    0
    0
    0
    0
    0
    0
    0
    0
    0
    0
    0
    0
    0
    0
    0
    0
    0
    0
    0
    0
    0
    0
    0
    0
    0
    0
    0
    0
    0
    0
    0
    0
    0
    0
    0
    0
    0
    0
    0
    0
    0
    0
    0
    0
    0
    0
    0
    0
    0
    0
    0
    0
    0
    0
    0
    0
    0
    0
    0
    0
    0
    0
    0
    0
    0
    0
    0
    0
    0
    0
    0
    0
    0
    0
    0
    0
    0
    0
    0
    0
    0
    0
    0
    0
    0
    0
    0
    0
    0
    0
    0
    0
    0
    0
    0
    0
    0
    0
    0
    0
    0
    0
    0
    0
    0
    0
    0
    0
    0
    0
    0
    0
    0
    0
    0
    0
    0
    0
    0
    0
    0
    0
    0
    0
    0
    0
    0
    0
    0
    0
    0
    0
    0
    0
    0
    0
    0
    0
    0
    0
    0
    0
    0
    0
    0
    0
    0
    0
    0
    0
    0
    0
    0
    0
    0
    0
    0
    0
    0
    0
    0
    0
    0
    0
    0
    0
    0
    0
    0
    0
    0
    0
    0
    0
    0
    0
    0
    0
    0
    0
    0
    0
    0
    0
    0
    0
    0
    0
    0
    0
    0
    0
    0
    0
    0
    0
    0
    0
    0
    0
    0
    0
    0
    0
    0
    0
    0
    0
    0
    0
    0
    0
    0
    0
    0
    0
    0
    0
    0
    0
    0
    0
    0
    0
    0
    0
    0
    0
    0
    0
    0
    0
    0
    0
    0
    0
    0
    0
    0
    0
    0
    0
    0
    0
    0
    0
    0
    0
    0
    0
    0
    0
    0
    0
    0
    0
    0
    0
    0
    0
    0
    0
    0
    0
    0
    0
    0
    0
    0
    0
    0
    0
    0
    0
    0
    0
    0
    0
    0
    0
    0
    0
    0
    0
    0
    0
    0
    0
    0
    0
    0
    0
    0
    0
    0
    0
    0
    0
    0
    0
    0
    0
    0
    0
    0
    0
    0
    0
    0
    0
    0
    0
    0
    0
    0
    0
    0
    0
    0
    0
    0
    0
    0
    0
    0
    0
    0
    0
    0
    0
    0
    0
    0
    0
    0
    0
    0
    0
    0
    0
    0
    0
    0
    0
    0
    0
    0
    0
    0
    0
    0
    0
    0
    0
    0
    0
    0
    0
    0
    0
    0
    0
    0
    0
    0
    0
    0
    0
    0
    0
    0
    0
    0
    0
    0
    0
    0
    0
    0
    0
    0
    0
    0
    0
    0
    0
    0
    0
    0
    0
    0
    0
    0
    0
    0
    0
    0
    0
    0
    0
    0
    0
    0
    0
    0
    0
    0
    0
    0
    0
    0
    0
    0
    0
    0
    0
    0
    0
    0
    0
    0
    0
    0
    0
    0
    0
    0
    0
    0
    0
    0
    0
    0
    0
    0
    0
    0
    0
    0
    0
    0
    0
    0
    0
    0
    0
    0
    0
    0
    0
    0
    0
    0
    0
    0
    0
    0
    0
    0
    0
    0
    0
    0
    0
    0
    0
    0
    0
    0
    0
    0
    0
    0
    0
    0
    0
    0
    0
    0
    0
    0
    0
    0
    0
    0
    0
    0
    0
    0
    0
    0
    0
    0
    0
    0
    0
    0
    0
    0
    0
    0
    0
    0
    0
    0
    0
    0
    0
    0
    0
    0
    0
    0
    0
    0
    0
    0
    0
    0
    0
    0
    0
    0
    0
    0
    0
    0
    0
    0
    0
    0
    0
    0
    0
    0
    0
    0
    0
    0
    0
    0
    0
    0
    0
    0
    0
    0
    0
    0
    0
    0
    0
    0
    0
    0
    0
    0
    0
    0
    0
    0
    0
    0
    0
    0
    0
    0
    0
    0
    0
    0
    0
    0
    0
    0
    0
    0
    0
    0
    0
    0
    0
    0
    0
    0
    0
    0
    0
    0
    0
    0
    0
    0
    0
    0
    0
    0
    0
    0
    0
    0
    0
    0
    0
    0
    0
    0
    0
    0
    0
    0
    0
    0
    0
    0
    0
    0
    0
    0
    0
    0
    0
    0
    0
    0
    0
    0
    0
    0
    0
    0
    0
    0
    0
    0
    0
    0
    0
    0
    0
    0
    0
    0
    0
    0
    0
    0
    0
    0
    0
    0
    0
    0
    0
    0
    0
    0
    0
    0
    0
    0
    0
    0
    0
    0
    0
    0
    0
    0
    0
    0
    0
    0
    0
    0
    0
    0
    0
    0
    0
    0
    0
    0
    0
    0
    0
    0
    0
    0
    0
    0
    0
    0
    0
    0
    0
    0
    0
    0
    0
    0
    0
    0
    0
    0
    0
    0
    0
    0
    0
    0
    0
    0
    0
    0
    0
    0
    0
    0
    0
    0
    0
    0
    0
    0
    0
    0
    0
    0
    0
    0
    0
    0
    0
    0
    0
    0
    0
    0
    0
    0
    0
    0
    0
    0
    0
    0
    0
    0
    0
    0
    0
    0
    0
    0
    0
    0
    0
    0
    0
    0
    0
    0
    0
    0
    0
    0
    0
    0
    0
    0
    0
    0
    0
    0
    0
    0
    0
    0
    0
    0
    0
    0
    0
    0
    0
    0
    0
    0
    0
    0
    0
    0
    0
    0
    0
    0
    0
    0
    0
    0
    0
    0
    0
    0
    0
    0
    0
    0
    0
    0
    0
    0
    0
    0
    0
    0
    0
    0
    0
    0
    0
    0
    0
    0
    0
    0
    0
    0
    0
    0
    0
    0
    0
    0
    0
    0
    0
    0
    0
    0
    0
    0
    0
    0
    0
    0
    0
    0
    0
    0
    0
    0
    0
    0
    0
    0
    0
    0
    0
    0
    0
    0
    0
    0
    0
    0
    0
    0
    0
    0
    0
    0
    0
    0
    0
    0
    0
    0
    0
    0
    0
    0
    0
    0
    0
    0
    0
    0
    0
    0
    0
    0
    0
    0
    0
    0
    0
    0
    0
    0
    0
    0
    0
    0
    0
    0
    0
    0
    0
    0
    0
    0
    0
    0
    0
    0
    0
    0
    0
    0
    0
    0
    0
    0
    0
    0
    0
    0
    0
    0
    0
    0
    0
    0
    0
    0
    0
    0
    0
    0
    0
    0
    0
    0
    0
    0
    0
    0
    0
    0
    0
    0
    0
    0
    0
    0
    0
    0
    0
    0
    0
    0
    0
    0
    0
    0
    0
    0
    0
    0
    0
    0
    0
    0
    0
    0
    0
    0
    0
    0
    0
    0
    0
    0
    0
    0
    0
    0
    0
    0
    0
    0
    0
    0
    0
    0
    0
    0
    0
    0
    0
    0
    0
    0
    0
    0
    0
    0
    0
    0
    0
    0
    0
    0
    0
    0
    0
    0
    0
    0
    0
    0
    0
    0
    0
    0
    0
    0
    0
    0
    0
    0
    0
    0
    0
    0
    0
    0
    0
    0
    0
    0
    0
    0
    0
    0
    0
    0
    0
    0
    0
    0
    0
    0
    0
    0
    0
    0
    0
    0
    0
    0
    0
    0
    0
    0
    0
    0
    0
    0
    0
    0
    0
    0
    0
    0
    0
    0
    0
    0
    0
    0
    0
    0
    0
    0
    0
    0
    0
    0
    0
    0
    0
    0
    0
    0
    0
    0
    0
    0
    0
    0
    0
    0
    0
    0
    0
    0
    0
    0
    0
    0
    0
    0
    0
    0
    0
    0
    0
    0
    0
    0
    0
    0
    0
    0
    0
    0
    0
    0
    0
    0
    0
    0
    0
    0
    0
    0
    0
    0
    0
    0
    0
    0
    0
    0
    0
    0
    0
    0
    0
    0
    0
    0
    0
    0
    0
    0
    0
    0
    0
    0
    0
    0
    0
    0
    0
    0
    0
    0
    0
    0
    0
    0
    0
    0
    0
    0
    0
    0
    0
    0
    0
    0
    0
    0
    0
    0
    0
    0
    0
    0
    0
    0
    0
    0
    0
    0
    0
    0
    0
    0
    0
    0
    0
    0
    0
    0
    0
    0
    0
    0
    0
    0
    0
    0
    0
    0
    0
    0
    0
    0
    0
    0
    0
    0
    0
    0
    0
    0
    0
    0
    0
    0
    0
    0
    0
    0
    0
    0
    0
    0
    0
    0
    0
    0
    0
    0
    0
    0
    0
    0
    0
    0
    0
    0
    0
    0
    0
    0
    0
    0
    0
    0
    0
    0
    0
    0
    0
    0
    0
    0
    0
    0
    0
    0
    0
    0
    0
    0
    0
    0
    0
    0
    0
    0
    0
    0
    0
    0
    0
    0
    0
    0
    0
    0
    0
    0
    0
    0
    0
    0
    0
    0
    0
    0
    0
    0
    0
    0
    0
    0
    0
    0
    0
    0
    0
    0
    0
    0
    0
    0
    0
    0
    0
    0
    0
    0
    0
    0
    0
    0
    0
    0
    0
    0
    0
    0
    0
    0
    0
    0
    0
    0
    0
    0
    0
    0
    0
    0
    0
    0
    0
    0
    0
    0
    0
    0
    0
    0
    0
    0
    0
    0
    0
    0
    0
    0
    0
    0
    0
    0
    0
    0
    0
    0
    0
    0
    0
    0
    0
    0
    0
    0
    0
    0
    0
    0
    0
    0
    0
    0
    0
    0
    0
    0
    0
    0
    0
    0
    0
    0
    0
    0
    0
    0
    0
    0
    0
    0
    0
    0
    0
    0
    0
    0
    0
    0
    0
    0
    0
    0
    0
    0
    0
    0
    0
    0
    0
    0
    0
    0
    0
    0
    0
    0
    0
    0
    0
    0
    0
    0
    0
    0
    0
    0
    0
    0
    0
    0
    0
    0
    0
    0
    0
    0
    0
    0
    0
    0
    0
    0
    0
    0
    0
    0
    0
    0
    0
    0
    0
    0
    0
    0
    0
    0
    0
    0
    0
    0
    0
    0
    0
    0
    0
    0
    0
    0
    0
    0
    0
    0
    0
    0
    0
    0
    0
    0
    0
    0
    0
    0
    0
    0
    0
    0
    0
    0
    0
    0
    0
    0
    0
    0
    0
    0
    0
    0
    0
    0
    0
    0
    0
    0
    0
    0
    0
    0
    0
    0
    0
    0
    0
    0
    0
    0
    0
    0
    0
    0
    0
    0
    0
    0
    0
    0
    0
    0
    0
    0
    0
    0
    0
    0
    0
    0
    0
    0
    0
    0
    0
    0
    0
    0
    0
    0
    0
    0
    0
    0
    0
    0
    0
    0
    0
    0
    0
    0
    0
    0
    0
    0
    0
    0
    0
    0
    0
    0
    0
    0
    0
    0
    0
    0
    0
    0
    0
    0
    0
    0
    0
    0
    0
    0
    0
    0
    0
    0
    0
    0
    0
    0
    0
    0
    0
    0
    0
    0
    0
    0
    0
    0
    0
    0
    0
    0
    0
    0
    0
    0
    0
    0
    0
    0
    0
    0
    0
    0
    0
    0
    0
    0
    0
    0
    0
    0
    0
    0
    0
    0
    0
    0
    0
    0
    0
    0
    0
    0
    0
    0
    0
    0
    0
    0
    0
    0
    0
    0
    0
    0
    0
    0
    0
    0
    0
    0
    0
    0
    0
    0
    0
    0
    0
    0
    0
    0
    0
    0
    0
    0
    0
    0
    0
    0
    0
    0
    0
    0
    0
    0
    0
    0
    0
    0
    0
    0
    0
    0
    0
    0
    0
    0
    0
    0
    0
    0
    0
    0
    0
    0
    0
    0
    0
    0
    0
    0
    0
    0
    0
    0
    0
    0
    0
    0
    0
    0
    0
    0
    0
    0
    0
    0
    0
    0
    0
    0
    0
    0
    0
    0
    0
    0
    0
    0
    0
    0
    0
    0
    0
    0
    0
    0
    0
    0
    0
    0
    0
    0
    0
    0
    0
    0
    0
    0
    0
    0
    0
    0
    0
    0
    0
    0
    0
    0
    0
    0
    0
    0
    0
    0
    0
    0
    0
    0
    0
    0
    0
    0
    0
    0
    0
    0
    0
    0
    0
    0
    0
    0
    0
    0
    0
    0
    0
    0
    0
    0
    0
    0
    0
    0
    0
    0
    0
    0
    0
    0
    0
    0
    0
    0
    0
    0
    0
    0
    0
    0
    0
    0
    0
    0
    0
    0
    0
    0
    0
    0
    0
    0
    0
    0
    0
    0
    0
    0
    0
    0
    0
    0
    0
    0
    0
    0
    0
    0
    0
    0
    0
    0
    0
    0
    0
    0
    0
    0
    0
    0
    0
    0
    0
    0
    0
    0
    0
    0
    0
    0
    0
    0
    0
    0
    0
    0
    0
    0
    0
    0
    0
    0
    0
    0
    0
    0
    0
    0
    0
    0
    0
    0
    0
    0
    0
    0
    0
    0
    0
    0
    0
    0
    0
    0
    0
    0
    0
    0
    0
    0
    0
    0
    0
    0
    0
    0
    0
    0
    0
    0
    0
    0
    0
    0
    0
    0
    0
    0
    0
    0
    0
    0
    0
    0
    0
    0
    0
    0
    0
    0
    0
    0
    0
    0
    0
    0
    0
    0
    0
    0
    0
    0
    0
    0
    0
    0
    0
    0
    0
    0
    0
    0
    0
    0
    0
    0
    0
    0
    0
    0
    0
    0
    0
    0
    0
    0
    0
    0
    0
    0
    0
    0
    0
    0
    0
    0
    0
    0
    0
    0
    0
    0
    0
    0
    0
    0
    0
    0
    0
    0
    0
    0
    0
    0
    0
    0
    0
    0
    0
    0
    0
    0
    0
    0
    0
    0
    0
    0
    0
    0
    0
    0
    0
    0
    0
    0
    0
    0
    0
    0
    0
    0
    0
    0
    0
    0
    0
    0
    0
    0
    0
    0
    0
    0
    0
    0
    0
    0
    0
    0
    0
    0
    0
    0
    0
    0
    0
    0
    0
    0
    0
    0
    0
    0
    0
    0
    0
    0
    0
    0
    0
    0
    0
    0
    0
    0
    0
    0
    0
    0
    0
    0
    0
    0
    0
    0
    0
    0
    0
    0
    0
    0
    0
    0
    0
    0
    0
    0
    0
    0
    0
    0
    0
    0
    0
    0
    0
    0
    0
    0
    0
    0
    0
    0
    0
    0
    0
    0
    0
    0
    0
    0
    0
    0
    0
    0
    0
    0
    0
    0
    0
    0
    0
    0
    0
    0
    0
    0
    0
    0
    0
    0
    0
    0
    0
    0
    0
    0
    0
    0
    0
    0
    0
    0
    0
    0
    0
    0
    0
    0
    0
    0
    0
    0
    0
    0
    0
    0
    0
    0
    0
    0
    0
    0
    0
    0
    0
    0
    0
    0
    0
    0
    0
    0
    0
    0
    0
    0
    0
    0
    0
    0
    0
    0
    0
    0
    0
    0
    0
    0
    0
    0
    0
    0
    0
    0
    0
    0
    0
    0
    0
    0
    0
    0
    0
    0
    0
    0
    0
    0
    0
    0
    0
    0
    0
    0
    0
    0
    0
    0
    0
    0
    0
    0
    0
    0
    0
    0
    0
    0
    0
    0
    0
    0
    0
    0
    0
    0
    0
    0
    0
    0
    0
    0
    0
    0
    0
    0
    0
    0
    0
    0
    0
    0
    0
    0
    0
    0
    0
    0
    0
    0
    0
    0
    0
    0
    0
    0
    0
    0
    0
    0
    0
    0
    0
    0
    0
    0
    0
    0
    0
    0
    0
    0
    0
    0
    0
    0
    0
    0
    0
    0
    0
    0
    0
    0
    0
    0
    0
    0
    0
    0
    0
    0
    0
    0
    0
    0
    0
    0
    0
    0
    0
    0
    0
    0
    0
    0
    0
    0
    0
    0
    0
    0
    0
    0
    0
    0
    0
    0
    0
    0
    0
    0
    0
    0
    0
    0
    0
    0
    0
    0
    0
    0
    0
    0
    0
    0
    0
    0
    0
    0
    0
    0
    0
    0
    0
    0
    0
    0
    0
    0
    0
    0
    0
    0
    0
    0
    0
    0
    0
    0
    0
    0
    0
    0
    0
    0
    0
    0
    0
    0
    0
    0
    0
    0
    0
    0
    0
    0
    0
    0
    0
    0
    0
    0
    0
    0
    0
    0
    0
    0
    0
    0
    0
    0
    0
    0
    0
    0
    0
    0
    0
    0
    0
    0
    0
    0
    0
    0
    0
    0
    0
    0
    0
    0
    0
    0
    0
    0
    0
    0
    0
    0
    0
    0
    0
    0
    0
    0
    0
    0
    0
    0
    0
    0
    0
    0
    0
    0
    0
    0
    0
    0
    0
    0
    0
    0
    0
    0
    0
    0
    0
    0
    0
    0
    0
    0
    0
    0
    0
    0
    0
    0
    0
    0
    0
    0
    0
    0
    0
    0
    0
    0
    0
    0
    0
    0
    0
    0
    0
    0
    0
    0
    0
    0
    0
    0
    0
    0
    0
    0
    0
    0
    0
    0
    0
    0
    0
    0
    0
    0
    0
    0
    0
    0
    0
    0
    0
    0
    0
    0
    0
    0
    0
    0
    0
    0
    0
    0
    0
    0
    0
    0
    0
    0
    0
    0
    0
    0
    0
    0
    0
    0
    0
    0
    0
    0
    0
    0
    0
    0
    0
    0
    0
    0
    0
    0
    0
    0
    0
    0
    0
    0
    0
    0
    0
    0
    0
    0
    0
    0
    0
    0
    0
    0
    0
    0
    0
    0
    0
    0
    0
    0
    0
    0
    0
    0
    0
    0
    0
    0
    0
    0
    0
    0
    0
    0
    0
    0
    0
    0
    0
    0
    0
    0
    0
    0
    0
    0
    0
    0
    0
    0
    0
    0
    0
    0
    0
    0
    0
    0
    0
    0
    0
    0
    0
    0
    0
    0
    0
    0
    0
    0
    0
    0
    0
    0
    0
    0
    0
    0
    0
    0
    0
    0
    0
    0
    0
    0
    0
    0
    0
    0
    0
    0
    0
    0
    0
    0
    0
    0
    0
    0
    0
    0
    0
    0
    0
    0
    0
    0
    0
    0
    0
    0
    0
    0
    0
    0
    0
    0
    0
    0
    0
    0
    0
    0
    0
    0
    0
    0
    0
    0
    0
    0
    0
    0
    0
    0
    0
    0
    0
    0
    0
    0
    0
    0
    0
    0
    0
    0
    0
    0
    0
    0
    0
    0
    0
    0
    0
    0
    0
    0
    0
    0
    0
    0
    0
    0
    0
    0
    0
    0
    0
    0
    0
    0
    0
    0
    0
    0
    0
    0
    0
    0
    0
    0
    0
    0
    0
    0
    0
    0
    0
    0
    0
    0
    0
    0
    0
    0
    0
    0
    0
    0
    0
    0
    0
    0
    0
    0
    0
    0
    0
    0
    0
    0
    0
    0
    0
    0
    0
    0
    0
    0
    0
    0
    0
    0
    0
    0
    0
    0
    0
    0
    0
    0
    0
    0
    0
    0
    0
    0
    0
    0
    0
    0
    0
    0
    0
    0
    0
    0
    0
    0
    0
    0
    0
    0
    0
    0
    0
    0
    0
    0
    0
    0
    0
    0
    0
    0
    0
    0
    0
    0
    0
    0
    0
    0
    0
    0
    0
    0
    0
    0
    0
    0
    0
    0
    0
    0
    0
    0
    0
    0
    0
    0
    0
    0
    0
    0
    0
    0
    0
    0
    0
    0
    0
    0
    0
    0
    0
    0
    0
    0
    0
    0
    0
    0
    0
    0
    0
    0
    0
    0
    0
    0
    0
    0
    0
    0
    0
    0
    0
    0
    0
    0
    0
    0
    0
    0
    0
    0
    0
    0
    0
    0
    0
    0
    0
    0
    0
    0
    0
    0
    0
    0
    0
    0
    0
    0
    0
    0
    0
    0
    0
    0
    0
    0
    0
    0
    0
    0
    0
    0
    0
    0
    0
    0
    0
    0
    0
    0
    0
    0
    0
    0
    0
    0
    0
    0
    0
    0
    0
    0
    0
    0
    0
    0
    0
    0
    0
    0
    0
    0
    0
    0
    0
    0
    0
    0
    0
    0
    0
    0
    0
    0
    0
    0
    0
    0
    0
    0
    0
    0
    0
    0
    0
    0
    0
    0
    0
    0
    0
    0
    0
    0
    0
    0
    0
    0
    0
    0
    0
    0
    0
    0
    0
    0
    0
    0
    0
    0
    0
    0
    0
    0
    0
    0
    0
    0
    0
    0
    0
    0
    0
    0
    0
    0
    0
    0
    0
    0
    0
    0
    0
    0
    0
    0
    0
    0
    0
    0
    0
    0
    0
    0
    0
    0
    0
    0
    0
    0
    0
    0
    0
    0
    0
    0
    0
    0
    0
    0
    0
    0
    0
    0
    0
    0
    0
    0
    0
    0
    0
    0
    0
    0
    0
    0
    0
    0
    0
    0
    0
    0
    0
    0
    0
    0
    0
    0
    0
    0
    0
    0
    0
    0
    0
    0
    0
    0
    0
    0
    0
    0
    0
    0
    0
    0
    0
    0
    0
    0
    0
    0
    0
    0
    0
    0
    0
    0
    0
    0
    0
    0
    0
    0
    0
    0
    0
    0
    0
    0
    0
    0
    0
    0
    0
    0
    0
    0
    0
    0
    0
    0
    0
    0
    0
    0
    0
    0
    0
    0
    0
    0
    0
    0
    0
    0
    0
    0
    0
    0
    0
    0
    0
    0
    0
    0
    0
    0
    0
    0
    0
    0
    0
    0
    0
    0
    0
    0
    0
    0
    0
    0
    0
    0
    0
    0
    0
    0
    0
    0
    0
    0
    0
    0
    0
    0
    0
    0
    0
    0
    0
    0
    0
    0
    0
    0
    0
    0
    0
    0
    0
    0
    0
    0
    0
    0
    0
    0
    0
    0
    0
    0
    0
    0
    0
    0
    0
    0
    0
    0
    0
    0
    0
    0
    0
    0
    0
    0
    0
    0
    0
    0
    0
    0
    0
    0
    0
    0
    0
    0
    0
    0
    0
    0
    0
    0
    0
    0
    0
    0
    0
    0
    0
    0
    0
    0
    0
    0
    0
    0
    0
    0
    0
    0
    0
    0
    0
    0
    0
    0
    0
    0
    0
    0
    0
    0
    0
    0
    0
    0
    0
    0
    0
    0
    0
    0
    0
    0
    0
    0
    0
    0
    0
    0
    0
    0
    0
    0
    0
    0
    0
    0
    0
    0
    0
    0
    0
    0
    0
    0
    0
    0
    0
    0
    0
    0
    0
    0
    0
    0
    0
    0
    0
    0
    0
    0
    0
    0
    0
    0
    0
    0
    0
    0
    0
    0
    0
    0
    0
    0
    0
    0
    0
    0
    0
    0
    0
    0
    0
    0
    0
    0
    0
    0
    0
    0
    0
    0
    0
    0
    0
    0
    0
    0
    0
    0
    0
    0
    0
    0
    0
    0
    0
    0
    0
    0
    0
    0
    0
    0
    0
    0
    0
    0
    0
    0
    0
    0
    0
    0
    0
    0
    0
    0
    0
    0
    0
    0
    0
    0
    0
    0
    0
    0
    0
    0
    0
    0
    0
    0
    0
    0
    0
    0
    0
    0
    0
    0
    0
    0
    0
    0
    0
    0
    0
    0
    0
    0
    0
    0
    0
    0
    0
    0
    0
    0
    0
    0
    0
    0
    0
    0
    0
    0
    0
    0
    0
    0
    0
    0
    0
    0
    0
    0
    0
    0
    0
    0
    0
    0
    0
    0
    0
    0
    0
    0
    0
    0
    0
    0
    0
    0
    0
    0
    0
    0
    0
    0
    0
    0
    0
    0
    0
    0
    0
    0
    0
    0
    0
    0
    0
    0
    0
    0
    0
    0
    0
    0
    0
    0
    0
    0
    0
    0
    0
    0
    0
    0
    0
    0
    0
    0
    0
    0
    0
    0
    0
    0
    0
    0
    0
    0
    0
    0
    0
    0
    0
    0
    0
    0
    0
    0
    0
    0
    0
    0
    0
    0
    0
    0
    0
    0
    0
    0
    0
    0
    0
    0
    0
    0
    0
    0
    0
    0
    0
    0
    0
    0
    0
    0
    0
    0
    0
    0
    0
    0
    0
    0
    0
    0
    0
    0
    0
    0
    0
    0
    0
    0
    0
    0
    0
    0
    0
    0
    0
    0
    0
    0
    0
    0
    0
    0
    0
    0
    0
    0
    0
    0
    0
    0
    0
    0
    0
    0
    0
    0
    0
    0
    0
    0
    0
    0
    0
    0
    0
    0
    0
    0
    0
    0
    0
    0
    0
    0
    0
    0
    0
    0
    0
    0
    0
    0
    0
    0
    0
    0
    0
    0
    0
    0
    0
    0
    0
    0
    0
    0
    0
    0
    0
    0
    0
    0
    0
    0
    0
    0
    0
    0
    0
    0
    0
    0
    0
    0
    0
    0
    0
    0
    0
    0
    0
    0
    0
    0
    0
    0
    0
    0
    0
    0
    0
    0
    0
    0
    0
    0
    0
    0
    0
    0
    0
    0
    0
    0
    0
    0
    0
    0
    0
    0
    0
    0
    0
    0
    0
    0
    0
    0
    0
    0
    0
    0
    0
    0
    0
    0
    0
    0
    0
    0
    0
    0
    0
    0
    0
    0
    0
    0
    0
    0
    0
    0
    0
    0
    0
    0
    0
    0
    0
    0
    0
    0
    0
    0
    0
    0
    0
    0
    0
    0
    0
    0
    0
    0
    0
    0
    0
    0
    0
    0
    0
    0
    0
    0
    0
    0
    0
    0
    0
    0
    0
    0
    0
    0
    0
    0
    0
    0
    0
    0
    0
    0
    0
    0
    0
    0
    0
    0
    0
    0
    0
    0
    0
    0
    0
    0
    0
    0
    0
    0
    0
    0
    0
    0
    0
    0
    0
    0
    0
    0
    0
    0
    0
    0
    0
    0
    0
    0
    0
    0
    0
    0
    0
    0
    0
    0
    0
    0
    0
    0
    0
    0
    0
    0
    0
    0
    0
    0
    0
    0
    0
    0
    0
    0
    0
    0
    0
    0
    0
    0
    0
    0
    0
    0
    0
    0
    0
    0
    0
    0
    0
    0
    0
    0
    0
    0
    0
    0
    0
    0
    0
    0
    0
    0
    0
    0
    0
    0
    0
    0
    0
    0
    0
    0
    0
    0
    0
    0
    0
    0
    0
    0
    0
    0
    0
    0
    0
    0
    0
    0
    0
    0
    0
    0
    0
    0
    0
    0
    0
    0
    0
    0
    0
    0
    0
    0
    0
    0
    0
    0
    0
    0
    0
    0
    0
    0
    0
    0
    0
    0
    0
    0
    0
    0
    0
    0
    0
    0
    0
    0
    0
    0
    0
    0
    0
    0
    0
    0
    0
    0
    0
    0
    0
    0
    0
    0
    0
    0
    0
    0
    0
    0
    0
    0
    0
    0
    0
    0
    0
    0
    0
    0
    0
    0
    0
    0
    0
    0
    0
    0
    0
    0
    0
    0
    0
    0
    0
    0
    0
    0
    0
    0
    0
    0
    0
    0
    0
    0
    0
    0
    0
    0
    0
    0
    0
    0
    0
    0
    0
    0
    0
    0
    0
    0
    0
    0
    0
    0
    0
    0
    0
    0
    0
    0
    0
    0
    0
    0
    0
    0
    0
    0
    0
    0
    0
    0
    0
    0
    0
    0
    0
    0
    0
    0
    0
    0
    0
    0
    0
    0
    0
    0
    0
    0
    0
    0
    0
    0
    0
    0
    0
    0
    0
    0
    0
    0
    0
    0
    0
    0
    0
    0
    0
    0
    0
    0
    0
    0
    0
    0
    0
    0
    0
    0
    0
    0
    0
    0
    0
    0
    0
    0
    0
    0
    0
    0
    0
    0
    0
    0
    0
    0
    0
    0
    0
    0
    0
    0
    0
    0
    0
    0
    0
    0
    0
    0
    0
    0
    0
    0
    0
    0
    0
    0
    0
    0
    0
    0
    0
    0
    0
    0
    0
    0
    0
    0
    0
    0
    0
    0
    0
    0
    0
    0
    0
    0
    0
    0
    0
    0
    0
    0
    0
    0
    0
    0
    0
    0
    0
    0
    0
    0
    0
    0
    0
    0
    0
    0
    0
    0
    0
    0
    0
    0
    0
    0
    0
    0
    0
    0
    0
    0
    0
    0
    0
    0
    0
    0
    0
    0
    0
    0
    0
    0
    0
    0
    0
    0
    0
    0
    0
    0
    0
    0
    0
    0
    0
    0
    0
    0
    0
    0
    0
    0
    0
    0
    0
    0
    0
    0
    0
    0
    0
    0
    0
    0
    0
    0
    0
    0
    0
    0
    0
    0
    0
    0
    0
    0
    0
    0
    0
    0
    0
    0
    0
    0
    0
    0
    0
    0
    0
    0
    0
    0
    0
    0
    0
    0
    0
    0
    0
    0
    0
    0
    0
    0
    0
    0
    0
    0
    0
    0
    0
    0
    0
    0
    0
    0
    0
    0
    0
    0
    0
    0
    0
    0
    0
    0
    0
    0
    0
    0
    0
    0
    0
    0
    0
    0
    0
    0
    0
    0
    0
    0
    0
    0
    0
    0
    0
    0
    0
    0
    0
    0
    0
    0
    0
    0
    0
    0
    0
    0
    0
    0
    0
    0
    0
    0
    0
    0
    0
    0
    0
    0
    0
    0
    0
    0
    0
    0
    0
    0
    0
    0
    0
    0
    0
    0
    0
    0
    0
    0
    0
    0
    0
    0
    0
    0
    0
    0
    0
    0
    0
    0
    0
    0
    0
    0
    0
    0
    0
    0
    0
    0
    0
    0
    0
    0
    0
    0
    0
    0
    0
    0
    0
    0
    0
    0
    0
    0
    0
    0
    0
    0
    0
    0
    0
    0
    0
    0
    0
    0
    0
    0
    0
    0
    0
    0
    0
    0
    0
    0
    0
    0
    0
    0
    0
    0
    0
    0
    0
    0
    0
    0
    0
    0
    0
    0
    0
    0
    0
    0
    0
    0
    0
    0
    0
    0
    0
    0
    0
    0
    0
    0
    0
    0
    0
    0
    0
    0
    0
    0
    0
    0
    0
    0
    0
    0
    0
    0
    0
    0
    0
    0
    0
    0
    0
    0
    0
    0
    0
    0
    0
    0
    0
    0
    0
    0
    0
    0
    0
    0
    0
    0
    0
    0
    0
    0
    0
    0
    0
    0
    0
    0
    0
    0
    0
    0
    0
    0
    0
    0
    0
    0
    0
    0
    0
    0
    0
    0
    0
    0
    0
    0
    0
    0
    0
    0
    0
    0
    0
    0
    0
    0
    0
    0
    0
    0
    0
    0
    0
    0
    0
    0
    0
    0
    0
    0
    0
    0
    0
    0
    0
    0
    0
    0
    0
    0
    0
    0
    0
    0
    0
    0
    0
    0
    0
    0
    0
    0
    0
    0
    0
    0
    0
    0
    0
    0
    0
    0
    0
    0
    0
    0
    0
    0
    0
    0
    0
    0
    0
