Project Info:
    ACQ Time: 2019- 9-24  11:26:13: 525 .
    Project: tqÓÒ²à·áÂ¡£¨×ãÈýÀï¼ÓÍ¿ºìÒ©Ë®£©
    Name: 
    Part:  
    Operator:  
    Desc.:  
    Sample Data Acquired.

ACQ Parameters:
    Excited Peroid(ms): 50
    Excited Time(ms): 10
    Acq Delay Time(us): 10
    Gate Time(ms): 20
    Count Num per gate: 100
    Repeat Times: 50
    Acq Gate Times: 1
    Interval per Gate(us): 100
    Channel Number: 2

Data:
    142
    178
    166
    147
    138
    117
    110
    99
    69
    91
    78
    80
    76
    54
    72
    63
    42
    32
    44
    36
    31
    39
    47
    28
    42
    29
    38
    25
    22
    23
    19
    27
    25
    23
    15
    20
    13
    22
    11
    26
    14
    12
    9
    11
    10
    8
    15
    12
    10
    12
    5
    12
    10
    7
    5
    5
    7
    6
    6
    4
    4
    6
    2
    9
    4
    5
    3
    8
    4
    5
    2
    0
    3
    6
    1
    2
    3
    4
    2
    0
    2
    3
    2
    4
    4
    4
    1
    0
    2
    3
    2
    1
    2
    3
    0
    0
    2
    4
    2
    1
    138
    158
    137
    141
    123
    107
    101
    102
    88
    84
    83
    67
    64
    57
    61
    47
    40
    44
    45
    43
    49
    43
    33
    39
    31
    27
    21
    25
    31
    27
    23
    19
    26
    17
    15
    21
    11
    15
    22
    12
    7
    13
    11
    15
    18
    11
    10
    12
    11
    7
    7
    6
    11
    9
    4
    7
    8
    5
    5
    8
    1
    4
    2
    5
    7
    4
    3
    6
    4
    5
    2
    2
    2
    2
    3
    10
    3
    3
    3
    2
    2
    3
    4
    2
    1
    3
    1
    1
    1
    1
    2
    2
    2
    2
    1
    3
    3
    1
    2
    4
    136
    175
    148
    152
    144
    114
    114
    84
    83
    86
    73
    74
    63
    57
    55
    59
    49
    37
    47
    40
    28
    44
    43
    28
    27
    36
    29
    24
    24
    22
    15
    26
    14
    21
    19
    18
    13
    13
    13
    16
    12
    14
    14
    11
    9
    9
    8
    6
    10
    6
    10
    9
    10
    8
    11
    11
    6
    8
    8
    4
    3
    7
    4
    1
    4
    5
    2
    6
    8
    9
    2
    2
    3
    6
    3
    5
    4
    3
    1
    0
    1
    1
    1
    1
    3
    2
    3
    1
    2
    3
    1
    2
    0
    2
    0
    1
    1
    4
    1
    1
    156
    173
    164
    133
    104
    118
    115
    85
    82
    71
    84
    64
    66
    65
    49
    57
    46
    46
    43
    39
    39
    35
    39
    31
    31
    33
    29
    27
    25
    17
    30
    19
    22
    24
    32
    11
    22
    11
    13
    13
    17
    15
    11
    9
    8
    10
    11
    15
    8
    3
    11
    6
    5
    10
    5
    8
    7
    6
    5
    3
    3
    7
    4
    1
    0
    4
    2
    4
    5
    1
    6
    4
    6
    7
    1
    1
    2
    3
    1
    5
    2
    1
    2
    2
    4
    2
    4
    2
    2
    1
    4
    0
    1
    2
    1
    1
    3
    2
    1
    1
    139
    148
    127
    146
    121
    123
    110
    91
    93
    83
    81
    73
    56
    74
    56
    63
    61
    41
    55
    29
    41
    34
    37
    31
    28
    23
    25
    26
    22
    31
    20
    17
    30
    16
    19
    9
    20
    13
    14
    11
    13
    10
    14
    8
    13
    8
    6
    15
    5
    10
    13
    9
    17
    8
    3
    8
    6
    10
    13
    10
    12
    10
    4
    2
    3
    2
    3
    3
    7
    6
    3
    7
    3
    1
    3
    6
    4
    3
    3
    2
    1
    5
    4
    2
    3
    2
    5
    3
    5
    1
    0
    2
    1
    0
    0
    3
    2
    0
    0
    0
    151
    145
    153
    133
    127
    113
    102
    88
    77
    82
    74
    80
    72
    46
    54
    59
    33
    53
    32
    33
    41
    44
    28
    35
    34
    33
    28
    24
    19
    15
    24
    23
    14
    15
    18
    12
    22
    10
    18
    17
    16
    6
    11
    12
    13
    11
    10
    9
    14
    14
    8
    4
    4
    8
    8
    8
    7
    4
    7
    5
    4
    1
    8
    6
    5
    5
    4
    2
    3
    5
    4
    5
    1
    0
    2
    5
    3
    1
    2
    0
    6
    2
    4
    3
    3
    1
    2
    1
    0
    0
    1
    2
    3
    4
    1
    2
    1
    2
    1
    0
    137
    146
    147
    147
    106
    106
    93
    97
    83
    81
    72
    73
    74
    68
    55
    45
    52
    40
    53
    43
    43
    32
    47
    28
    40
    27
    24
    18
    20
    22
    21
    29
    19
    19
    17
    23
    16
    14
    16
    4
    9
    9
    13
    9
    12
    5
    5
    12
    4
    8
    13
    11
    13
    4
    7
    8
    5
    4
    7
    5
    9
    4
    6
    1
    6
    3
    6
    6
    3
    8
    1
    4
    2
    3
    1
    3
    6
    2
    3
    1
    2
    7
    1
    2
    2
    1
    1
    5
    1
    3
    3
    2
    4
    1
    1
    0
    2
    1
    1
    0
    148
    154
    150
    117
    122
    118
    115
    103
    95
    77
    94
    74
    74
    61
    56
    63
    48
    44
    40
    43
    34
    31
    38
    51
    34
    25
    25
    28
    23
    22
    13
    23
    19
    16
    16
    19
    18
    19
    17
    13
    14
    17
    8
    11
    14
    12
    13
    9
    7
    11
    9
    6
    8
    7
    6
    7
    7
    9
    4
    6
    7
    3
    4
    1
    1
    4
    5
    4
    8
    5
    5
    1
    0
    3
    1
    1
    3
    2
    2
    5
    4
    3
    0
    3
    3
    2
    2
    3
    0
    2
    3
    3
    3
    1
    2
    3
    2
    2
    1
    1
    166
    158
    157
    144
    132
    126
    113
    91
    74
    102
    74
    68
    68
    65
    53
    52
    60
    43
    46
    41
    41
    35
    39
    33
    46
    33
    26
    29
    22
    28
    17
    21
    19
    14
    15
    17
    14
    12
    16
    13
    10
    8
    18
    17
    8
    13
    12
    12
    7
    5
    3
    10
    6
    7
    5
    8
    4
    5
    4
    3
    4
    7
    7
    3
    4
    5
    5
    3
    5
    5
    3
    1
    4
    2
    4
    2
    0
    2
    3
    1
    1
    2
    3
    4
    3
    3
    2
    1
    2
    0
    4
    4
    2
    2
    0
    1
    2
    1
    0
    1
    158
    155
    149
    147
    114
    116
    106
    94
    99
    89
    69
    66
    59
    67
    56
    49
    55
    55
    38
    28
    46
    28
    32
    32
    28
    28
    33
    22
    16
    22
    24
    18
    18
    19
    23
    22
    14
    17
    13
    13
    19
    12
    13
    19
    18
    6
    10
    18
    13
    10
    6
    6
    9
    7
    8
    10
    7
    5
    5
    6
    5
    11
    6
    8
    9
    4
    9
    4
    3
    2
    4
    4
    4
    2
    2
    1
    3
    3
    2
    1
    8
    0
    2
    4
    3
    3
    1
    2
    0
    1
    3
    3
    2
    4
    1
    0
    1
    0
    2
    2
    162
    142
    142
    139
    138
    129
    84
    81
    80
    98
    66
    55
    66
    63
    44
    52
    60
    61
    42
    35
    29
    35
    32
    24
    33
    29
    23
    27
    23
    22
    30
    20
    21
    28
    17
    14
    20
    15
    19
    19
    20
    11
    15
    7
    8
    9
    8
    5
    5
    8
    16
    4
    13
    8
    7
    9
    6
    6
    2
    7
    7
    5
    2
    3
    4
    5
    7
    4
    4
    2
    5
    2
    0
    4
    4
    1
    3
    1
    2
    1
    0
    0
    3
    3
    3
    1
    2
    1
    1
    1
    2
    1
    1
    2
    1
    1
    2
    0
    1
    1
    147
    151
    144
    135
    124
    114
    94
    94
    80
    76
    73
    85
    73
    59
    71
    42
    48
    50
    50
    28
    36
    30
    31
    24
    22
    27
    29
    21
    22
    24
    12
    17
    16
    19
    22
    11
    14
    19
    12
    11
    13
    11
    19
    14
    15
    19
    11
    13
    6
    6
    7
    5
    7
    7
    4
    3
    9
    6
    9
    3
    5
    5
    4
    4
    5
    5
    7
    5
    6
    6
    2
    7
    3
    5
    1
    3
    0
    2
    2
    2
    5
    1
    4
    1
    3
    1
    2
    1
    1
    2
    2
    0
    1
    0
    3
    2
    2
    6
    1
    1
    138
    175
    144
    153
    136
    114
    86
    85
    114
    85
    74
    66
    68
    67
    54
    59
    48
    45
    37
    44
    35
    44
    35
    50
    38
    39
    24
    25
    25
    24
    21
    20
    15
    28
    10
    13
    12
    13
    17
    18
    19
    20
    17
    14
    20
    8
    8
    14
    11
    5
    9
    7
    7
    16
    2
    11
    4
    3
    4
    3
    5
    3
    9
    7
    5
    5
    5
    8
    3
    5
    2
    3
    4
    5
    6
    6
    6
    2
    3
    6
    4
    0
    0
    2
    4
    1
    0
    2
    3
    0
    3
    0
    1
    2
    2
    1
    2
    3
    1
    3
    158
    149
    161
    128
    129
    117
    106
    96
    94
    84
    68
    68
    63
    71
    58
    70
    51
    43
    48
    46
    31
    36
    47
    31
    33
    33
    31
    42
    28
    31
    22
    23
    12
    23
    14
    13
    25
    16
    19
    15
    14
    9
    18
    11
    9
    7
    5
    7
    7
    11
    11
    7
    10
    14
    5
    8
    8
    9
    6
    8
    8
    9
    11
    4
    5
    1
    1
    4
    7
    6
    3
    8
    3
    2
    1
    2
    2
    2
    3
    3
    5
    1
    5
    5
    2
    3
    2
    3
    1
    3
    3
    2
    1
    0
    1
    0
    0
    1
    3
    2
    154
    158
    131
    110
    114
    107
    94
    79
    91
    74
    71
    67
    73
    66
    57
    54
    39
    53
    55
    44
    34
    40
    38
    41
    31
    33
    29
    24
    25
    31
    23
    14
    16
    20
    12
    21
    12
    11
    19
    13
    15
    14
    13
    12
    14
    9
    17
    8
    9
    6
    8
    5
    8
    8
    6
    3
    6
    5
    3
    5
    10
    5
    5
    2
    4
    7
    5
    4
    3
    5
    3
    3
    3
    3
    2
    3
    3
    4
    2
    1
    2
    5
    4
    0
    2
    0
    2
    1
    2
    0
    2
    1
    4
    1
    3
    1
    0
    1
    3
    1
    150
    158
    168
    148
    122
    138
    103
    81
    89
    66
    76
    66
    70
    63
    47
    61
    55
    48
    46
    40
    34
    47
    40
    40
    33
    41
    29
    17
    30
    20
    21
    21
    13
    29
    17
    18
    16
    16
    19
    20
    14
    14
    15
    14
    10
    12
    14
    10
    10
    9
    7
    10
    7
    5
    14
    3
    4
    5
    5
    6
    5
    5
    10
    4
    4
    6
    3
    4
    2
    5
    5
    1
    1
    4
    2
    0
    3
    3
    7
    5
    2
    2
    3
    2
    1
    3
    0
    0
    4
    1
    4
    2
    3
    0
    1
    2
    1
    0
    1
    1
    157
    170
    150
    122
    118
    115
    101
    79
    86
    79
    85
    71
    60
    80
    63
    52
    53
    48
    40
    49
    41
    37
    34
    32
    23
    26
    35
    24
    21
    21
    17
    22
    21
    15
    11
    16
    9
    12
    11
    14
    13
    17
    8
    9
    14
    9
    6
    8
    9
    8
    7
    12
    2
    7
    8
    7
    4
    9
    5
    4
    9
    6
    6
    2
    5
    4
    4
    6
    2
    2
    3
    1
    3
    3
    2
    2
    2
    5
    4
    4
    2
    2
    2
    4
    2
    4
    4
    1
    3
    2
    0
    2
    0
    1
    1
    0
    4
    1
    4
    1
    148
    169
    150
    144
    108
    110
    98
    106
    91
    93
    88
    73
    74
    64
    52
    49
    50
    41
    40
    48
    36
    36
    27
    34
    31
    30
    29
    30
    22
    37
    18
    18
    16
    19
    9
    21
    10
    22
    19
    13
    10
    15
    9
    6
    13
    14
    10
    12
    12
    11
    5
    8
    8
    6
    7
    5
    0
    8
    3
    6
    5
    2
    2
    3
    3
    7
    10
    4
    2
    5
    7
    2
    5
    6
    6
    4
    1
    3
    3
    2
    3
    1
    1
    4
    2
    2
    4
    5
    2
    4
    3
    1
    3
    1
    3
    2
    3
    1
    3
    2
    139
    159
    149
    138
    133
    113
    107
    92
    80
    65
    83
    69
    56
    61
    52
    53
    52
    37
    42
    39
    41
    40
    44
    37
    40
    26
    24
    25
    23
    19
    21
    24
    18
    18
    17
    21
    18
    12
    18
    11
    4
    13
    10
    12
    12
    6
    12
    5
    5
    9
    8
    10
    11
    8
    8
    12
    7
    2
    4
    4
    1
    7
    7
    6
    11
    5
    4
    7
    4
    4
    6
    3
    2
    4
    1
    1
    4
    2
    3
    2
    4
    1
    2
    1
    1
    3
    1
    0
    2
    2
    2
    4
    3
    1
    5
    1
    3
    1
    2
    1
    137
    165
    155
    136
    122
    131
    96
    94
    79
    82
    65
    85
    82
    65
    70
    55
    44
    43
    38
    58
    27
    29
    49
    35
    33
    21
    37
    35
    19
    22
    26
    13
    27
    9
    9
    25
    20
    17
    14
    19
    13
    5
    13
    14
    11
    14
    17
    5
    12
    9
    9
    11
    12
    7
    12
    4
    7
    4
    2
    3
    4
    5
    3
    4
    6
    4
    1
    5
    3
    5
    8
    3
    0
    8
    7
    1
    5
    1
    1
    0
    7
    4
    1
    4
    0
    1
    1
    3
    0
    5
    1
    3
    1
    2
    2
    1
    5
    3
    5
    1
    153
    138
    164
    106
    116
    123
    101
    84
    97
    83
    76
    64
    60
    73
    67
    55
    52
    44
    48
    39
    44
    37
    46
    32
    29
    33
    28
    22
    19
    26
    20
    24
    33
    19
    18
    20
    14
    14
    9
    11
    14
    9
    19
    12
    15
    9
    8
    10
    4
    9
    7
    15
    9
    8
    5
    4
    5
    5
    3
    13
    4
    7
    1
    8
    6
    2
    12
    4
    12
    3
    3
    3
    4
    3
    6
    4
    4
    1
    9
    2
    1
    3
    3
    1
    4
    2
    6
    2
    1
    3
    2
    1
    4
    0
    1
    5
    3
    1
    0
    1
    157
    155
    151
    136
    121
    128
    107
    99
    89
    88
    89
    71
    69
    64
    65
    55
    56
    55
    54
    38
    38
    35
    40
    29
    27
    35
    34
    18
    23
    21
    24
    23
    23
    21
    13
    18
    22
    12
    13
    13
    14
    16
    11
    10
    11
    14
    10
    6
    10
    8
    6
    7
    4
    9
    5
    7
    4
    4
    3
    9
    5
    6
    3
    6
    6
    1
    6
    4
    5
    4
    0
    2
    3
    2
    3
    2
    5
    4
    3
    3
    2
    1
    6
    4
    5
    2
    2
    4
    3
    4
    2
    0
    2
    0
    0
    1
    4
    1
    3
    3
    151
    148
    136
    150
    120
    102
    109
    96
    83
    97
    78
    63
    69
    55
    70
    63
    63
    49
    48
    43
    30
    35
    28
    32
    30
    25
    35
    28
    33
    15
    28
    16
    20
    19
    15
    11
    13
    14
    10
    13
    23
    7
    11
    14
    12
    4
    12
    7
    6
    17
    9
    11
    12
    5
    8
    5
    7
    9
    9
    4
    4
    3
    6
    3
    2
    3
    3
    2
    1
    4
    4
    4
    5
    6
    3
    1
    1
    3
    2
    6
    1
    5
    1
    2
    1
    3
    3
    5
    4
    1
    2
    1
    0
    0
    2
    2
    0
    1
    1
    0
    155
    154
    150
    125
    140
    113
    102
    82
    82
    76
    75
    73
    72
    63
    49
    61
    63
    49
    36
    45
    44
    27
    39
    30
    25
    24
    27
    33
    40
    16
    23
    20
    21
    24
    22
    15
    16
    21
    14
    12
    12
    8
    20
    13
    9
    8
    8
    12
    10
    4
    8
    5
    10
    3
    11
    8
    5
    2
    6
    6
    6
    5
    6
    6
    3
    6
    8
    6
    6
    3
    2
    2
    5
    2
    2
    6
    5
    5
    1
    7
    4
    3
    4
    7
    3
    1
    1
    3
    0
    3
    1
    2
    5
    1
    1
    3
    4
    0
    0
    2
    153
    166
    149
    124
    110
    117
    106
    107
    79
    92
    86
    79
    80
    64
    51
    52
    64
    48
    44
    38
    36
    33
    50
    31
    32
    36
    32
    23
    25
    36
    26
    30
    17
    23
    24
    18
    19
    12
    23
    19
    13
    14
    12
    6
    9
    11
    10
    12
    10
    7
    6
    9
    7
    7
    6
    8
    14
    9
    5
    13
    3
    3
    3
    6
    6
    4
    2
    4
    6
    5
    6
    0
    2
    3
    7
    2
    7
    1
    5
    3
    5
    4
    1
    1
    3
    1
    2
    1
    1
    2
    3
    4
    4
    2
    1
    3
    1
    4
    5
    0
    148
    160
    151
    120
    107
    125
    90
    104
    80
    83
    82
    80
    70
    62
    66
    62
    46
    40
    45
    33
    38
    27
    32
    32
    33
    23
    20
    34
    26
    25
    15
    22
    29
    24
    16
    19
    14
    28
    19
    12
    16
    10
    13
    10
    7
    15
    7
    7
    13
    8
    6
    3
    11
    10
    7
    6
    6
    4
    6
    4
    7
    8
    8
    2
    7
    3
    8
    9
    5
    5
    3
    6
    1
    5
    1
    2
    1
    3
    3
    4
    1
    3
    3
    4
    3
    1
    2
    2
    2
    6
    2
    2
    3
    1
    0
    0
    1
    2
    1
    1
    115
    172
    154
    145
    129
    99
    102
    94
    102
    84
    90
    68
    60
    63
    60
    62
    47
    60
    41
    41
    40
    32
    27
    24
    34
    25
    26
    24
    28
    18
    21
    27
    22
    23
    19
    25
    17
    14
    18
    12
    20
    13
    16
    10
    13
    7
    11
    10
    9
    12
    6
    13
    5
    2
    11
    6
    12
    5
    7
    6
    6
    8
    2
    8
    5
    3
    6
    4
    4
    4
    5
    1
    2
    1
    1
    2
    2
    3
    2
    3
    2
    8
    2
    4
    5
    4
    2
    2
    2
    2
    3
    0
    1
    1
    2
    0
    0
    2
    1
    3
    154
    148
    145
    153
    115
    113
    110
    111
    94
    107
    77
    68
    57
    60
    58
    54
    55
    51
    42
    34
    32
    31
    34
    36
    29
    35
    28
    25
    24
    30
    27
    21
    14
    12
    20
    17
    16
    13
    16
    12
    14
    12
    16
    9
    8
    9
    8
    14
    11
    12
    5
    7
    4
    6
    8
    5
    3
    5
    5
    5
    1
    3
    2
    8
    5
    9
    6
    7
    5
    1
    3
    6
    2
    8
    5
    2
    4
    4
    3
    2
    2
    3
    5
    0
    1
    6
    5
    0
    1
    2
    1
    0
    0
    2
    3
    2
    3
    1
    1
    0
    155
    139
    151
    135
    109
    100
    101
    98
    86
    84
    76
    77
    72
    53
    65
    51
    63
    47
    48
    37
    24
    47
    29
    27
    29
    21
    23
    24
    16
    28
    19
    30
    18
    23
    20
    25
    18
    19
    16
    8
    16
    9
    15
    15
    13
    15
    9
    10
    9
    2
    14
    4
    6
    7
    7
    7
    7
    5
    9
    6
    8
    5
    9
    6
    6
    6
    4
    2
    3
    3
    6
    4
    2
    3
    4
    5
    2
    2
    2
    2
    1
    3
    4
    2
    2
    4
    5
    1
    1
    0
    2
    4
    1
    5
    3
    3
    1
    0
    0
    1
    144
    182
    148
    128
    129
    133
    105
    74
    106
    82
    82
    61
    60
    71
    58
    50
    58
    42
    42
    33
    40
    34
    40
    36
    34
    31
    30
    28
    23
    24
    21
    18
    23
    23
    18
    16
    24
    19
    12
    16
    13
    10
    15
    8
    18
    13
    10
    5
    12
    4
    5
    8
    13
    9
    4
    7
    11
    10
    4
    6
    7
    6
    4
    5
    8
    5
    3
    8
    3
    3
    3
    2
    2
    7
    1
    1
    4
    1
    1
    2
    4
    2
    1
    2
    1
    7
    2
    2
    2
    5
    2
    2
    1
    0
    2
    2
    1
    3
    2
    2
    131
    176
    156
    151
    111
    100
    87
    101
    89
    87
    70
    79
    79
    56
    55
    47
    44
    38
    49
    37
    45
    42
    35
    28
    30
    26
    35
    39
    20
    21
    18
    24
    26
    17
    24
    17
    18
    13
    11
    10
    14
    10
    9
    7
    10
    8
    12
    8
    4
    4
    7
    5
    3
    9
    5
    3
    9
    5
    6
    6
    3
    4
    3
    6
    5
    2
    1
    8
    2
    3
    2
    1
    4
    2
    3
    5
    1
    3
    0
    3
    4
    4
    0
    1
    3
    1
    2
    5
    1
    0
    1
    2
    2
    4
    3
    3
    1
    2
    3
    1
    172
    155
    143
    133
    126
    118
    94
    113
    104
    78
    81
    76
    68
    77
    66
    61
    44
    51
    41
    45
    45
    33
    32
    23
    28
    35
    32
    23
    26
    17
    21
    26
    17
    14
    16
    10
    11
    15
    16
    18
    13
    8
    16
    17
    6
    13
    8
    13
    11
    10
    10
    6
    5
    10
    6
    3
    6
    5
    6
    2
    6
    7
    7
    8
    1
    4
    4
    5
    5
    5
    4
    4
    4
    5
    5
    3
    8
    3
    3
    2
    4
    4
    2
    1
    2
    6
    3
    3
    2
    1
    4
    4
    1
    2
    2
    1
    1
    0
    0
    2
    153
    175
    157
    132
    117
    130
    114
    112
    85
    79
    76
    77
    76
    63
    68
    50
    52
    65
    43
    39
    29
    43
    37
    22
    32
    30
    25
    28
    23
    25
    20
    16
    20
    15
    12
    14
    14
    19
    15
    15
    13
    17
    11
    14
    8
    10
    6
    12
    7
    6
    7
    9
    10
    3
    10
    11
    15
    7
    3
    8
    12
    4
    6
    6
    3
    9
    1
    2
    3
    3
    4
    5
    2
    4
    4
    6
    3
    3
    4
    2
    6
    6
    5
    1
    2
    2
    2
    5
    3
    1
    0
    2
    2
    2
    0
    2
    2
    0
    2
    0
    153
    162
    169
    132
    112
    104
    102
    103
    90
    91
    62
    75
    73
    57
    52
    55
    47
    71
    62
    39
    37
    37
    32
    22
    32
    39
    33
    35
    25
    22
    21
    25
    25
    15
    27
    11
    16
    11
    17
    11
    17
    17
    12
    14
    9
    8
    9
    10
    12
    9
    15
    9
    6
    7
    9
    8
    8
    9
    5
    3
    9
    8
    2
    3
    4
    10
    4
    5
    3
    4
    6
    5
    4
    5
    8
    1
    3
    1
    1
    2
    4
    0
    2
    5
    2
    2
    0
    4
    2
    2
    0
    2
    2
    2
    3
    0
    0
    0
    4
    1
    171
    139
    151
    131
    126
    94
    103
    111
    80
    83
    64
    71
    53
    53
    46
    45
    46
    50
    44
    42
    45
    52
    37
    33
    36
    36
    30
    21
    18
    18
    16
    19
    22
    20
    18
    17
    11
    13
    13
    16
    10
    17
    15
    11
    10
    9
    14
    13
    11
    7
    8
    8
    11
    8
    8
    8
    12
    3
    5
    6
    5
    8
    8
    1
    5
    13
    5
    2
    4
    5
    5
    1
    4
    4
    3
    7
    5
    2
    3
    3
    5
    2
    2
    2
    5
    1
    1
    3
    2
    4
    5
    2
    2
    3
    3
    2
    0
    0
    4
    0
    137
    174
    147
    147
    139
    127
    89
    92
    85
    81
    86
    69
    76
    56
    66
    68
    53
    41
    37
    43
    40
    44
    35
    41
    28
    26
    28
    14
    24
    21
    17
    21
    18
    14
    18
    18
    11
    13
    15
    17
    14
    15
    12
    10
    17
    13
    9
    7
    8
    6
    7
    7
    13
    13
    6
    12
    4
    5
    5
    2
    8
    10
    4
    1
    5
    4
    2
    4
    4
    5
    3
    2
    4
    4
    2
    1
    3
    6
    2
    2
    4
    6
    5
    4
    1
    3
    1
    3
    2
    2
    2
    0
    1
    0
    1
    1
    1
    4
    0
    2
    144
    167
    154
    152
    124
    101
    86
    103
    71
    82
    77
    56
    67
    55
    65
    59
    62
    52
    62
    46
    37
    31
    36
    35
    38
    21
    28
    24
    23
    21
    26
    26
    16
    24
    12
    17
    20
    18
    14
    16
    13
    9
    18
    8
    8
    10
    11
    11
    11
    9
    8
    7
    9
    13
    5
    9
    11
    6
    8
    2
    4
    2
    4
    8
    6
    4
    4
    6
    1
    3
    4
    4
    4
    5
    0
    2
    2
    5
    1
    1
    2
    0
    4
    2
    6
    4
    0
    1
    2
    1
    1
    2
    2
    1
    1
    0
    1
    0
    0
    0
    167
    158
    138
    151
    129
    99
    90
    92
    107
    90
    68
    85
    82
    69
    50
    64
    49
    62
    36
    35
    24
    34
    42
    29
    38
    26
    18
    28
    25
    24
    27
    29
    20
    10
    18
    15
    21
    13
    15
    11
    9
    18
    14
    12
    10
    8
    8
    5
    13
    11
    12
    7
    8
    10
    6
    4
    13
    9
    5
    2
    4
    8
    4
    2
    5
    5
    3
    1
    8
    1
    3
    1
    1
    2
    4
    5
    2
    2
    2
    1
    1
    2
    2
    4
    3
    5
    3
    2
    0
    2
    3
    2
    3
    1
    2
    0
    0
    2
    2
    3
    154
    161
    162
    161
    132
    111
    116
    108
    104
    86
    70
    69
    75
    72
    71
    59
    52
    42
    52
    38
    43
    37
    25
    40
    41
    28
    31
    30
    27
    29
    16
    10
    18
    14
    20
    17
    23
    13
    16
    10
    15
    11
    10
    10
    9
    13
    8
    11
    9
    10
    11
    14
    10
    10
    12
    6
    5
    6
    7
    4
    2
    7
    7
    5
    4
    3
    5
    4
    7
    6
    5
    4
    2
    4
    4
    4
    6
    4
    1
    2
    3
    2
    7
    7
    3
    2
    4
    1
    2
    0
    2
    1
    2
    2
    1
    3
    3
    2
    1
    1
    150
    165
    141
    132
    104
    102
    122
    123
    82
    83
    88
    70
    57
    69
    65
    38
    50
    41
    43
    51
    50
    39
    46
    36
    33
    31
    27
    21
    17
    20
    21
    19
    23
    16
    24
    11
    23
    22
    24
    15
    18
    16
    11
    21
    11
    16
    14
    13
    8
    12
    18
    8
    10
    9
    6
    6
    11
    6
    5
    8
    4
    3
    5
    9
    3
    3
    6
    3
    6
    4
    3
    4
    2
    4
    8
    3
    1
    2
    4
    3
    0
    5
    5
    1
    0
    3
    2
    2
    1
    1
    0
    1
    5
    3
    3
    1
    2
    3
    2
    1
    158
    161
    157
    144
    124
    113
    115
    91
    88
    85
    76
    69
    77
    77
    63
    57
    53
    39
    38
    48
    38
    42
    32
    36
    29
    33
    31
    30
    29
    31
    27
    13
    18
    22
    23
    17
    19
    16
    11
    9
    11
    13
    17
    13
    13
    11
    18
    6
    11
    4
    12
    11
    7
    7
    8
    6
    7
    4
    5
    6
    3
    7
    6
    7
    7
    3
    7
    5
    5
    4
    4
    5
    2
    4
    2
    5
    9
    3
    4
    5
    6
    2
    4
    1
    2
    5
    5
    5
    1
    2
    3
    5
    3
    2
    2
    1
    0
    0
    1
    3
    151
    172
    153
    132
    128
    97
    99
    108
    83
    77
    80
    75
    56
    65
    64
    51
    53
    41
    53
    41
    43
    46
    42
    41
    22
    30
    23
    26
    22
    22
    25
    32
    21
    27
    14
    16
    22
    17
    11
    16
    13
    17
    14
    8
    11
    11
    11
    12
    4
    7
    13
    9
    10
    11
    8
    5
    4
    8
    9
    6
    7
    3
    3
    8
    6
    2
    7
    1
    0
    5
    2
    6
    5
    4
    2
    6
    2
    1
    7
    2
    2
    3
    2
    5
    3
    5
    3
    5
    3
    1
    0
    4
    2
    1
    4
    5
    0
    1
    0
    1
    142
    152
    147
    115
    116
    109
    115
    99
    85
    79
    79
    76
    57
    63
    58
    63
    57
    58
    51
    42
    31
    30
    30
    39
    25
    23
    30
    17
    26
    14
    26
    26
    13
    25
    24
    20
    20
    17
    18
    13
    14
    17
    19
    17
    14
    12
    10
    10
    4
    10
    13
    8
    13
    6
    8
    6
    7
    6
    6
    6
    6
    4
    5
    7
    3
    2
    5
    7
    3
    3
    6
    7
    5
    5
    5
    2
    3
    3
    3
    1
    6
    1
    4
    1
    1
    3
    3
    0
    1
    0
    1
    1
    3
    0
    1
    4
    2
    3
    0
    3
    159
    156
    151
    146
    113
    121
    107
    118
    86
    91
    75
    65
    69
    48
    55
    59
    59
    43
    35
    49
    34
    38
    37
    42
    30
    29
    34
    30
    29
    32
    17
    23
    25
    20
    11
    13
    17
    12
    18
    16
    10
    14
    15
    13
    9
    9
    10
    8
    10
    8
    11
    4
    12
    13
    2
    6
    7
    10
    8
    4
    6
    5
    3
    10
    6
    4
    9
    5
    7
    5
    4
    2
    3
    3
    5
    2
    2
    2
    1
    3
    4
    2
    2
    4
    0
    4
    4
    2
    1
    2
    4
    3
    2
    2
    2
    2
    2
    1
    1
    1
    177
    159
    147
    143
    121
    116
    122
    95
    100
    93
    71
    65
    79
    66
    53
    55
    61
    35
    38
    45
    43
    37
    41
    28
    24
    38
    24
    33
    24
    25
    25
    28
    14
    15
    15
    20
    16
    12
    15
    15
    20
    19
    13
    8
    13
    9
    14
    9
    7
    14
    10
    7
    10
    14
    8
    2
    5
    4
    5
    8
    4
    3
    9
    2
    1
    6
    10
    2
    6
    4
    4
    2
    5
    7
    5
    3
    3
    4
    4
    3
    4
    7
    4
    5
    3
    3
    3
    2
    3
    2
    1
    1
    0
    2
    4
    0
    3
    1
    4
    3
    159
    186
    157
    129
    125
    107
    111
    73
    96
    81
    76
    66
    65
    56
    75
    42
    49
    56
    27
    50
    40
    33
    41
    32
    25
    39
    15
    31
    30
    29
    16
    9
    23
    19
    17
    11
    8
    14
    19
    14
    17
    12
    13
    14
    11
    9
    17
    7
    6
    6
    9
    10
    7
    10
    12
    7
    5
    10
    4
    5
    7
    8
    3
    4
    4
    6
    2
    1
    1
    3
    3
    3
    4
    1
    5
    3
    4
    3
    4
    3
    5
    4
    5
    2
    3
    0
    1
    1
    1
    0
    1
    2
    1
    2
    1
    2
    4
    2
    1
    3
    162
    179
    150
    144
    125
    107
    106
    90
    105
    91
    70
    53
    73
    65
    54
    48
    54
    45
    41
    53
    33
    40
    27
    41
    32
    26
    24
    21
    25
    22
    25
    22
    12
    19
    14
    15
    15
    22
    18
    11
    8
    10
    9
    13
    12
    6
    8
    7
    14
    9
    6
    6
    11
    8
    7
    8
    8
    6
    9
    4
    10
    6
    8
    5
    8
    4
    2
    9
    3
    2
    2
    7
    1
    4
    3
    3
    2
    3
    6
    4
    3
    0
    3
    1
    3
    3
    5
    1
    7
    6
    4
    6
    3
    2
    2
    3
    1
    0
    3
    1
    161
    189
    129
    154
    121
    109
    98
    87
    99
    77
    98
    84
    60
    63
    50
    56
    60
    55
    47
    46
    40
    35
    33
    37
    30
    29
    29
    19
    26
    21
    15
    23
    19
    18
    21
    12
    16
    13
    24
    10
    6
    12
    14
    16
    9
    16
    12
    9
    15
    6
    10
    9
    13
    8
    8
    3
    6
    7
    3
    6
    7
    3
    4
    5
    8
    13
    3
    7
    5
    3
    2
    2
    4
    1
    4
    3
    4
    2
    3
    3
    2
    4
    4
    2
    3
    2
    1
    2
    1
    2
    4
    1
    3
    1
    0
    3
    0
    2
    3
    2
    126
    164
    139
    139
    134
    110
    108
    79
    95
    79
    79
    79
    74
    57
    55
    51
    65
    57
    35
    48
    41
    27
    33
    33
    31
    25
    33
    45
    21
    17
    20
    21
    23
    18
    19
    17
    10
    26
    11
    8
    16
    14
    13
    19
    9
    6
    8
    14
    3
    9
    13
    6
    8
    9
    8
    3
    3
    9
    6
    8
    4
    7
    1
    5
    0
    2
    4
    1
    2
    5
    3
    4
    3
    5
    0
    2
    3
    4
    4
    5
    4
    5
    3
    1
    3
    1
    2
    1
    1
    1
    2
    0
    1
    2
    2
    2
    4
    0
    5
    1
    147
    159
    168
    153
    109
    123
    96
    87
    85
    90
    71
    74
    71
    65
    43
    49
    41
    47
    46
    38
    31
    25
    35
    31
    27
    29
    34
    27
    21
    26
    16
    17
    24
    22
    23
    21
    18
    10
    14
    15
    14
    13
    10
    11
    15
    12
    11
    10
    8
    9
    12
    7
    8
    9
    2
    4
    6
    7
    2
    5
    3
    11
    5
    6
    5
    5
    7
    3
    6
    5
    6
    3
    6
    2
    4
    3
    6
    2
    4
    3
    0
    2
    5
    3
    3
    5
    2
    3
    2
    6
    5
    2
    3
    2
    1
    1
    0
    0
    2
    1

Data:
    0
    0
    0
    0
    0
    0
    0
    0
    0
    0
    0
    0
    0
    0
    0
    0
    0
    0
    0
    0
    0
    0
    0
    0
    0
    0
    0
    0
    0
    0
    0
    0
    0
    0
    0
    0
    0
    0
    0
    0
    0
    0
    0
    0
    0
    0
    0
    0
    0
    0
    0
    0
    0
    0
    0
    0
    0
    0
    0
    0
    0
    0
    0
    0
    0
    0
    0
    0
    0
    0
    0
    0
    0
    0
    0
    0
    0
    0
    0
    0
    0
    0
    0
    0
    0
    0
    0
    0
    0
    0
    0
    0
    0
    0
    0
    0
    0
    0
    0
    0
    0
    0
    0
    0
    0
    0
    0
    0
    0
    0
    0
    0
    0
    0
    0
    0
    0
    0
    0
    0
    0
    0
    0
    0
    0
    0
    0
    0
    0
    0
    0
    0
    0
    0
    0
    0
    0
    0
    0
    0
    0
    0
    0
    0
    0
    0
    0
    0
    0
    0
    0
    0
    0
    0
    0
    0
    0
    0
    0
    0
    0
    0
    0
    0
    0
    0
    0
    0
    0
    0
    0
    0
    0
    0
    0
    0
    0
    0
    0
    0
    0
    0
    0
    0
    0
    0
    0
    0
    0
    0
    0
    0
    0
    0
    0
    0
    0
    0
    0
    0
    0
    0
    0
    0
    0
    0
    0
    0
    0
    0
    0
    0
    0
    0
    0
    0
    0
    0
    0
    0
    0
    0
    0
    0
    0
    0
    0
    0
    0
    0
    0
    0
    0
    0
    0
    0
    0
    0
    0
    0
    0
    0
    0
    0
    0
    0
    0
    0
    0
    0
    0
    0
    0
    0
    0
    0
    0
    0
    0
    0
    0
    0
    0
    0
    0
    0
    0
    0
    0
    0
    0
    0
    0
    0
    0
    0
    0
    0
    0
    0
    0
    0
    0
    0
    0
    0
    0
    0
    0
    0
    0
    0
    0
    0
    0
    0
    0
    0
    0
    0
    0
    0
    0
    0
    0
    0
    0
    0
    0
    0
    0
    0
    0
    0
    0
    0
    0
    0
    0
    0
    0
    0
    0
    0
    0
    0
    0
    0
    0
    0
    0
    0
    0
    0
    0
    0
    0
    0
    0
    0
    0
    0
    0
    0
    0
    0
    0
    0
    0
    0
    0
    0
    0
    0
    0
    0
    0
    0
    0
    0
    0
    0
    0
    0
    0
    0
    0
    0
    0
    0
    0
    0
    0
    0
    0
    0
    0
    0
    0
    0
    0
    0
    0
    0
    0
    0
    0
    0
    0
    0
    0
    0
    0
    0
    0
    0
    0
    0
    0
    0
    0
    0
    0
    0
    0
    0
    0
    0
    0
    0
    0
    0
    0
    0
    0
    0
    0
    0
    0
    0
    0
    0
    0
    0
    0
    0
    0
    0
    0
    0
    0
    0
    0
    0
    0
    0
    0
    0
    0
    0
    0
    0
    0
    0
    0
    0
    0
    0
    0
    0
    0
    0
    0
    0
    0
    0
    0
    0
    0
    0
    0
    0
    0
    0
    0
    0
    0
    0
    0
    0
    0
    0
    0
    0
    0
    0
    0
    0
    0
    0
    0
    0
    0
    0
    0
    0
    0
    0
    0
    0
    0
    0
    0
    0
    0
    0
    0
    0
    0
    0
    0
    0
    0
    0
    0
    0
    0
    0
    0
    0
    0
    0
    0
    0
    0
    0
    0
    0
    0
    0
    0
    0
    0
    0
    0
    0
    0
    0
    0
    0
    0
    0
    0
    0
    0
    0
    0
    0
    0
    0
    0
    0
    0
    0
    0
    0
    0
    0
    0
    0
    0
    0
    0
    0
    0
    0
    0
    0
    0
    0
    0
    0
    0
    0
    0
    0
    0
    0
    0
    0
    0
    0
    0
    0
    0
    0
    0
    0
    0
    0
    0
    0
    0
    0
    0
    0
    0
    0
    0
    0
    0
    0
    0
    0
    0
    0
    0
    0
    0
    0
    0
    0
    0
    0
    0
    0
    0
    0
    0
    0
    0
    0
    0
    0
    0
    0
    0
    0
    0
    0
    0
    0
    0
    0
    0
    0
    0
    0
    0
    0
    0
    0
    0
    0
    0
    0
    0
    0
    0
    0
    0
    0
    0
    0
    0
    0
    0
    0
    0
    0
    0
    0
    0
    0
    0
    0
    0
    0
    0
    0
    0
    0
    0
    0
    0
    0
    0
    0
    0
    0
    0
    0
    0
    0
    0
    0
    0
    0
    0
    0
    0
    0
    0
    0
    0
    0
    0
    0
    0
    0
    0
    0
    0
    0
    0
    0
    0
    0
    0
    0
    0
    0
    0
    0
    0
    0
    0
    0
    0
    0
    0
    0
    0
    0
    0
    0
    0
    0
    0
    0
    0
    0
    0
    0
    0
    0
    0
    0
    0
    0
    0
    0
    0
    0
    0
    0
    0
    0
    0
    0
    0
    0
    0
    0
    0
    0
    0
    0
    0
    0
    0
    0
    0
    0
    0
    0
    0
    0
    0
    0
    0
    0
    0
    0
    0
    0
    0
    0
    0
    0
    0
    0
    0
    0
    0
    0
    0
    0
    0
    0
    0
    0
    0
    0
    0
    0
    0
    0
    0
    0
    0
    0
    0
    0
    0
    0
    0
    0
    0
    0
    0
    0
    0
    0
    0
    0
    0
    0
    0
    0
    0
    0
    0
    0
    0
    0
    0
    0
    0
    0
    0
    0
    0
    0
    0
    0
    0
    0
    0
    0
    0
    0
    0
    0
    0
    0
    0
    0
    0
    0
    0
    0
    0
    0
    0
    0
    0
    0
    0
    0
    0
    0
    0
    0
    0
    0
    0
    0
    0
    0
    0
    0
    0
    0
    0
    0
    0
    0
    0
    0
    0
    0
    0
    0
    0
    0
    0
    0
    0
    0
    0
    0
    0
    0
    0
    0
    0
    0
    0
    0
    0
    0
    0
    0
    0
    0
    0
    0
    0
    0
    0
    0
    0
    0
    0
    0
    0
    0
    0
    0
    0
    0
    0
    0
    0
    0
    0
    0
    0
    0
    0
    0
    0
    0
    0
    0
    0
    0
    0
    0
    0
    0
    0
    0
    0
    0
    0
    0
    0
    0
    0
    0
    0
    0
    0
    0
    0
    0
    0
    0
    0
    0
    0
    0
    0
    0
    0
    0
    0
    0
    0
    0
    0
    0
    0
    0
    0
    0
    0
    0
    0
    0
    0
    0
    0
    0
    0
    0
    0
    0
    0
    0
    0
    0
    0
    0
    0
    0
    0
    0
    0
    0
    0
    0
    0
    0
    0
    0
    0
    0
    0
    0
    0
    0
    0
    0
    0
    0
    0
    0
    0
    0
    0
    0
    0
    0
    0
    0
    0
    0
    0
    0
    0
    0
    0
    0
    0
    0
    0
    0
    0
    0
    0
    0
    0
    0
    0
    0
    0
    0
    0
    0
    0
    0
    0
    0
    0
    0
    0
    0
    0
    0
    0
    0
    0
    0
    0
    0
    0
    0
    0
    0
    0
    0
    0
    0
    0
    0
    0
    0
    0
    0
    0
    0
    0
    0
    0
    0
    0
    0
    0
    0
    0
    0
    0
    0
    0
    0
    0
    0
    0
    0
    0
    0
    0
    0
    0
    0
    0
    0
    0
    0
    0
    0
    0
    0
    0
    0
    0
    0
    0
    0
    0
    0
    0
    0
    0
    0
    0
    0
    0
    0
    0
    0
    0
    0
    0
    0
    0
    0
    0
    0
    0
    0
    0
    0
    0
    0
    0
    0
    0
    0
    0
    0
    0
    0
    0
    0
    0
    0
    0
    0
    0
    0
    0
    0
    0
    0
    0
    0
    0
    0
    0
    0
    0
    0
    0
    0
    0
    0
    0
    0
    0
    0
    0
    0
    0
    0
    0
    0
    0
    0
    0
    0
    0
    0
    0
    0
    0
    0
    0
    0
    0
    0
    0
    0
    0
    0
    0
    0
    0
    0
    0
    0
    0
    0
    0
    0
    0
    0
    0
    0
    0
    0
    0
    0
    0
    0
    0
    0
    0
    0
    0
    0
    0
    0
    0
    0
    0
    0
    0
    0
    0
    0
    0
    0
    0
    0
    0
    0
    0
    0
    0
    0
    0
    0
    0
    0
    0
    0
    0
    0
    0
    0
    0
    0
    0
    0
    0
    0
    0
    0
    0
    0
    0
    0
    0
    0
    0
    0
    0
    0
    0
    0
    0
    0
    0
    0
    0
    0
    0
    0
    0
    0
    0
    0
    0
    0
    0
    0
    0
    0
    0
    0
    0
    0
    0
    0
    0
    0
    0
    0
    0
    0
    0
    0
    0
    0
    0
    0
    0
    0
    0
    0
    0
    0
    0
    0
    0
    0
    0
    0
    0
    0
    0
    0
    0
    0
    0
    0
    0
    0
    0
    0
    0
    0
    0
    0
    0
    0
    0
    0
    0
    0
    0
    0
    0
    0
    0
    0
    0
    0
    0
    0
    0
    0
    0
    0
    0
    0
    0
    0
    0
    0
    0
    0
    0
    0
    0
    0
    0
    0
    0
    0
    0
    0
    0
    0
    0
    0
    0
    0
    0
    0
    0
    0
    0
    0
    0
    0
    0
    0
    0
    0
    0
    0
    0
    0
    0
    0
    0
    0
    0
    0
    0
    0
    0
    0
    0
    0
    0
    0
    0
    0
    0
    0
    0
    0
    0
    0
    0
    0
    0
    0
    0
    0
    0
    0
    0
    0
    0
    0
    0
    0
    0
    0
    0
    0
    0
    0
    0
    0
    0
    0
    0
    0
    0
    0
    0
    0
    0
    0
    0
    0
    0
    0
    0
    0
    0
    0
    0
    0
    0
    0
    0
    0
    0
    0
    0
    0
    0
    0
    0
    0
    0
    0
    0
    0
    0
    0
    0
    0
    0
    0
    0
    0
    0
    0
    0
    0
    0
    0
    0
    0
    0
    0
    0
    0
    0
    0
    0
    0
    0
    0
    0
    0
    0
    0
    0
    0
    0
    0
    0
    0
    0
    0
    0
    0
    0
    0
    0
    0
    0
    0
    0
    0
    0
    0
    0
    0
    0
    0
    0
    0
    0
    0
    0
    0
    0
    0
    0
    0
    0
    0
    0
    0
    0
    0
    0
    0
    0
    0
    0
    0
    0
    0
    0
    0
    0
    0
    0
    0
    0
    0
    0
    0
    0
    0
    0
    0
    0
    0
    0
    0
    0
    0
    0
    0
    0
    0
    0
    0
    0
    0
    0
    0
    0
    0
    0
    0
    0
    0
    0
    0
    0
    0
    0
    0
    0
    0
    0
    0
    0
    0
    0
    0
    0
    0
    0
    0
    0
    0
    0
    0
    0
    0
    0
    0
    0
    0
    0
    0
    0
    0
    0
    0
    0
    0
    0
    0
    0
    0
    0
    0
    0
    0
    0
    0
    0
    0
    0
    0
    0
    0
    0
    0
    0
    0
    0
    0
    0
    0
    0
    0
    0
    0
    0
    0
    0
    0
    0
    0
    0
    0
    0
    0
    0
    0
    0
    0
    0
    0
    0
    0
    0
    0
    0
    0
    0
    0
    0
    0
    0
    0
    0
    0
    0
    0
    0
    0
    0
    0
    0
    0
    0
    0
    0
    0
    0
    0
    0
    0
    0
    0
    0
    0
    0
    0
    0
    0
    0
    0
    0
    0
    0
    0
    0
    0
    0
    0
    0
    0
    0
    0
    0
    0
    0
    0
    0
    0
    0
    0
    0
    0
    0
    0
    0
    0
    0
    0
    0
    0
    0
    0
    0
    0
    0
    0
    0
    0
    0
    0
    0
    0
    0
    0
    0
    0
    0
    0
    0
    0
    0
    0
    0
    0
    0
    0
    0
    0
    0
    0
    0
    0
    0
    0
    0
    0
    0
    0
    0
    0
    0
    0
    0
    0
    0
    0
    0
    0
    0
    0
    0
    0
    0
    0
    0
    0
    0
    0
    0
    0
    0
    0
    0
    0
    0
    0
    0
    0
    0
    0
    0
    0
    0
    0
    0
    0
    0
    0
    0
    0
    0
    0
    0
    0
    0
    0
    0
    0
    0
    0
    0
    0
    0
    0
    0
    0
    0
    0
    0
    0
    0
    0
    0
    0
    0
    0
    0
    0
    0
    0
    0
    0
    0
    0
    0
    0
    0
    0
    0
    0
    0
    0
    0
    0
    0
    0
    0
    0
    0
    0
    0
    0
    0
    0
    0
    0
    0
    0
    0
    0
    0
    0
    0
    0
    0
    0
    0
    0
    0
    0
    0
    0
    0
    0
    0
    0
    0
    0
    0
    0
    0
    0
    0
    0
    0
    0
    0
    0
    0
    0
    0
    0
    0
    0
    0
    0
    0
    0
    0
    0
    0
    0
    0
    0
    0
    0
    0
    0
    0
    0
    0
    0
    0
    0
    0
    0
    0
    0
    0
    0
    0
    0
    0
    0
    0
    0
    0
    0
    0
    0
    0
    0
    0
    0
    0
    0
    0
    0
    0
    0
    0
    0
    0
    0
    0
    0
    0
    0
    0
    0
    0
    0
    0
    0
    0
    0
    0
    0
    0
    0
    0
    0
    0
    0
    0
    0
    0
    0
    0
    0
    0
    0
    0
    0
    0
    0
    0
    0
    0
    0
    0
    0
    0
    0
    0
    0
    0
    0
    0
    0
    0
    0
    0
    0
    0
    0
    0
    0
    0
    0
    0
    0
    0
    0
    0
    0
    0
    0
    0
    0
    0
    0
    0
    0
    0
    0
    0
    0
    0
    0
    0
    0
    0
    0
    0
    0
    0
    0
    0
    0
    0
    0
    0
    0
    0
    0
    0
    0
    0
    0
    0
    0
    0
    0
    0
    0
    0
    0
    0
    0
    0
    0
    0
    0
    0
    0
    0
    0
    0
    0
    0
    0
    0
    0
    0
    0
    0
    0
    0
    0
    0
    0
    0
    0
    0
    0
    0
    0
    0
    0
    0
    0
    0
    0
    0
    0
    0
    0
    0
    0
    0
    0
    0
    0
    0
    0
    0
    0
    0
    0
    0
    0
    0
    0
    0
    0
    0
    0
    0
    0
    0
    0
    0
    0
    0
    0
    0
    0
    0
    0
    0
    0
    0
    0
    0
    0
    0
    0
    0
    0
    0
    0
    0
    0
    0
    0
    0
    0
    0
    0
    0
    0
    0
    0
    0
    0
    0
    0
    0
    0
    0
    0
    0
    0
    0
    0
    0
    0
    0
    0
    0
    0
    0
    0
    0
    0
    0
    0
    0
    0
    0
    0
    0
    0
    0
    0
    0
    0
    0
    0
    0
    0
    0
    0
    0
    0
    0
    0
    0
    0
    0
    0
    0
    0
    0
    0
    0
    0
    0
    0
    0
    0
    0
    0
    0
    0
    0
    0
    0
    0
    0
    0
    0
    0
    0
    0
    0
    0
    0
    0
    0
    0
    0
    0
    0
    0
    0
    0
    0
    0
    0
    0
    0
    0
    0
    0
    0
    0
    0
    0
    0
    0
    0
    0
    0
    0
    0
    0
    0
    0
    0
    0
    0
    0
    0
    0
    0
    0
    0
    0
    0
    0
    0
    0
    0
    0
    0
    0
    0
    0
    0
    0
    0
    0
    0
    0
    0
    0
    0
    0
    0
    0
    0
    0
    0
    0
    0
    0
    0
    0
    0
    0
    0
    0
    0
    0
    0
    0
    0
    0
    0
    0
    0
    0
    0
    0
    0
    0
    0
    0
    0
    0
    0
    0
    0
    0
    0
    0
    0
    0
    0
    0
    0
    0
    0
    0
    0
    0
    0
    0
    0
    0
    0
    0
    0
    0
    0
    0
    0
    0
    0
    0
    0
    0
    0
    0
    0
    0
    0
    0
    0
    0
    0
    0
    0
    0
    0
    0
    0
    0
    0
    0
    0
    0
    0
    0
    0
    0
    0
    0
    0
    0
    0
    0
    0
    0
    0
    0
    0
    0
    0
    0
    0
    0
    0
    0
    0
    0
    0
    0
    0
    0
    0
    0
    0
    0
    0
    0
    0
    0
    0
    0
    0
    0
    0
    0
    0
    0
    0
    0
    0
    0
    0
    0
    0
    0
    0
    0
    0
    0
    0
    0
    0
    0
    0
    0
    0
    0
    0
    0
    0
    0
    0
    0
    0
    0
    0
    0
    0
    0
    0
    0
    0
    0
    0
    0
    0
    0
    0
    0
    0
    0
    0
    0
    0
    0
    0
    0
    0
    0
    0
    0
    0
    0
    0
    0
    0
    0
    0
    0
    0
    0
    0
    0
    0
    0
    0
    0
    0
    0
    0
    0
    0
    0
    0
    0
    0
    0
    0
    0
    0
    0
    0
    0
    0
    0
    0
    0
    0
    0
    0
    0
    0
    0
    0
    0
    0
    0
    0
    0
    0
    0
    0
    0
    0
    0
    0
    0
    0
    0
    0
    0
    0
    0
    0
    0
    0
    0
    0
    0
    0
    0
    0
    0
    0
    0
    0
    0
    0
    0
    0
    0
    0
    0
    0
    0
    0
    0
    0
    0
    0
    0
    0
    0
    0
    0
    0
    0
    0
    0
    0
    0
    0
    0
    0
    0
    0
    0
    0
    0
    0
    0
    0
    0
    0
    0
    0
    0
    0
    0
    0
    0
    0
    0
    0
    0
    0
    0
    0
    0
    0
    0
    0
    0
    0
    0
    0
    0
    0
    0
    0
    0
    0
    0
    0
    0
    0
    0
    0
    0
    0
    0
    0
    0
    0
    0
    0
    0
    0
    0
    0
    0
    0
    0
    0
    0
    0
    0
    0
    0
    0
    0
    0
    0
    0
    0
    0
    0
    0
    0
    0
    0
    0
    0
    0
    0
    0
    0
    0
    0
    0
    0
    0
    0
    0
    0
    0
    0
    0
    0
    0
    0
    0
    0
    0
    0
    0
    0
    0
    0
    0
    0
    0
    0
    0
    0
    0
    0
    0
    0
    0
    0
    0
    0
    0
    0
    0
    0
    0
    0
    0
    0
    0
    0
    0
    0
    0
    0
    0
    0
    0
    0
    0
    0
    0
    0
    0
    0
    0
    0
    0
    0
    0
    0
    0
    0
    0
    0
    0
    0
    0
    0
    0
    0
    0
    0
    0
    0
    0
    0
    0
    0
    0
    0
    0
    0
    0
    0
    0
    0
    0
    0
    0
    0
    0
    0
    0
    0
    0
    0
    0
    0
    0
    0
    0
    0
    0
    0
    0
    0
    0
    0
    0
    0
    0
    0
    0
    0
    0
    0
    0
    0
    0
    0
    0
    0
    0
    0
    0
    0
    0
    0
    0
    0
    0
    0
    0
    0
    0
    0
    0
    0
    0
    0
    0
    0
    0
    0
    0
    0
    0
    0
    0
    0
    0
    0
    0
    0
    0
    0
    0
    0
    0
    0
    0
    0
    0
    0
    0
    0
    0
    0
    0
    0
    0
    0
    0
    0
    0
    0
    0
    0
    0
    0
    0
    0
    0
    0
    0
    0
    0
    0
    0
    0
    0
    0
    0
    0
    0
    0
    0
    0
    0
    0
    0
    0
    0
    0
    0
    0
    0
    0
    0
    0
    0
    0
    0
    0
    0
    0
    0
    0
    0
    0
    0
    0
    0
    0
    0
    0
    0
    0
    0
    0
    0
    0
    0
    0
    0
    0
    0
    0
    0
    0
    0
    0
    0
    0
    0
    0
    0
    0
    0
    0
    0
    0
    0
    0
    0
    0
    0
    0
    0
    0
    0
    0
    0
    0
    0
    0
    0
    0
    0
    0
    0
    0
    0
    0
    0
    0
    0
    0
    0
    0
    0
    0
    0
    0
    0
    0
    0
    0
    0
    0
    0
    0
    0
    0
    0
    0
    0
    0
    0
    0
    0
    0
    0
    0
    0
    0
    0
    0
    0
    0
    0
    0
    0
    0
    0
    0
    0
    0
    0
    0
    0
    0
    0
    0
    0
    0
    0
    0
    0
    0
    0
    0
    0
    0
    0
    0
    0
    0
    0
    0
    0
    0
    0
    0
    0
    0
    0
    0
    0
    0
    0
    0
    0
    0
    0
    0
    0
    0
    0
    0
    0
    0
    0
    0
    0
    0
    0
    0
    0
    0
    0
    0
    0
    0
    0
    0
    0
    0
    0
    0
    0
    0
    0
    0
    0
    0
    0
    0
    0
    0
    0
    0
    0
    0
    0
    0
    0
    0
    0
    0
    0
    0
    0
    0
    0
    0
    0
    0
    0
    0
    0
    0
    0
    0
    0
    0
    0
    0
    0
    0
    0
    0
    0
    0
    0
    0
    0
    0
    0
    0
    0
    0
    0
    0
    0
    0
    0
    0
    0
    0
    0
    0
    0
    0
    0
    0
    0
    0
    0
    0
    0
    0
    0
    0
    0
    0
    0
    0
    0
    0
    0
    0
    0
    0
    0
    0
    0
    0
    0
    0
    0
    0
    0
    0
    0
    0
    0
    0
    0
    0
    0
    0
    0
    0
    0
    0
    0
    0
    0
    0
    0
    0
    0
    0
    0
    0
    0
    0
    0
    0
    0
    0
    0
    0
    0
    0
    0
    0
    0
    0
    0
    0
    0
    0
    0
    0
    0
    0
    0
    0
    0
    0
    0
    0
    0
    0
    0
    0
    0
    0
    0
    0
    0
    0
    0
    0
    0
    0
    0
    0
    0
    0
    0
    0
    0
    0
    0
    0
    0
    0
    0
    0
    0
    0
    0
    0
    0
    0
    0
    0
    0
    0
    0
    0
    0
    0
    0
    0
    0
    0
    0
    0
    0
    0
    0
    0
    0
    0
    0
    0
    0
    0
    0
    0
    0
    0
    0
    0
    0
    0
    0
    0
    0
    0
    0
    0
    0
    0
    0
    0
    0
    0
    0
    0
    0
    0
    0
    0
    0
    0
    0
    0
    0
    0
    0
    0
    0
    0
    0
    0
    0
    0
    0
    0
    0
    0
    0
    0
    0
    0
    0
    0
    0
    0
    0
    0
    0
    0
    0
    0
    0
    0
    0
    0
    0
    0
    0
    0
    0
    0
    0
    0
    0
    0
    0
    0
    0
    0
    0
    0
    0
    0
    0
    0
    0
    0
    0
    0
    0
    0
    0
    0
    0
    0
    0
    0
    0
    0
    0
    0
    0
    0
    0
    0
    0
    0
    0
    0
    0
    0
    0
    0
    0
    0
    0
    0
    0
    0
    0
    0
    0
    0
    0
    0
    0
    0
    0
    0
    0
    0
    0
    0
    0
    0
    0
    0
    0
    0
    0
    0
    0
    0
    0
    0
    0
    0
    0
    0
    0
    0
    0
    0
    0
    0
    0
    0
    0
    0
    0
    0
    0
    0
    0
    0
    0
    0
    0
    0
    0
    0
    0
    0
    0
    0
    0
    0
    0
    0
    0
    0
    0
    0
    0
    0
    0
    0
    0
    0
    0
    0
    0
    0
    0
    0
    0
    0
    0
    0
    0
    0
    0
    0
    0
    0
    0
    0
    0
    0
    0
    0
    0
    0
    0
    0
    0
    0
    0
    0
    0
    0
    0
    0
    0
    0
    0
    0
    0
    0
    0
    0
    0
    0
    0
    0
    0
    0
    0
    0
    0
    0
    0
    0
    0
    0
    0
    0
    0
    0
    0
    0
    0
    0
    0
    0
    0
    0
    0
    0
    0
    0
    0
    0
    0
    0
    0
    0
    0
    0
    0
    0
    0
    0
    0
    0
    0
    0
    0
    0
    0
    0
    0
    0
    0
    0
    0
    0
    0
    0
    0
    0
    0
    0
    0
    0
    0
    0
    0
    0
    0
    0
    0
    0
    0
    0
    0
    0
    0
    0
    0
    0
    0
    0
    0
    0
    0
    0
    0
    0
    0
    0
    0
    0
    0
    0
    0
    0
    0
    0
    0
    0
    0
    0
    0
    0
    0
    0
    0
    0
    0
    0
    0
    0
    0
    0
    0
    0
    0
    0
    0
    0
    0
    0
    0
    0
    0
    0
    0
    0
    0
    0
    0
    0
    0
    0
    0
    0
    0
    0
    0
    0
    0
    0
    0
    0
    0
    0
    0
    0
    0
    0
    0
    0
    0
    0
    0
    0
    0
    0
    0
    0
    0
    0
    0
    0
    0
    0
    0
    0
    0
    0
    0
    0
    0
    0
    0
    0
    0
    0
    0
    0
    0
    0
    0
    0
    0
    0
    0
    0
    0
    0
    0
    0
    0
    0
    0
    0
    0
    0
    0
    0
    0
    0
    0
    0
    0
    0
    0
    0
    0
    0
    0
    0
    0
    0
    0
    0
    0
    0
    0
    0
    0
    0
    0
    0
    0
    0
    0
    0
    0
    0
    0
    0
    0
    0
    0
    0
    0
    0
    0
    0
    0
    0
    0
    0
    0
    0
    0
    0
    0
    0
    0
    0
    0
    0
    0
    0
    0
    0
    0
    0
    0
    0
    0
    0
    0
    0
    0
    0
    0
    0
    0
    0
    0
    0
    0
    0
    0
    0
    0
    0
    0
    0
    0
    0
    0
    0
    0
    0
    0
    0
    0
    0
    0
    0
    0
    0
    0
    0
    0
    0
    0
    0
    0
    0
    0
    0
    0
    0
    0
    0
    0
    0
    0
    0
    0
    0
    0
    0
    0
    0
    0
    0
    0
    0
    0
    0
    0
    0
    0
    0
    0
    0
    0
    0
    0
    0
    0
    0
    0
    0
    0
    0
    0
    0
    0
    0
    0
    0
    0
    0
    0
    0
    0
    0
    0
    0
    0
    0
    0
    0
    0
    0
    0
    0
    0
    0
    0
    0
    0
    0
    0
    0
    0
    0
    0
    0
    0
    0
    0
    0
    0
    0
    0
    0
    0
    0
    0
    0
    0
    0
    0
    0
    0
    0
    0
    0
    0
    0
    0
    0
    0
    0
    0
    0
    0
    0
    0
    0
    0
    0
    0
    0
    0
    0
    0
    0
    0
    0
    0
    0
    0
    0
    0
    0
    0
    0
    0
    0
    0
    0
    0
    0
    0
    0
    0
    0
    0
    0
    0
    0
    0
    0
    0
    0
    0
    0
    0
    0
    0
    0
    0
    0
    0
    0
    0
    0
    0
    0
    0
    0
    0
    0
    0
    0
    0
    0
    0
    0
    0
    0
    0
    0
    0
    0
    0
    0
    0
    0
    0
    0
    0
    0
    0
    0
    0
    0
    0
    0
    0
    0
    0
    0
    0
    0
    0
    0
    0
    0
    0
    0
    0
    0
    0
    0
    0
    0
    0
    0
    0
    0
    0
    0
    0
    0
    0
    0
    0
    0
    0
    0
    0
    0
    0
    0
    0
    0
    0
    0
    0
    0
    0
    0
    0
    0
    0
    0
    0
    0
    0
    0
    0
    0
    0
    0
    0
    0
    0
    0
    0
    0
    0
    0
    0
    0
    0
    0
    0
    0
    0
    0
    0
    0
    0
    0
    0
    0
    0
    0
    0
    0
    0
    0
    0
    0
    0
    0
    0
    0
    0
    0
    0
    0
    0
    0
    0
    0
    0
    0
    0
    0
    0
    0
    0
    0
    0
    0
    0
    0
    0
    0
    0
    0
    0
    0
    0
    0
    0
    0
    0
    0
    0
    0
    0
    0
    0
    0
    0
    0
    0
    0
    0
    0
    0
    0
    0
    0
    0
    0
    0
    0
    0
    0
    0
    0
    0
    0
    0
    0
    0
    0
    0
    0
    0
    0
    0
    0
    0
    0
    0
    0
    0
    0
    0
    0
    0
    0
    0
    0
    0
    0
    0
    0
    0
    0
    0
    0
    0
    0
    0
    0
    0
    0
    0
    0
    0
    0
    0
    0
    0
    0
    0
    0
    0
    0
    0
    0
    0
    0
    0
    0
    0
    0
    0
    0
    0
    0
    0
    0
    0
    0
    0
    0
    0
    0
    0
    0
    0
    0
    0
    0
    0
    0
    0
    0
    0
    0
    0
    0
    0
    0
    0
    0
    0
    0
    0
    0
    0
    0
    0
    0
    0
    0
    0
    0
    0
    0
    0
    0
    0
    0
    0
    0
    0
    0
    0
    0
    0
    0
    0
    0
    0
    0
    0
    0
    0
    0
    0
    0
    0
    0
    0
    0
    0
    0
    0
    0
    0
    0
    0
    0
    0
    0
    0
    0
    0
    0
    0
    0
    0
    0
    0
    0
    0
    0
    0
    0
    0
    0
    0
    0
    0
    0
    0
    0
    0
    0
    0
    0
    0
    0
    0
    0
    0
    0
    0
    0
    0
    0
    0
    0
    0
    0
    0
    0
    0
    0
    0
    0
    0
    0
    0
    0
    0
    0
    0
    0
    0
    0
    0
    0
    0
    0
    0
    0
    0
    0
    0
    0
    0
    0
    0
    0
    0
    0
    0
    0
    0
    0
    0
    0
    0
    0
    0
    0
    0
    0
    0
    0
    0
    0
    0
    0
    0
    0
    0
    0
    0
    0
    0
    0
    0
    0
    0
    0
    0
    0
    0
    0
    0
    0
    0
    0
    0
    0
    0
    0
    0
    0
    0
    0
    0
    0
    0
    0
    0
    0
    0
    0
    0
    0
    0
    0
    0
    0
    0
    0
    0
    0
    0
    0
    0
    0
    0
    0
    0
    0
    0
    0
    0
    0
    0
    0
    0
    0
    0
    0
    0
    0
    0
    0
    0
    0
    0
    0
    0
    0
    0
    0
    0
    0
    0
    0
    0
    0
    0
    0
    0
    0
    0
    0
    0
    0
    0
    0
    0
    0
    0
    0
    0
    0
    0
    0
    0
    0
    0
    0
    0
    0
    0
    0
    0
    0
    0
    0
    0
    0
    0
    0
    0
    0
    0
    0
    0
    0
    0
    0
    0
    0
    0
    0
    0
    0
    0
    0
    0
    0
    0
    0
    0
    0
    0
    0
    0
    0
    0
    0
    0
    0
    0
    0
    0
    0
    0
    0
    0
    0
    0
    0
    0
    0
    0
    0
    0
    0
    0
    0
    0
    0
    0
    0
    0
    0
    0
    0
    0
    0
    0
    0
    0
    0
    0
    0
    0
    0
    0
    0
    0
    0
    0
    0
    0
    0
    0
    0
    0
    0
    0
    0
    0
    0
    0
    0
    0
    0
    0
    0
    0
    0
    0
    0
    0
    0
    0
    0
    0
    0
    0
    0
    0
    0
    0
    0
    0
    0
    0
    0
    0
    0
    0
    0
    0
    0
    0
    0
    0
    0
    0
    0
    0
    0
    0
    0
    0
    0
    0
    0
    0
    0
    0
    0
    0
    0
    0
    0
    0
    0
    0
    0
    0
    0
    0
    0
    0
    0
    0
    0
    0
    0
    0
    0
    0
    0
    0
    0
    0
    0
    0
    0
    0
    0
    0
    0
    0
    0
    0
    0
    0
    0
    0
    0
    0
    0
    0
    0
    0
    0
    0
    0
    0
    0
    0
    0
    0
    0
    0
    0
    0
    0
    0
    0
    0
    0
    0
    0
    0
    0
    0
    0
    0
    0
    0
    0
    0
    0
    0
    0
    0
    0
    0
    0
    0
    0
    0
    0
    0
    0
    0
    0
    0
    0
    0
    0
    0
    0
    0
    0
    0
    0
    0
    0
    0
    0
    0
    0
    0
    0
    0
    0
    0
    0
    0
    0
    0
    0
    0
    0
    0
    0
    0
    0
    0
    0
    0
    0
    0
    0
    0
    0
    0
    0
    0
    0
    0
    0
    0
    0
    0
    0
    0
    0
    0
    0
    0
    0
    0
    0
    0
    0
    0
    0
    0
    0
    0
    0
    0
    0
    0
    0
    0
    0
    0
    0
    0
    0
    0
    0
    0
    0
    0
    0
    0
    0
    0
    0
    0
    0
    0
    0
    0
    0
    0
    0
    0
    0
    0
    0
    0
    0
    0
    0
    0
    0
    0
    0
    0
    0
    0
    0
    0
    0
    0
    0
    0
    0
    0
    0
    0
    0
    0
    0
    0
    0
    0
    0
    0
    0
    0
    0
    0
    0
    0
    0
    0
    0
    0
    0
    0
    0
    0
    0
    0
    0
    0
    0
    0
    0
    0
    0
    0
    0
    0
    0
    0
    0
    0
    0
    0
    0
    0
    0
    0
    0
    0
    0
    0
    0
    0
    0
    0
    0
    0
    0
    0
    0
    0
    0
    0
    0
    0
    0
    0
    0
    0
    0
    0
    0
    0
    0
    0
    0
    0
    0
    0
    0
    0
    0
    0
    0
    0
    0
    0
    0
    0
    0
    0
    0
    0
    0
    0
    0
    0
    0
    0
    0
    0
    0
    0
    0
    0
    0
    0
    0
    0
    0
    0
    0
    0
    0
    0
    0
    0
    0
    0
    0
    0
    0
    0
    0
    0
    0
    0
    0
    0
    0
    0
    0
    0
    0
    0
    0
    0
    0
    0
    0
    0
    0
    0
    0
    0
    0
    0
    0
    0
    0
    0
    0
    0
    0
    0
    0
    0
    0
    0
    0
    0
    0
    0
    0
    0
    0
    0
    0
    0
    0
    0
    0
    0
    0
    0
    0
    0
    0
    0
    0
    0
    0
    0
    0
    0
    0
    0
    0
    0
    0
    0
    0
    0
    0
    0
    0
    0
    0
    0
    0
