Project Info:
    ACQ Time: 2019- 9-24   9:31:30: 785 .
    Project: tq×ó²à×ãÈýÀïÓÒÅÔ¿ª£¨×òÌìÍ¿ºìÒ©Ë®£©
    Name: 
    Part:  
    Operator:  
    Desc.:  
    Sample Data Acquired.

ACQ Parameters:
    Excited Peroid(ms): 50
    Excited Time(ms): 10
    Acq Delay Time(us): 10
    Gate Time(ms): 20
    Count Num per gate: 100
    Repeat Times: 50
    Acq Gate Times: 1
    Interval per Gate(us): 100
    Channel Number: 2

Data:
    585
    561
    512
    483
    443
    422
    366
    351
    312
    307
    298
    243
    253
    234
    225
    204
    223
    219
    204
    184
    162
    174
    145
    143
    130
    135
    117
    109
    130
    109
    106
    106
    109
    90
    93
    60
    69
    92
    75
    81
    74
    52
    64
    62
    60
    61
    61
    55
    49
    50
    39
    49
    41
    30
    42
    39
    33
    35
    44
    39
    40
    22
    27
    25
    26
    25
    25
    26
    27
    21
    30
    23
    23
    23
    30
    16
    24
    32
    23
    19
    17
    26
    11
    20
    14
    12
    20
    8
    17
    14
    15
    14
    7
    8
    15
    15
    12
    10
    6
    7
    567
    546
    517
    424
    432
    382
    403
    328
    342
    306
    280
    277
    264
    263
    231
    214
    205
    200
    190
    193
    163
    156
    163
    142
    163
    138
    145
    105
    136
    98
    101
    95
    97
    97
    78
    88
    82
    79
    82
    74
    74
    74
    61
    54
    62
    49
    69
    59
    63
    59
    48
    42
    53
    60
    40
    46
    38
    41
    43
    31
    38
    30
    36
    39
    31
    27
    33
    44
    30
    29
    21
    26
    28
    20
    22
    19
    22
    29
    26
    16
    19
    17
    19
    20
    20
    19
    15
    19
    14
    21
    9
    16
    18
    13
    8
    13
    12
    16
    13
    10
    597
    544
    497
    483
    463
    406
    373
    317
    302
    305
    302
    284
    245
    250
    207
    209
    193
    217
    201
    185
    153
    178
    147
    174
    143
    147
    123
    140
    118
    130
    107
    108
    94
    90
    76
    90
    94
    92
    81
    62
    79
    61
    66
    58
    59
    53
    72
    54
    47
    45
    49
    46
    52
    43
    46
    60
    43
    37
    30
    51
    34
    28
    35
    31
    41
    42
    34
    33
    28
    43
    29
    27
    27
    34
    26
    22
    22
    20
    17
    15
    25
    15
    17
    20
    13
    16
    16
    20
    13
    12
    21
    20
    13
    12
    14
    12
    16
    20
    15
    7
    652
    568
    511
    415
    411
    402
    402
    329
    315
    291
    296
    279
    245
    259
    213
    238
    213
    199
    192
    168
    164
    156
    150
    138
    145
    127
    117
    132
    111
    115
    106
    106
    113
    87
    84
    85
    95
    91
    89
    66
    64
    72
    63
    75
    57
    64
    50
    59
    65
    70
    51
    53
    57
    38
    35
    30
    38
    44
    37
    32
    51
    36
    40
    27
    39
    27
    30
    37
    37
    28
    31
    25
    21
    25
    26
    24
    20
    19
    19
    16
    22
    21
    14
    27
    18
    24
    25
    19
    19
    8
    15
    20
    14
    13
    9
    13
    16
    10
    10
    11
    620
    564
    521
    441
    466
    377
    399
    318
    329
    317
    263
    264
    275
    266
    235
    230
    224
    228
    192
    193
    193
    171
    173
    163
    138
    120
    119
    127
    119
    110
    122
    121
    107
    122
    93
    110
    77
    76
    88
    81
    85
    72
    75
    57
    66
    51
    69
    56
    57
    56
    50
    57
    31
    42
    46
    45
    35
    53
    32
    44
    18
    45
    33
    37
    37
    30
    32
    38
    31
    33
    25
    31
    24
    22
    29
    27
    27
    21
    17
    15
    21
    21
    22
    21
    15
    21
    20
    17
    11
    20
    16
    15
    15
    13
    15
    15
    5
    11
    8
    19
    577
    584
    536
    470
    384
    361
    373
    345
    308
    319
    288
    256
    241
    247
    218
    213
    203
    193
    171
    193
    192
    172
    178
    155
    145
    141
    143
    144
    124
    121
    123
    109
    102
    112
    97
    101
    90
    88
    89
    76
    71
    66
    67
    64
    64
    69
    69
    56
    64
    59
    56
    40
    47
    42
    68
    44
    37
    33
    45
    39
    34
    45
    35
    23
    31
    29
    32
    23
    29
    21
    28
    34
    24
    28
    18
    19
    20
    17
    22
    21
    23
    22
    25
    24
    19
    19
    12
    12
    20
    18
    24
    18
    9
    15
    8
    15
    14
    15
    12
    15
    557
    566
    485
    452
    436
    371
    358
    360
    317
    308
    322
    276
    273
    246
    242
    234
    230
    191
    200
    192
    195
    171
    171
    145
    135
    146
    147
    135
    113
    133
    106
    106
    110
    109
    107
    105
    98
    95
    73
    69
    71
    70
    65
    50
    57
    62
    45
    69
    61
    48
    59
    50
    56
    43
    53
    39
    45
    42
    45
    30
    33
    37
    43
    49
    42
    34
    32
    33
    22
    29
    39
    24
    32
    33
    24
    30
    16
    31
    25
    16
    27
    24
    23
    16
    20
    16
    20
    11
    25
    24
    13
    20
    16
    13
    19
    14
    16
    16
    15
    9
    602
    556
    511
    460
    422
    398
    359
    329
    355
    300
    326
    255
    278
    270
    230
    220
    205
    196
    187
    194
    159
    164
    151
    151
    140
    162
    127
    137
    131
    112
    116
    108
    92
    103
    96
    104
    86
    79
    76
    79
    72
    82
    78
    78
    73
    62
    62
    68
    59
    59
    52
    57
    52
    38
    46
    61
    32
    38
    36
    44
    35
    58
    38
    41
    30
    31
    34
    33
    32
    38
    21
    28
    28
    20
    22
    25
    28
    17
    26
    22
    27
    13
    18
    15
    15
    20
    18
    18
    24
    19
    18
    25
    14
    16
    5
    18
    15
    19
    10
    18
    588
    554
    528
    446
    424
    394
    375
    337
    325
    334
    295
    249
    232
    231
    213
    238
    207
    173
    185
    169
    170
    153
    129
    130
    143
    137
    114
    128
    147
    111
    110
    108
    108
    95
    102
    98
    79
    71
    90
    77
    82
    78
    68
    60
    69
    70
    50
    66
    67
    63
    59
    46
    58
    49
    37
    51
    34
    39
    25
    37
    34
    40
    32
    37
    30
    38
    39
    34
    34
    23
    31
    23
    18
    34
    25
    21
    33
    20
    21
    13
    18
    26
    13
    21
    20
    17
    15
    14
    24
    15
    22
    18
    18
    19
    16
    16
    10
    6
    16
    17
    621
    546
    506
    446
    418
    395
    355
    330
    309
    289
    249
    275
    271
    233
    226
    224
    217
    215
    185
    176
    144
    162
    160
    153
    151
    127
    144
    114
    134
    124
    101
    108
    106
    109
    99
    115
    75
    64
    76
    80
    73
    94
    72
    73
    67
    71
    66
    69
    50
    56
    53
    36
    60
    47
    45
    47
    51
    47
    32
    44
    41
    22
    36
    25
    26
    30
    28
    35
    31
    30
    24
    26
    34
    25
    33
    19
    27
    23
    16
    23
    19
    27
    18
    21
    20
    19
    18
    15
    15
    10
    15
    7
    19
    18
    14
    14
    14
    23
    15
    10
    608
    588
    517
    491
    416
    387
    355
    328
    316
    323
    286
    275
    267
    219
    223
    243
    230
    204
    190
    182
    175
    175
    146
    134
    155
    144
    124
    131
    118
    115
    117
    122
    106
    92
    93
    101
    85
    86
    81
    84
    69
    77
    67
    80
    60
    71
    56
    63
    56
    51
    47
    40
    40
    46
    51
    54
    51
    48
    27
    45
    29
    33
    30
    30
    34
    29
    36
    34
    29
    27
    44
    19
    25
    23
    20
    23
    23
    22
    19
    22
    28
    26
    19
    22
    19
    23
    13
    18
    16
    19
    17
    18
    16
    9
    23
    14
    17
    12
    16
    8
    560
    550
    501
    461
    428
    405
    353
    331
    343
    325
    308
    279
    275
    225
    223
    225
    200
    201
    217
    177
    179
    182
    166
    139
    155
    137
    123
    130
    135
    145
    87
    113
    133
    101
    90
    100
    79
    96
    70
    73
    75
    78
    79
    79
    60
    51
    66
    64
    47
    46
    65
    51
    50
    47
    41
    44
    41
    47
    50
    38
    53
    34
    44
    32
    23
    43
    28
    36
    37
    21
    36
    24
    22
    23
    25
    22
    25
    28
    29
    22
    17
    35
    15
    22
    13
    19
    27
    28
    18
    18
    14
    16
    23
    16
    11
    17
    11
    18
    22
    13
    594
    609
    527
    454
    426
    366
    378
    352
    297
    306
    308
    273
    231
    244
    213
    243
    196
    188
    181
    190
    184
    161
    161
    175
    163
    162
    144
    145
    138
    130
    115
    104
    104
    93
    91
    108
    87
    99
    82
    83
    92
    74
    69
    66
    64
    81
    59
    69
    63
    51
    56
    48
    57
    40
    44
    44
    40
    48
    44
    38
    38
    23
    36
    39
    43
    33
    35
    28
    33
    28
    28
    26
    18
    22
    28
    22
    26
    17
    22
    13
    18
    17
    19
    22
    18
    23
    14
    18
    22
    22
    16
    27
    16
    18
    18
    11
    14
    17
    15
    8
    581
    591
    527
    483
    428
    406
    343
    331
    329
    330
    285
    285
    267
    245
    222
    228
    203
    194
    186
    188
    157
    179
    152
    161
    150
    142
    136
    132
    108
    125
    110
    114
    103
    90
    105
    87
    81
    96
    85
    65
    75
    88
    74
    57
    65
    70
    69
    47
    53
    62
    41
    42
    55
    63
    48
    43
    51
    37
    36
    31
    38
    44
    32
    32
    47
    32
    31
    33
    35
    29
    36
    25
    23
    21
    27
    29
    21
    32
    21
    19
    23
    22
    19
    18
    26
    24
    23
    15
    19
    20
    16
    15
    15
    9
    13
    20
    13
    18
    19
    6
    606
    549
    516
    456
    415
    382
    338
    366
    333
    304
    285
    294
    260
    254
    216
    222
    200
    200
    204
    163
    164
    181
    170
    156
    133
    141
    147
    128
    134
    125
    120
    97
    108
    101
    97
    104
    78
    90
    70
    79
    76
    77
    77
    49
    69
    69
    57
    59
    55
    58
    54
    56
    58
    53
    56
    53
    40
    33
    41
    37
    31
    35
    41
    37
    25
    31
    39
    25
    44
    21
    21
    34
    38
    27
    34
    34
    16
    21
    30
    11
    18
    21
    27
    23
    13
    20
    10
    24
    15
    15
    14
    15
    16
    12
    10
    16
    16
    18
    8
    12
    629
    561
    502
    477
    425
    364
    347
    322
    331
    327
    268
    292
    253
    248
    223
    240
    213
    230
    196
    176
    175
    190
    168
    159
    144
    142
    107
    135
    136
    127
    101
    112
    102
    111
    87
    94
    89
    95
    99
    90
    71
    86
    80
    54
    79
    65
    59
    61
    67
    47
    51
    40
    48
    49
    41
    48
    51
    33
    33
    36
    41
    28
    30
    33
    44
    30
    29
    22
    33
    20
    35
    24
    26
    36
    27
    21
    21
    23
    22
    24
    19
    22
    20
    22
    22
    17
    24
    13
    21
    29
    17
    23
    15
    13
    12
    17
    15
    11
    12
    6
    595
    558
    485
    470
    398
    387
    383
    357
    336
    329
    271
    288
    263
    205
    229
    220
    173
    202
    200
    205
    175
    167
    170
    148
    142
    143
    137
    130
    128
    120
    98
    106
    107
    103
    95
    92
    73
    77
    84
    73
    63
    84
    58
    67
    71
    56
    67
    51
    54
    69
    50
    63
    42
    65
    41
    41
    40
    44
    36
    33
    39
    38
    27
    51
    38
    31
    39
    35
    27
    28
    32
    41
    17
    21
    24
    28
    25
    26
    23
    26
    23
    16
    23
    22
    19
    21
    17
    23
    22
    19
    21
    23
    21
    10
    14
    14
    11
    15
    12
    17
    587
    565
    494
    473
    410
    417
    389
    351
    330
    323
    321
    253
    273
    234
    239
    245
    186
    194
    194
    200
    186
    179
    146
    160
    142
    169
    122
    140
    122
    136
    125
    98
    115
    108
    83
    106
    90
    92
    82
    68
    96
    83
    66
    63
    56
    70
    47
    56
    42
    62
    58
    46
    53
    47
    45
    48
    39
    40
    47
    54
    50
    37
    48
    41
    25
    42
    36
    33
    22
    30
    35
    25
    33
    24
    32
    22
    31
    15
    22
    28
    18
    15
    24
    21
    20
    23
    18
    13
    14
    18
    15
    15
    15
    16
    20
    11
    13
    14
    14
    14
    643
    574
    493
    456
    434
    389
    355
    366
    324
    318
    317
    276
    266
    262
    247
    250
    210
    210
    215
    194
    175
    178
    150
    152
    138
    149
    109
    120
    122
    140
    102
    108
    104
    98
    104
    87
    69
    82
    90
    82
    90
    82
    69
    60
    81
    64
    57
    60
    42
    48
    40
    43
    62
    47
    48
    60
    48
    42
    34
    35
    50
    32
    37
    39
    42
    40
    30
    37
    30
    30
    28
    30
    19
    26
    23
    29
    18
    20
    22
    31
    19
    20
    17
    14
    28
    15
    27
    22
    16
    7
    11
    12
    18
    17
    14
    11
    9
    15
    10
    22
    596
    554
    510
    451
    459
    374
    400
    346
    315
    309
    299
    273
    260
    246
    235
    210
    240
    216
    189
    197
    165
    156
    144
    149
    148
    147
    129
    128
    137
    124
    120
    120
    94
    115
    106
    93
    91
    84
    85
    74
    87
    80
    70
    76
    67
    68
    59
    63
    47
    54
    46
    40
    56
    61
    47
    50
    53
    33
    31
    43
    32
    28
    44
    34
    38
    25
    40
    36
    28
    34
    21
    29
    33
    29
    30
    33
    24
    27
    17
    21
    29
    20
    21
    30
    30
    19
    18
    19
    15
    17
    18
    28
    18
    8
    13
    6
    13
    14
    11
    15
    580
    555
    539
    473
    436
    374
    383
    351
    335
    329
    312
    272
    266
    263
    243
    208
    208
    189
    183
    182
    185
    166
    156
    157
    158
    165
    117
    122
    122
    124
    122
    132
    97
    78
    88
    86
    86
    86
    79
    97
    89
    85
    64
    82
    78
    85
    64
    72
    62
    58
    65
    43
    44
    51
    47
    52
    42
    43
    46
    41
    32
    39
    28
    30
    48
    42
    36
    33
    25
    24
    21
    35
    26
    25
    22
    27
    28
    30
    30
    27
    22
    22
    30
    16
    24
    16
    18
    16
    17
    13
    11
    22
    18
    11
    9
    12
    17
    11
    13
    17
    570
    599
    493
    444
    435
    378
    374
    371
    331
    296
    304
    292
    262
    260
    241
    214
    219
    216
    223
    214
    185
    155
    161
    145
    163
    134
    150
    136
    122
    95
    121
    110
    100
    104
    110
    85
    93
    81
    98
    97
    97
    72
    80
    68
    69
    69
    63
    67
    59
    53
    47
    44
    43
    48
    56
    55
    38
    55
    46
    30
    41
    34
    33
    33
    31
    44
    32
    37
    29
    31
    21
    36
    34
    31
    31
    32
    30
    29
    25
    28
    13
    26
    21
    24
    26
    19
    24
    14
    16
    16
    16
    17
    17
    13
    20
    14
    17
    15
    16
    10
    595
    590
    523
    493
    428
    363
    380
    348
    315
    311
    267
    274
    253
    244
    253
    223
    226
    235
    214
    190
    180
    155
    162
    158
    139
    130
    144
    118
    107
    127
    115
    119
    115
    104
    93
    87
    109
    85
    72
    78
    95
    60
    68
    77
    63
    63
    62
    62
    63
    66
    52
    55
    44
    62
    54
    32
    54
    54
    41
    48
    29
    28
    37
    38
    35
    25
    35
    37
    35
    23
    34
    34
    27
    12
    15
    26
    24
    18
    21
    27
    32
    21
    23
    15
    26
    14
    17
    10
    20
    18
    18
    19
    20
    12
    22
    11
    13
    8
    13
    10
    626
    551
    525
    455
    447
    407
    374
    342
    313
    297
    301
    275
    257
    234
    241
    254
    231
    217
    191
    179
    198
    161
    155
    140
    154
    152
    137
    121
    142
    115
    104
    104
    112
    87
    105
    113
    88
    88
    102
    83
    72
    77
    84
    80
    74
    65
    74
    75
    61
    58
    43
    60
    51
    37
    57
    60
    45
    54
    35
    53
    43
    42
    37
    37
    46
    28
    45
    30
    42
    34
    30
    21
    36
    22
    29
    19
    26
    25
    24
    17
    22
    20
    14
    21
    17
    21
    15
    16
    12
    15
    18
    18
    20
    7
    23
    10
    10
    12
    18
    10
    572
    579
    501
    490
    426
    400
    356
    368
    307
    312
    278
    271
    261
    274
    217
    238
    230
    202
    200
    187
    193
    186
    164
    184
    156
    142
    141
    142
    120
    125
    112
    91
    116
    108
    92
    105
    85
    73
    70
    80
    78
    73
    82
    68
    57
    67
    57
    53
    62
    46
    60
    57
    39
    42
    48
    33
    45
    42
    46
    38
    34
    30
    37
    35
    35
    32
    37
    28
    31
    36
    29
    32
    34
    30
    21
    17
    33
    32
    25
    26
    14
    24
    21
    21
    20
    13
    28
    15
    18
    21
    16
    16
    16
    21
    17
    12
    9
    17
    10
    12
    611
    551
    489
    461
    420
    387
    400
    382
    336
    296
    317
    295
    266
    229
    212
    235
    206
    212
    179
    178
    171
    160
    170
    139
    150
    144
    135
    132
    127
    111
    121
    121
    108
    109
    87
    97
    105
    98
    85
    96
    66
    82
    75
    87
    73
    54
    51
    62
    59
    73
    51
    56
    44
    55
    53
    46
    47
    41
    45
    48
    32
    46
    36
    49
    34
    30
    17
    32
    32
    25
    33
    33
    32
    16
    22
    27
    28
    24
    24
    17
    28
    26
    15
    17
    18
    21
    11
    17
    21
    15
    14
    12
    21
    16
    10
    15
    11
    16
    12
    15
    595
    582
    531
    492
    449
    424
    419
    360
    328
    320
    282
    284
    229
    232
    235
    215
    192
    187
    171
    220
    179
    161
    169
    159
    137
    126
    158
    138
    121
    122
    112
    149
    107
    118
    109
    81
    76
    82
    87
    79
    70
    72
    65
    70
    73
    68
    61
    59
    53
    48
    56
    57
    53
    55
    54
    44
    41
    42
    31
    53
    33
    35
    30
    33
    29
    45
    31
    36
    41
    27
    35
    28
    32
    17
    24
    28
    22
    24
    23
    23
    18
    15
    22
    20
    18
    22
    26
    11
    19
    19
    16
    13
    21
    19
    16
    14
    10
    18
    15
    10
    611
    571
    510
    492
    409
    379
    390
    318
    348
    337
    300
    282
    254
    249
    230
    230
    215
    206
    198
    181
    177
    174
    146
    166
    157
    136
    135
    137
    115
    129
    113
    117
    115
    136
    111
    107
    97
    84
    101
    74
    71
    75
    65
    77
    66
    56
    58
    60
    59
    57
    60
    54
    49
    31
    60
    49
    51
    47
    35
    38
    51
    37
    45
    42
    33
    35
    29
    29
    30
    28
    37
    39
    23
    18
    22
    30
    20
    29
    25
    16
    17
    14
    17
    21
    16
    18
    19
    19
    18
    19
    13
    12
    14
    20
    13
    24
    11
    15
    15
    6
    579
    548
    498
    474
    448
    406
    389
    337
    343
    315
    324
    308
    261
    253
    243
    235
    210
    201
    202
    182
    177
    172
    162
    144
    143
    139
    143
    133
    117
    121
    105
    134
    113
    94
    119
    94
    102
    90
    76
    81
    79
    67
    76
    71
    65
    77
    71
    69
    56
    59
    60
    53
    38
    45
    40
    40
    58
    47
    42
    37
    48
    42
    41
    40
    28
    40
    28
    43
    32
    28
    27
    26
    30
    22
    26
    31
    22
    18
    17
    24
    25
    22
    13
    14
    30
    18
    25
    13
    21
    15
    13
    17
    20
    19
    16
    16
    14
    19
    16
    10
    643
    571
    535
    446
    410
    408
    409
    336
    304
    289
    285
    278
    266
    232
    244
    225
    227
    196
    171
    188
    181
    173
    181
    153
    113
    140
    136
    115
    113
    126
    116
    114
    87
    96
    98
    85
    100
    81
    92
    83
    66
    57
    77
    71
    59
    56
    73
    60
    62
    46
    50
    53
    58
    49
    47
    49
    43
    57
    55
    36
    37
    36
    45
    32
    39
    30
    34
    37
    27
    35
    28
    31
    22
    14
    25
    31
    30
    20
    19
    25
    16
    23
    14
    22
    18
    15
    15
    18
    21
    10
    21
    16
    11
    11
    14
    16
    10
    15
    13
    18
    600
    576
    488
    480
    424
    419
    397
    368
    360
    329
    332
    276
    246
    264
    225
    228
    229
    191
    214
    173
    174
    195
    173
    160
    150
    152
    145
    127
    139
    103
    141
    96
    112
    106
    79
    108
    95
    102
    84
    80
    82
    62
    61
    76
    72
    77
    66
    56
    70
    62
    60
    56
    58
    46
    41
    52
    45
    52
    57
    39
    40
    41
    36
    43
    28
    24
    30
    38
    38
    30
    28
    28
    18
    32
    33
    24
    24
    20
    22
    32
    16
    35
    19
    20
    25
    20
    20
    22
    15
    21
    15
    14
    17
    14
    20
    12
    12
    18
    16
    9
    600
    552
    575
    454
    429
    399
    392
    344
    327
    298
    302
    297
    273
    261
    241
    228
    208
    220
    177
    182
    188
    180
    163
    146
    146
    153
    131
    143
    117
    127
    108
    94
    98
    115
    88
    87
    98
    89
    97
    72
    73
    71
    76
    85
    63
    67
    73
    59
    63
    70
    62
    54
    49
    49
    58
    44
    35
    49
    43
    47
    33
    33
    35
    42
    32
    34
    37
    37
    38
    32
    27
    25
    22
    28
    18
    27
    24
    26
    27
    23
    28
    20
    19
    21
    27
    10
    32
    28
    22
    20
    11
    18
    21
    16
    22
    10
    14
    14
    13
    12
    585
    583
    508
    486
    423
    419
    394
    337
    322
    310
    289
    287
    265
    253
    251
    236
    207
    193
    200
    178
    201
    168
    159
    140
    138
    152
    118
    134
    133
    140
    106
    104
    99
    102
    101
    91
    91
    77
    83
    72
    70
    92
    59
    57
    56
    64
    63
    63
    57
    54
    60
    48
    47
    56
    56
    41
    46
    35
    37
    39
    33
    37
    35
    33
    42
    30
    33
    29
    34
    36
    30
    19
    31
    19
    27
    25
    26
    22
    17
    25
    25
    27
    22
    22
    12
    26
    27
    17
    24
    21
    25
    22
    19
    14
    13
    14
    18
    13
    14
    10
    582
    564
    516
    468
    457
    410
    377
    378
    359
    286
    308
    292
    251
    269
    237
    221
    221
    217
    192
    197
    178
    159
    163
    165
    130
    134
    118
    138
    121
    115
    99
    126
    107
    118
    112
    105
    82
    102
    71
    89
    66
    81
    74
    60
    72
    64
    48
    65
    62
    61
    59
    58
    64
    42
    54
    39
    45
    39
    36
    42
    46
    44
    40
    44
    33
    42
    20
    31
    34
    30
    24
    26
    39
    37
    29
    27
    15
    16
    26
    23
    22
    18
    12
    20
    17
    24
    21
    21
    25
    25
    20
    14
    15
    17
    11
    11
    12
    8
    23
    16
    555
    577
    506
    458
    432
    425
    350
    361
    360
    320
    296
    278
    269
    242
    236
    223
    228
    213
    175
    159
    192
    148
    164
    165
    157
    123
    143
    126
    124
    112
    127
    104
    96
    109
    116
    117
    97
    100
    100
    83
    81
    91
    67
    59
    70
    77
    67
    51
    74
    59
    59
    52
    57
    51
    51
    50
    56
    55
    45
    43
    43
    41
    42
    45
    34
    30
    35
    30
    30
    28
    25
    30
    33
    21
    32
    31
    14
    25
    22
    27
    18
    22
    24
    19
    16
    20
    15
    17
    14
    18
    27
    15
    26
    14
    15
    13
    14
    6
    13
    18
    584
    578
    538
    480
    399
    392
    365
    372
    328
    298
    288
    308
    237
    250
    228
    203
    204
    194
    174
    183
    191
    169
    151
    161
    157
    161
    132
    147
    136
    122
    105
    148
    119
    95
    102
    88
    81
    78
    81
    80
    98
    72
    71
    74
    80
    72
    54
    60
    50
    63
    59
    45
    62
    42
    50
    59
    41
    48
    37
    30
    33
    36
    30
    24
    26
    34
    41
    33
    31
    25
    26
    35
    29
    24
    24
    32
    22
    16
    18
    17
    22
    22
    18
    21
    19
    16
    19
    22
    13
    12
    17
    10
    22
    18
    20
    20
    16
    11
    12
    13
    557
    547
    505
    467
    426
    398
    367
    362
    361
    281
    309
    332
    267
    264
    240
    232
    201
    204
    202
    220
    175
    173
    167
    152
    148
    132
    152
    122
    113
    102
    132
    110
    116
    104
    94
    88
    85
    104
    77
    79
    91
    59
    69
    68
    57
    55
    67
    53
    60
    51
    45
    56
    47
    53
    56
    43
    53
    49
    49
    38
    29
    49
    33
    28
    46
    31
    29
    17
    39
    29
    23
    28
    29
    23
    27
    18
    26
    26
    26
    24
    23
    25
    24
    24
    19
    27
    14
    15
    23
    19
    16
    23
    21
    13
    16
    21
    9
    11
    10
    14
    581
    590
    479
    478
    414
    399
    392
    353
    320
    338
    302
    263
    271
    259
    243
    211
    213
    239
    189
    178
    157
    181
    171
    117
    139
    156
    144
    152
    124
    125
    120
    138
    113
    110
    108
    75
    101
    79
    75
    89
    74
    67
    72
    58
    78
    67
    57
    59
    57
    69
    60
    46
    50
    49
    41
    48
    54
    46
    39
    34
    48
    36
    34
    38
    35
    25
    41
    31
    26
    24
    30
    28
    23
    24
    23
    28
    32
    24
    24
    28
    27
    19
    35
    14
    21
    16
    25
    17
    19
    17
    13
    16
    18
    24
    15
    13
    11
    12
    8
    10
    598
    539
    523
    462
    424
    432
    381
    372
    295
    329
    277
    276
    258
    235
    219
    250
    206
    188
    206
    194
    193
    167
    166
    145
    157
    150
    127
    144
    147
    109
    94
    93
    122
    113
    108
    88
    102
    80
    90
    91
    83
    66
    74
    67
    72
    69
    60
    78
    58
    69
    67
    51
    48
    54
    48
    39
    39
    48
    46
    44
    35
    39
    30
    38
    33
    38
    44
    28
    39
    41
    21
    27
    33
    26
    31
    26
    31
    24
    28
    23
    29
    15
    18
    22
    19
    18
    19
    20
    16
    18
    11
    15
    16
    26
    13
    19
    15
    14
    21
    10
    621
    549
    517
    507
    434
    387
    362
    356
    367
    299
    300
    254
    237
    243
    252
    213
    223
    190
    216
    177
    178
    166
    177
    156
    157
    145
    135
    141
    101
    131
    140
    91
    115
    101
    111
    83
    94
    76
    96
    97
    92
    74
    69
    56
    62
    58
    61
    62
    58
    59
    46
    57
    43
    47
    49
    47
    48
    36
    44
    38
    41
    42
    32
    45
    45
    36
    31
    23
    26
    30
    21
    23
    36
    44
    19
    17
    33
    20
    20
    23
    18
    17
    22
    30
    15
    24
    21
    22
    17
    20
    12
    16
    19
    13
    18
    13
    7
    15
    16
    12
    632
    572
    524
    471
    411
    391
    361
    327
    341
    340
    299
    304
    257
    246
    249
    253
    229
    205
    197
    208
    176
    169
    170
    153
    117
    146
    139
    138
    123
    133
    122
    122
    120
    106
    108
    92
    97
    92
    86
    76
    82
    75
    65
    72
    79
    51
    77
    67
    55
    61
    63
    64
    61
    41
    52
    48
    35
    47
    42
    48
    36
    44
    38
    32
    39
    38
    31
    35
    36
    24
    40
    30
    20
    19
    27
    15
    25
    24
    33
    27
    32
    23
    20
    23
    22
    22
    20
    11
    21
    18
    19
    16
    13
    21
    23
    14
    15
    13
    16
    21
    553
    540
    547
    458
    420
    429
    378
    357
    348
    336
    294
    297
    257
    240
    209
    214
    231
    209
    206
    198
    185
    167
    187
    149
    144
    136
    135
    140
    132
    113
    105
    126
    121
    114
    96
    90
    92
    81
    86
    80
    81
    84
    77
    77
    62
    66
    71
    60
    55
    58
    47
    48
    37
    60
    51
    53
    55
    45
    42
    37
    42
    40
    37
    36
    34
    32
    39
    42
    37
    34
    30
    26
    32
    37
    31
    26
    25
    18
    40
    15
    17
    25
    26
    19
    16
    22
    11
    18
    21
    21
    13
    20
    5
    12
    15
    14
    18
    9
    19
    11
    596
    586
    540
    445
    435
    406
    371
    389
    352
    324
    291
    294
    263
    294
    216
    241
    218
    209
    196
    201
    197
    178
    164
    163
    154
    144
    131
    131
    118
    122
    122
    119
    116
    102
    111
    95
    92
    103
    77
    80
    88
    81
    77
    63
    73
    73
    73
    66
    64
    57
    58
    57
    50
    47
    53
    56
    45
    37
    41
    44
    44
    46
    33
    45
    36
    33
    33
    27
    30
    25
    26
    21
    28
    29
    21
    29
    18
    27
    28
    24
    23
    20
    11
    22
    28
    15
    17
    16
    18
    17
    11
    13
    19
    11
    19
    12
    15
    16
    10
    11
    601
    558
    482
    514
    430
    357
    363
    334
    337
    294
    292
    299
    266
    247
    233
    214
    210
    186
    211
    211
    178
    166
    169
    140
    134
    148
    129
    149
    127
    116
    120
    122
    95
    112
    97
    104
    89
    74
    68
    86
    100
    69
    53
    72
    62
    70
    65
    57
    64
    62
    73
    47
    44
    44
    37
    49
    49
    49
    51
    36
    39
    33
    32
    48
    31
    32
    41
    36
    46
    32
    27
    21
    25
    26
    33
    18
    17
    23
    27
    26
    25
    17
    20
    30
    18
    16
    14
    22
    14
    9
    17
    18
    18
    18
    26
    20
    21
    14
    16
    16
    577
    572
    472
    475
    422
    386
    379
    316
    340
    322
    288
    300
    234
    253
    251
    219
    213
    213
    203
    196
    195
    143
    150
    151
    133
    167
    141
    126
    120
    122
    117
    107
    110
    101
    94
    79
    76
    75
    79
    91
    71
    81
    81
    61
    70
    53
    58
    63
    55
    49
    46
    54
    47
    38
    46
    58
    61
    51
    39
    36
    32
    41
    32
    29
    36
    30
    34
    36
    32
    34
    26
    29
    36
    28
    25
    20
    21
    36
    19
    27
    23
    18
    29
    27
    23
    15
    23
    18
    17
    18
    15
    15
    9
    13
    14
    25
    14
    9
    13
    6
    605
    588
    497
    493
    430
    405
    384
    349
    331
    314
    302
    287
    275
    229
    230
    229
    240
    213
    168
    174
    174
    156
    158
    149
    157
    137
    143
    136
    125
    119
    111
    114
    100
    123
    100
    92
    85
    92
    78
    72
    59
    65
    76
    80
    74
    67
    70
    59
    58
    70
    47
    51
    62
    51
    43
    42
    42
    42
    42
    38
    42
    38
    33
    43
    29
    24
    20
    25
    27
    26
    38
    29
    22
    20
    26
    29
    25
    24
    22
    25
    22
    18
    21
    19
    17
    17
    19
    18
    17
    24
    9
    22
    22
    19
    14
    15
    22
    9
    19
    7
    619
    554
    506
    484
    425
    412
    378
    339
    319
    298
    290
    270
    264
    245
    229
    230
    194
    213
    174
    208
    205
    191
    170
    151
    161
    135
    150
    135
    116
    125
    98
    106
    122
    107
    103
    100
    92
    77
    81
    89
    77
    65
    82
    60
    50
    72
    64
    74
    51
    63
    61
    55
    50
    43
    49
    42
    56
    51
    42
    32
    42
    35
    32
    30
    25
    44
    27
    30
    29
    34
    25
    31
    25
    28
    25
    26
    15
    18
    20
    29
    24
    24
    17
    15
    19
    17
    24
    11
    22
    16
    24
    12
    13
    11
    15
    17
    10
    9
    13
    20
    581
    514
    487
    458
    419
    405
    412
    321
    329
    297
    282
    256
    259
    255
    206
    222
    207
    178
    211
    183
    187
    187
    151
    172
    161
    143
    118
    155
    126
    114
    128
    111
    95
    100
    95
    86
    82
    98
    76
    89
    74
    87
    78
    71
    58
    73
    74
    69
    62
    65
    52
    47
    47
    48
    51
    43
    44
    58
    43
    36
    36
    42
    46
    26
    29
    26
    33
    32
    34
    21
    36
    29
    30
    28
    26
    12
    31
    24
    27
    17
    28
    22
    28
    19
    22
    17
    21
    20
    19
    13
    23
    15
    18
    11
    22
    28
    14
    11
    17
    14
    586
    582
    487
    431
    424
    417
    394
    322
    343
    320
    296
    289
    258
    240
    232
    241
    216
    205
    186
    184
    191
    168
    160
    164
    156
    142
    116
    98
    124
    115
    121
    102
    90
    102
    103
    102
    95
    89
    69
    69
    72
    80
    67
    52
    74
    59
    60
    60
    58
    76
    49
    50
    56
    45
    47
    35
    42
    35
    44
    58
    41
    40
    38
    37
    29
    32
    30
    24
    27
    22
    29
    25
    21
    22
    27
    33
    19
    23
    27
    28
    18
    21
    26
    28
    18
    25
    19
    18
    21
    15
    15
    19
    13
    15
    17
    14
    13
    9
    22
    11
    605
    589
    498
    454
    421
    367
    364
    352
    310
    328
    280
    274
    253
    239
    257
    220
    202
    216
    201
    182
    191
    146
    173
    150
    144
    124
    131
    133
    111
    126
    119
    98
    110
    92
    105
    86
    101
    82
    70
    93
    77
    64
    94
    69
    67
    90
    58
    53
    57
    60
    55
    54
    52
    43
    55
    47
    45
    32
    45
    36
    44
    40
    52
    36
    44
    30
    39
    46
    30
    31
    37
    21
    29
    33
    25
    28
    22
    28
    15
    24
    21
    13
    19
    15
    30
    18
    29
    16
    14
    15
    11
    10
    22
    14
    18
    16
    13
    15
    9
    12

Data:
    0
    0
    0
    0
    0
    0
    0
    0
    0
    0
    0
    0
    0
    0
    0
    0
    0
    0
    0
    0
    0
    0
    0
    0
    0
    0
    0
    0
    0
    0
    0
    0
    0
    0
    0
    0
    0
    0
    0
    0
    0
    0
    0
    0
    0
    0
    0
    0
    0
    0
    0
    0
    0
    0
    0
    0
    0
    0
    0
    0
    0
    0
    0
    0
    0
    0
    0
    0
    0
    0
    0
    0
    0
    0
    0
    0
    0
    0
    0
    0
    0
    0
    0
    0
    0
    0
    0
    0
    0
    0
    0
    0
    0
    0
    0
    0
    0
    0
    0
    0
    0
    0
    0
    0
    0
    0
    0
    0
    0
    0
    0
    0
    0
    0
    0
    0
    0
    0
    0
    0
    0
    0
    0
    0
    0
    0
    0
    0
    0
    0
    0
    0
    0
    0
    0
    0
    0
    0
    0
    0
    0
    0
    0
    0
    0
    0
    0
    0
    0
    0
    0
    0
    0
    0
    0
    0
    0
    0
    0
    0
    0
    0
    0
    0
    0
    0
    0
    0
    0
    0
    0
    0
    0
    0
    0
    0
    0
    0
    0
    0
    0
    0
    0
    0
    0
    0
    0
    0
    0
    0
    0
    0
    0
    0
    0
    0
    0
    0
    0
    0
    0
    0
    0
    0
    0
    0
    0
    0
    0
    0
    0
    0
    0
    0
    0
    0
    0
    0
    0
    0
    0
    0
    0
    0
    0
    0
    0
    0
    0
    0
    0
    0
    0
    0
    0
    0
    0
    0
    0
    0
    0
    0
    0
    0
    0
    0
    0
    0
    0
    0
    0
    0
    0
    0
    0
    0
    0
    0
    0
    0
    0
    0
    0
    0
    0
    0
    0
    0
    0
    0
    0
    0
    0
    0
    0
    0
    0
    0
    0
    0
    0
    0
    0
    0
    0
    0
    0
    0
    0
    0
    0
    0
    0
    0
    0
    0
    0
    0
    0
    0
    0
    0
    0
    0
    0
    0
    0
    0
    0
    0
    0
    0
    0
    0
    0
    0
    0
    0
    0
    0
    0
    0
    0
    0
    0
    0
    0
    0
    0
    0
    0
    0
    0
    0
    0
    0
    0
    0
    0
    0
    0
    0
    0
    0
    0
    0
    0
    0
    0
    0
    0
    0
    0
    0
    0
    0
    0
    0
    0
    0
    0
    0
    0
    0
    0
    0
    0
    0
    0
    0
    0
    0
    0
    0
    0
    0
    0
    0
    0
    0
    0
    0
    0
    0
    0
    0
    0
    0
    0
    0
    0
    0
    0
    0
    0
    0
    0
    0
    0
    0
    0
    0
    0
    0
    0
    0
    0
    0
    0
    0
    0
    0
    0
    0
    0
    0
    0
    0
    0
    0
    0
    0
    0
    0
    0
    0
    0
    0
    0
    0
    0
    0
    0
    0
    0
    0
    0
    0
    0
    0
    0
    0
    0
    0
    0
    0
    0
    0
    0
    0
    0
    0
    0
    0
    0
    0
    0
    0
    0
    0
    0
    0
    0
    0
    0
    0
    0
    0
    0
    0
    0
    0
    0
    0
    0
    0
    0
    0
    0
    0
    0
    0
    0
    0
    0
    0
    0
    0
    0
    0
    0
    0
    0
    0
    0
    0
    0
    0
    0
    0
    0
    0
    0
    0
    0
    0
    0
    0
    0
    0
    0
    0
    0
    0
    0
    0
    0
    0
    0
    0
    0
    0
    0
    0
    0
    0
    0
    0
    0
    0
    0
    0
    0
    0
    0
    0
    0
    0
    0
    0
    0
    0
    0
    0
    0
    0
    0
    0
    0
    0
    0
    0
    0
    0
    0
    0
    0
    0
    0
    0
    0
    0
    0
    0
    0
    0
    0
    0
    0
    0
    0
    0
    0
    0
    0
    0
    0
    0
    0
    0
    0
    0
    0
    0
    0
    0
    0
    0
    0
    0
    0
    0
    0
    0
    0
    0
    0
    0
    0
    0
    0
    0
    0
    0
    0
    0
    0
    0
    0
    0
    0
    0
    0
    0
    0
    0
    0
    0
    0
    0
    0
    0
    0
    0
    0
    0
    0
    0
    0
    0
    0
    0
    0
    0
    0
    0
    0
    0
    0
    0
    0
    0
    0
    0
    0
    0
    0
    0
    0
    0
    0
    0
    0
    0
    0
    0
    0
    0
    0
    0
    0
    0
    0
    0
    0
    0
    0
    0
    0
    0
    0
    0
    0
    0
    0
    0
    0
    0
    0
    0
    0
    0
    0
    0
    0
    0
    0
    0
    0
    0
    0
    0
    0
    0
    0
    0
    0
    0
    0
    0
    0
    0
    0
    0
    0
    0
    0
    0
    0
    0
    0
    0
    0
    0
    0
    0
    0
    0
    0
    0
    0
    0
    0
    0
    0
    0
    0
    0
    0
    0
    0
    0
    0
    0
    0
    0
    0
    0
    0
    0
    0
    0
    0
    0
    0
    0
    0
    0
    0
    0
    0
    0
    0
    0
    0
    0
    0
    0
    0
    0
    0
    0
    0
    0
    0
    0
    0
    0
    0
    0
    0
    0
    0
    0
    0
    0
    0
    0
    0
    0
    0
    0
    0
    0
    0
    0
    0
    0
    0
    0
    0
    0
    0
    0
    0
    0
    0
    0
    0
    0
    0
    0
    0
    0
    0
    0
    0
    0
    0
    0
    0
    0
    0
    0
    0
    0
    0
    0
    0
    0
    0
    0
    0
    0
    0
    0
    0
    0
    0
    0
    0
    0
    0
    0
    0
    0
    0
    0
    0
    0
    0
    0
    0
    0
    0
    0
    0
    0
    0
    0
    0
    0
    0
    0
    0
    0
    0
    0
    0
    0
    0
    0
    0
    0
    0
    0
    0
    0
    0
    0
    0
    0
    0
    0
    0
    0
    0
    0
    0
    0
    0
    0
    0
    0
    0
    0
    0
    0
    0
    0
    0
    0
    0
    0
    0
    0
    0
    0
    0
    0
    0
    0
    0
    0
    0
    0
    0
    0
    0
    0
    0
    0
    0
    0
    0
    0
    0
    0
    0
    0
    0
    0
    0
    0
    0
    0
    0
    0
    0
    0
    0
    0
    0
    0
    0
    0
    0
    0
    0
    0
    0
    0
    0
    0
    0
    0
    0
    0
    0
    0
    0
    0
    0
    0
    0
    0
    0
    0
    0
    0
    0
    0
    0
    0
    0
    0
    0
    0
    0
    0
    0
    0
    0
    0
    0
    0
    0
    0
    0
    0
    0
    0
    0
    0
    0
    0
    0
    0
    0
    0
    0
    0
    0
    0
    0
    0
    0
    0
    0
    0
    0
    0
    0
    0
    0
    0
    0
    0
    0
    0
    0
    0
    0
    0
    0
    0
    0
    0
    0
    0
    0
    0
    0
    0
    0
    0
    0
    0
    0
    0
    0
    0
    0
    0
    0
    0
    0
    0
    0
    0
    0
    0
    0
    0
    0
    0
    0
    0
    0
    0
    0
    0
    0
    0
    0
    0
    0
    0
    0
    0
    0
    0
    0
    0
    0
    0
    0
    0
    0
    0
    0
    0
    0
    0
    0
    0
    0
    0
    0
    0
    0
    0
    0
    0
    0
    0
    0
    0
    0
    0
    0
    0
    0
    0
    0
    0
    0
    0
    0
    0
    0
    0
    0
    0
    0
    0
    0
    0
    0
    0
    0
    0
    0
    0
    0
    0
    0
    0
    0
    0
    0
    0
    0
    0
    0
    0
    0
    0
    0
    0
    0
    0
    0
    0
    0
    0
    0
    0
    0
    0
    0
    0
    0
    0
    0
    0
    0
    0
    0
    0
    0
    0
    0
    0
    0
    0
    0
    0
    0
    0
    0
    0
    0
    0
    0
    0
    0
    0
    0
    0
    0
    0
    0
    0
    0
    0
    0
    0
    0
    0
    0
    0
    0
    0
    0
    0
    0
    0
    0
    0
    0
    0
    0
    0
    0
    0
    0
    0
    0
    0
    0
    0
    0
    0
    0
    0
    0
    0
    0
    0
    0
    0
    0
    0
    0
    0
    0
    0
    0
    0
    0
    0
    0
    0
    0
    0
    0
    0
    0
    0
    0
    0
    0
    0
    0
    0
    0
    0
    0
    0
    0
    0
    0
    0
    0
    0
    0
    0
    0
    0
    0
    0
    0
    0
    0
    0
    0
    0
    0
    0
    0
    0
    0
    0
    0
    0
    0
    0
    0
    0
    0
    0
    0
    0
    0
    0
    0
    0
    0
    0
    0
    0
    0
    0
    0
    0
    0
    0
    0
    0
    0
    0
    0
    0
    0
    0
    0
    0
    0
    0
    0
    0
    0
    0
    0
    0
    0
    0
    0
    0
    0
    0
    0
    0
    0
    0
    0
    0
    0
    0
    0
    0
    0
    0
    0
    0
    0
    0
    0
    0
    0
    0
    0
    0
    0
    0
    0
    0
    0
    0
    0
    0
    0
    0
    0
    0
    0
    0
    0
    0
    0
    0
    0
    0
    0
    0
    0
    0
    0
    0
    0
    0
    0
    0
    0
    0
    0
    0
    0
    0
    0
    0
    0
    0
    0
    0
    0
    0
    0
    0
    0
    0
    0
    0
    0
    0
    0
    0
    0
    0
    0
    0
    0
    0
    0
    0
    0
    0
    0
    0
    0
    0
    0
    0
    0
    0
    0
    0
    0
    0
    0
    0
    0
    0
    0
    0
    0
    0
    0
    0
    0
    0
    0
    0
    0
    0
    0
    0
    0
    0
    0
    0
    0
    0
    0
    0
    0
    0
    0
    0
    0
    0
    0
    0
    0
    0
    0
    0
    0
    0
    0
    0
    0
    0
    0
    0
    0
    0
    0
    0
    0
    0
    0
    0
    0
    0
    0
    0
    0
    0
    0
    0
    0
    0
    0
    0
    0
    0
    0
    0
    0
    0
    0
    0
    0
    0
    0
    0
    0
    0
    0
    0
    0
    0
    0
    0
    0
    0
    0
    0
    0
    0
    0
    0
    0
    0
    0
    0
    0
    0
    0
    0
    0
    0
    0
    0
    0
    0
    0
    0
    0
    0
    0
    0
    0
    0
    0
    0
    0
    0
    0
    0
    0
    0
    0
    0
    0
    0
    0
    0
    0
    0
    0
    0
    0
    0
    0
    0
    0
    0
    0
    0
    0
    0
    0
    0
    0
    0
    0
    0
    0
    0
    0
    0
    0
    0
    0
    0
    0
    0
    0
    0
    0
    0
    0
    0
    0
    0
    0
    0
    0
    0
    0
    0
    0
    0
    0
    0
    0
    0
    0
    0
    0
    0
    0
    0
    0
    0
    0
    0
    0
    0
    0
    0
    0
    0
    0
    0
    0
    0
    0
    0
    0
    0
    0
    0
    0
    0
    0
    0
    0
    0
    0
    0
    0
    0
    0
    0
    0
    0
    0
    0
    0
    0
    0
    0
    0
    0
    0
    0
    0
    0
    0
    0
    0
    0
    0
    0
    0
    0
    0
    0
    0
    0
    0
    0
    0
    0
    0
    0
    0
    0
    0
    0
    0
    0
    0
    0
    0
    0
    0
    0
    0
    0
    0
    0
    0
    0
    0
    0
    0
    0
    0
    0
    0
    0
    0
    0
    0
    0
    0
    0
    0
    0
    0
    0
    0
    0
    0
    0
    0
    0
    0
    0
    0
    0
    0
    0
    0
    0
    0
    0
    0
    0
    0
    0
    0
    0
    0
    0
    0
    0
    0
    0
    0
    0
    0
    0
    0
    0
    0
    0
    0
    0
    0
    0
    0
    0
    0
    0
    0
    0
    0
    0
    0
    0
    0
    0
    0
    0
    0
    0
    0
    0
    0
    0
    0
    0
    0
    0
    0
    0
    0
    0
    0
    0
    0
    0
    0
    0
    0
    0
    0
    0
    0
    0
    0
    0
    0
    0
    0
    0
    0
    0
    0
    0
    0
    0
    0
    0
    0
    0
    0
    0
    0
    0
    0
    0
    0
    0
    0
    0
    0
    0
    0
    0
    0
    0
    0
    0
    0
    0
    0
    0
    0
    0
    0
    0
    0
    0
    0
    0
    0
    0
    0
    0
    0
    0
    0
    0
    0
    0
    0
    0
    0
    0
    0
    0
    0
    0
    0
    0
    0
    0
    0
    0
    0
    0
    0
    0
    0
    0
    0
    0
    0
    0
    0
    0
    0
    0
    0
    0
    0
    0
    0
    0
    0
    0
    0
    0
    0
    0
    0
    0
    0
    0
    0
    0
    0
    0
    0
    0
    0
    0
    0
    0
    0
    0
    0
    0
    0
    0
    0
    0
    0
    0
    0
    0
    0
    0
    0
    0
    0
    0
    0
    0
    0
    0
    0
    0
    0
    0
    0
    0
    0
    0
    0
    0
    0
    0
    0
    0
    0
    0
    0
    0
    0
    0
    0
    0
    0
    0
    0
    0
    0
    0
    0
    0
    0
    0
    0
    0
    0
    0
    0
    0
    0
    0
    0
    0
    0
    0
    0
    0
    0
    0
    0
    0
    0
    0
    0
    0
    0
    0
    0
    0
    0
    0
    0
    0
    0
    0
    0
    0
    0
    0
    0
    0
    0
    0
    0
    0
    0
    0
    0
    0
    0
    0
    0
    0
    0
    0
    0
    0
    0
    0
    0
    0
    0
    0
    0
    0
    0
    0
    0
    0
    0
    0
    0
    0
    0
    0
    0
    0
    0
    0
    0
    0
    0
    0
    0
    0
    0
    0
    0
    0
    0
    0
    0
    0
    0
    0
    0
    0
    0
    0
    0
    0
    0
    0
    0
    0
    0
    0
    0
    0
    0
    0
    0
    0
    0
    0
    0
    0
    0
    0
    0
    0
    0
    0
    0
    0
    0
    0
    0
    0
    0
    0
    0
    0
    0
    0
    0
    0
    0
    0
    0
    0
    0
    0
    0
    0
    0
    0
    0
    0
    0
    0
    0
    0
    0
    0
    0
    0
    0
    0
    0
    0
    0
    0
    0
    0
    0
    0
    0
    0
    0
    0
    0
    0
    0
    0
    0
    0
    0
    0
    0
    0
    0
    0
    0
    0
    0
    0
    0
    0
    0
    0
    0
    0
    0
    0
    0
    0
    0
    0
    0
    0
    0
    0
    0
    0
    0
    0
    0
    0
    0
    0
    0
    0
    0
    0
    0
    0
    0
    0
    0
    0
    0
    0
    0
    0
    0
    0
    0
    0
    0
    0
    0
    0
    0
    0
    0
    0
    0
    0
    0
    0
    0
    0
    0
    0
    0
    0
    0
    0
    0
    0
    0
    0
    0
    0
    0
    0
    0
    0
    0
    0
    0
    0
    0
    0
    0
    0
    0
    0
    0
    0
    0
    0
    0
    0
    0
    0
    0
    0
    0
    0
    0
    0
    0
    0
    0
    0
    0
    0
    0
    0
    0
    0
    0
    0
    0
    0
    0
    0
    0
    0
    0
    0
    0
    0
    0
    0
    0
    0
    0
    0
    0
    0
    0
    0
    0
    0
    0
    0
    0
    0
    0
    0
    0
    0
    0
    0
    0
    0
    0
    0
    0
    0
    0
    0
    0
    0
    0
    0
    0
    0
    0
    0
    0
    0
    0
    0
    0
    0
    0
    0
    0
    0
    0
    0
    0
    0
    0
    0
    0
    0
    0
    0
    0
    0
    0
    0
    0
    0
    0
    0
    0
    0
    0
    0
    0
    0
    0
    0
    0
    0
    0
    0
    0
    0
    0
    0
    0
    0
    0
    0
    0
    0
    0
    0
    0
    0
    0
    0
    0
    0
    0
    0
    0
    0
    0
    0
    0
    0
    0
    0
    0
    0
    0
    0
    0
    0
    0
    0
    0
    0
    0
    0
    0
    0
    0
    0
    0
    0
    0
    0
    0
    0
    0
    0
    0
    0
    0
    0
    0
    0
    0
    0
    0
    0
    0
    0
    0
    0
    0
    0
    0
    0
    0
    0
    0
    0
    0
    0
    0
    0
    0
    0
    0
    0
    0
    0
    0
    0
    0
    0
    0
    0
    0
    0
    0
    0
    0
    0
    0
    0
    0
    0
    0
    0
    0
    0
    0
    0
    0
    0
    0
    0
    0
    0
    0
    0
    0
    0
    0
    0
    0
    0
    0
    0
    0
    0
    0
    0
    0
    0
    0
    0
    0
    0
    0
    0
    0
    0
    0
    0
    0
    0
    0
    0
    0
    0
    0
    0
    0
    0
    0
    0
    0
    0
    0
    0
    0
    0
    0
    0
    0
    0
    0
    0
    0
    0
    0
    0
    0
    0
    0
    0
    0
    0
    0
    0
    0
    0
    0
    0
    0
    0
    0
    0
    0
    0
    0
    0
    0
    0
    0
    0
    0
    0
    0
    0
    0
    0
    0
    0
    0
    0
    0
    0
    0
    0
    0
    0
    0
    0
    0
    0
    0
    0
    0
    0
    0
    0
    0
    0
    0
    0
    0
    0
    0
    0
    0
    0
    0
    0
    0
    0
    0
    0
    0
    0
    0
    0
    0
    0
    0
    0
    0
    0
    0
    0
    0
    0
    0
    0
    0
    0
    0
    0
    0
    0
    0
    0
    0
    0
    0
    0
    0
    0
    0
    0
    0
    0
    0
    0
    0
    0
    0
    0
    0
    0
    0
    0
    0
    0
    0
    0
    0
    0
    0
    0
    0
    0
    0
    0
    0
    0
    0
    0
    0
    0
    0
    0
    0
    0
    0
    0
    0
    0
    0
    0
    0
    0
    0
    0
    0
    0
    0
    0
    0
    0
    0
    0
    0
    0
    0
    0
    0
    0
    0
    0
    0
    0
    0
    0
    0
    0
    0
    0
    0
    0
    0
    0
    0
    0
    0
    0
    0
    0
    0
    0
    0
    0
    0
    0
    0
    0
    0
    0
    0
    0
    0
    0
    0
    0
    0
    0
    0
    0
    0
    0
    0
    0
    0
    0
    0
    0
    0
    0
    0
    0
    0
    0
    0
    0
    0
    0
    0
    0
    0
    0
    0
    0
    0
    0
    0
    0
    0
    0
    0
    0
    0
    0
    0
    0
    0
    0
    0
    0
    0
    0
    0
    0
    0
    0
    0
    0
    0
    0
    0
    0
    0
    0
    0
    0
    0
    0
    0
    0
    0
    0
    0
    0
    0
    0
    0
    0
    0
    0
    0
    0
    0
    0
    0
    0
    0
    0
    0
    0
    0
    0
    0
    0
    0
    0
    0
    0
    0
    0
    0
    0
    0
    0
    0
    0
    0
    0
    0
    0
    0
    0
    0
    0
    0
    0
    0
    0
    0
    0
    0
    0
    0
    0
    0
    0
    0
    0
    0
    0
    0
    0
    0
    0
    0
    0
    0
    0
    0
    0
    0
    0
    0
    0
    0
    0
    0
    0
    0
    0
    0
    0
    0
    0
    0
    0
    0
    0
    0
    0
    0
    0
    0
    0
    0
    0
    0
    0
    0
    0
    0
    0
    0
    0
    0
    0
    0
    0
    0
    0
    0
    0
    0
    0
    0
    0
    0
    0
    0
    0
    0
    0
    0
    0
    0
    0
    0
    0
    0
    0
    0
    0
    0
    0
    0
    0
    0
    0
    0
    0
    0
    0
    0
    0
    0
    0
    0
    0
    0
    0
    0
    0
    0
    0
    0
    0
    0
    0
    0
    0
    0
    0
    0
    0
    0
    0
    0
    0
    0
    0
    0
    0
    0
    0
    0
    0
    0
    0
    0
    0
    0
    0
    0
    0
    0
    0
    0
    0
    0
    0
    0
    0
    0
    0
    0
    0
    0
    0
    0
    0
    0
    0
    0
    0
    0
    0
    0
    0
    0
    0
    0
    0
    0
    0
    0
    0
    0
    0
    0
    0
    0
    0
    0
    0
    0
    0
    0
    0
    0
    0
    0
    0
    0
    0
    0
    0
    0
    0
    0
    0
    0
    0
    0
    0
    0
    0
    0
    0
    0
    0
    0
    0
    0
    0
    0
    0
    0
    0
    0
    0
    0
    0
    0
    0
    0
    0
    0
    0
    0
    0
    0
    0
    0
    0
    0
    0
    0
    0
    0
    0
    0
    0
    0
    0
    0
    0
    0
    0
    0
    0
    0
    0
    0
    0
    0
    0
    0
    0
    0
    0
    0
    0
    0
    0
    0
    0
    0
    0
    0
    0
    0
    0
    0
    0
    0
    0
    0
    0
    0
    0
    0
    0
    0
    0
    0
    0
    0
    0
    0
    0
    0
    0
    0
    0
    0
    0
    0
    0
    0
    0
    0
    0
    0
    0
    0
    0
    0
    0
    0
    0
    0
    0
    0
    0
    0
    0
    0
    0
    0
    0
    0
    0
    0
    0
    0
    0
    0
    0
    0
    0
    0
    0
    0
    0
    0
    0
    0
    0
    0
    0
    0
    0
    0
    0
    0
    0
    0
    0
    0
    0
    0
    0
    0
    0
    0
    0
    0
    0
    0
    0
    0
    0
    0
    0
    0
    0
    0
    0
    0
    0
    0
    0
    0
    0
    0
    0
    0
    0
    0
    0
    0
    0
    0
    0
    0
    0
    0
    0
    0
    0
    0
    0
    0
    0
    0
    0
    0
    0
    0
    0
    0
    0
    0
    0
    0
    0
    0
    0
    0
    0
    0
    0
    0
    0
    0
    0
    0
    0
    0
    0
    0
    0
    0
    0
    0
    0
    0
    0
    0
    0
    0
    0
    0
    0
    0
    0
    0
    0
    0
    0
    0
    0
    0
    0
    0
    0
    0
    0
    0
    0
    0
    0
    0
    0
    0
    0
    0
    0
    0
    0
    0
    0
    0
    0
    0
    0
    0
    0
    0
    0
    0
    0
    0
    0
    0
    0
    0
    0
    0
    0
    0
    0
    0
    0
    0
    0
    0
    0
    0
    0
    0
    0
    0
    0
    0
    0
    0
    0
    0
    0
    0
    0
    0
    0
    0
    0
    0
    0
    0
    0
    0
    0
    0
    0
    0
    0
    0
    0
    0
    0
    0
    0
    0
    0
    0
    0
    0
    0
    0
    0
    0
    0
    0
    0
    0
    0
    0
    0
    0
    0
    0
    0
    0
    0
    0
    0
    0
    0
    0
    0
    0
    0
    0
    0
    0
    0
    0
    0
    0
    0
    0
    0
    0
    0
    0
    0
    0
    0
    0
    0
    0
    0
    0
    0
    0
    0
    0
    0
    0
    0
    0
    0
    0
    0
    0
    0
    0
    0
    0
    0
    0
    0
    0
    0
    0
    0
    0
    0
    0
    0
    0
    0
    0
    0
    0
    0
    0
    0
    0
    0
    0
    0
    0
    0
    0
    0
    0
    0
    0
    0
    0
    0
    0
    0
    0
    0
    0
    0
    0
    0
    0
    0
    0
    0
    0
    0
    0
    0
    0
    0
    0
    0
    0
    0
    0
    0
    0
    0
    0
    0
    0
    0
    0
    0
    0
    0
    0
    0
    0
    0
    0
    0
    0
    0
    0
    0
    0
    0
    0
    0
    0
    0
    0
    0
    0
    0
    0
    0
    0
    0
    0
    0
    0
    0
    0
    0
    0
    0
    0
    0
    0
    0
    0
    0
    0
    0
    0
    0
    0
    0
    0
    0
    0
    0
    0
    0
    0
    0
    0
    0
    0
    0
    0
    0
    0
    0
    0
    0
    0
    0
    0
    0
    0
    0
    0
    0
    0
    0
    0
    0
    0
    0
    0
    0
    0
    0
    0
    0
    0
    0
    0
    0
    0
    0
    0
    0
    0
    0
    0
    0
    0
    0
    0
    0
    0
    0
    0
    0
    0
    0
    0
    0
    0
    0
    0
    0
    0
    0
    0
    0
    0
    0
    0
    0
    0
    0
    0
    0
    0
    0
    0
    0
    0
    0
    0
    0
    0
    0
    0
    0
    0
    0
    0
    0
    0
    0
    0
    0
    0
    0
    0
    0
    0
    0
    0
    0
    0
    0
    0
    0
    0
    0
    0
    0
    0
    0
    0
    0
    0
    0
    0
    0
    0
    0
    0
    0
    0
    0
    0
    0
    0
    0
    0
    0
    0
    0
    0
    0
    0
    0
    0
    0
    0
    0
    0
    0
    0
    0
    0
    0
    0
    0
    0
    0
    0
    0
    0
    0
    0
    0
    0
    0
    0
    0
    0
    0
    0
    0
    0
    0
    0
    0
    0
    0
    0
    0
    0
    0
    0
    0
    0
    0
    0
    0
    0
    0
    0
    0
    0
    0
    0
    0
    0
    0
    0
    0
    0
    0
    0
    0
    0
    0
    0
    0
    0
    0
    0
    0
    0
    0
    0
    0
    0
    0
    0
    0
    0
    0
    0
    0
    0
    0
    0
    0
    0
    0
    0
    0
    0
    0
    0
    0
    0
    0
    0
    0
    0
    0
    0
    0
    0
    0
    0
    0
    0
    0
    0
    0
    0
    0
    0
    0
    0
    0
    0
    0
    0
    0
    0
    0
    0
    0
    0
    0
    0
    0
    0
    0
    0
    0
    0
    0
    0
    0
    0
    0
    0
    0
    0
    0
    0
    0
    0
    0
    0
    0
    0
    0
    0
    0
    0
    0
    0
    0
    0
    0
    0
    0
    0
    0
    0
    0
    0
    0
    0
    0
    0
    0
    0
    0
    0
    0
    0
    0
    0
    0
    0
    0
    0
    0
    0
    0
    0
    0
    0
    0
    0
    0
    0
    0
    0
    0
    0
    0
    0
    0
    0
    0
    0
    0
    0
    0
    0
    0
    0
    0
    0
    0
    0
    0
    0
    0
    0
    0
    0
    0
    0
    0
    0
    0
    0
    0
    0
    0
    0
    0
    0
    0
    0
    0
    0
    0
    0
    0
    0
    0
    0
    0
    0
    0
    0
    0
    0
    0
    0
    0
    0
    0
    0
    0
    0
    0
    0
    0
    0
    0
    0
    0
    0
    0
    0
    0
    0
    0
    0
    0
    0
    0
    0
    0
    0
    0
    0
    0
    0
    0
    0
    0
    0
    0
    0
    0
    0
    0
    0
    0
    0
    0
    0
    0
    0
    0
    0
    0
    0
    0
    0
    0
    0
    0
    0
    0
    0
    0
    0
    0
    0
    0
    0
    0
    0
    0
    0
    0
    0
    0
    0
    0
    0
    0
    0
    0
    0
    0
    0
    0
    0
    0
    0
    0
    0
    0
    0
    0
    0
    0
    0
    0
    0
    0
    0
    0
    0
    0
    0
    0
    0
    0
    0
    0
    0
    0
    0
    0
    0
    0
    0
    0
    0
    0
    0
    0
    0
    0
    0
    0
    0
    0
    0
    0
    0
    0
    0
    0
    0
    0
    0
    0
    0
    0
    0
    0
    0
    0
    0
    0
    0
    0
    0
    0
    0
    0
    0
    0
    0
    0
    0
    0
    0
    0
    0
    0
    0
    0
    0
    0
    0
    0
    0
    0
    0
    0
    0
    0
    0
    0
    0
    0
    0
    0
    0
    0
    0
    0
    0
    0
    0
    0
    0
    0
    0
    0
    0
    0
    0
    0
    0
    0
    0
    0
    0
    0
    0
    0
    0
    0
    0
    0
    0
    0
    0
    0
    0
    0
    0
    0
    0
    0
    0
    0
    0
    0
    0
    0
    0
    0
    0
    0
    0
    0
    0
    0
    0
    0
    0
    0
    0
    0
    0
    0
    0
    0
    0
    0
    0
    0
    0
    0
    0
    0
    0
    0
    0
    0
    0
    0
    0
    0
    0
    0
    0
    0
    0
    0
    0
    0
    0
    0
    0
    0
    0
    0
    0
    0
    0
    0
    0
    0
    0
    0
    0
    0
    0
    0
    0
    0
    0
    0
    0
    0
    0
    0
    0
    0
    0
    0
    0
    0
    0
    0
    0
    0
    0
    0
    0
    0
    0
    0
    0
    0
    0
    0
    0
    0
    0
    0
    0
    0
    0
    0
    0
    0
    0
    0
    0
    0
    0
    0
    0
    0
    0
    0
    0
    0
    0
    0
    0
    0
    0
    0
    0
    0
    0
    0
    0
    0
    0
    0
    0
    0
    0
    0
    0
    0
    0
    0
    0
    0
    0
    0
    0
    0
    0
    0
    0
    0
    0
    0
    0
    0
    0
    0
    0
    0
    0
    0
    0
    0
    0
    0
    0
    0
    0
    0
    0
    0
    0
    0
    0
    0
    0
    0
    0
    0
    0
    0
    0
    0
    0
    0
    0
    0
    0
    0
    0
    0
    0
    0
    0
    0
    0
    0
    0
    0
    0
    0
    0
    0
    0
    0
    0
    0
    0
    0
    0
    0
    0
    0
    0
    0
    0
    0
    0
    0
    0
    0
    0
    0
    0
    0
    0
    0
    0
    0
    0
    0
    0
    0
    0
    0
    0
    0
    0
    0
    0
    0
    0
    0
    0
    0
    0
    0
    0
    0
    0
    0
    0
    0
    0
    0
    0
    0
    0
    0
    0
    0
    0
    0
    0
    0
    0
    0
    0
    0
    0
    0
    0
    0
    0
    0
    0
    0
    0
    0
    0
    0
    0
    0
    0
    0
    0
    0
    0
    0
    0
    0
    0
    0
    0
    0
    0
    0
    0
    0
    0
    0
    0
    0
    0
    0
    0
    0
    0
    0
    0
    0
    0
    0
    0
    0
    0
    0
    0
    0
    0
    0
    0
    0
    0
    0
    0
    0
    0
    0
    0
    0
    0
    0
    0
    0
    0
    0
    0
    0
    0
    0
    0
    0
    0
    0
    0
    0
    0
    0
    0
    0
    0
    0
    0
    0
    0
    0
    0
    0
    0
    0
    0
    0
    0
    0
    0
    0
    0
    0
    0
    0
    0
    0
    0
    0
    0
    0
    0
    0
    0
    0
    0
    0
    0
    0
    0
    0
    0
    0
    0
    0
    0
    0
    0
    0
    0
    0
    0
    0
    0
    0
    0
    0
    0
    0
    0
    0
    0
    0
    0
    0
    0
    0
    0
    0
    0
    0
    0
    0
    0
    0
    0
    0
    0
    0
    0
    0
    0
    0
    0
    0
    0
    0
    0
    0
    0
    0
    0
    0
    0
    0
    0
    0
    0
    0
    0
    0
    0
    0
    0
    0
    0
    0
    0
    0
    0
    0
    0
    0
    0
    0
    0
    0
    0
    0
    0
    0
    0
    0
    0
    0
    0
    0
    0
    0
    0
    0
    0
    0
    0
    0
    0
    0
    0
    0
    0
    0
    0
    0
    0
    0
    0
    0
    0
    0
    0
    0
    0
    0
    0
    0
    0
    0
    0
    0
    0
    0
    0
    0
    0
    0
    0
    0
    0
    0
    0
    0
    0
    0
    0
    0
    0
    0
    0
    0
    0
    0
    0
    0
    0
    0
    0
    0
    0
    0
    0
    0
    0
    0
    0
    0
    0
    0
    0
    0
    0
    0
    0
    0
    0
    0
    0
    0
    0
    0
    0
    0
    0
    0
    0
    0
    0
    0
    0
    0
    0
    0
    0
    0
    0
    0
    0
    0
    0
    0
    0
    0
    0
    0
    0
    0
    0
    0
    0
    0
    0
    0
    0
    0
    0
    0
    0
    0
    0
    0
    0
    0
    0
    0
    0
    0
    0
    0
    0
    0
    0
    0
    0
    0
    0
    0
    0
    0
    0
    0
    0
    0
    0
    0
    0
    0
    0
    0
    0
    0
    0
    0
    0
    0
    0
    0
    0
    0
    0
    0
    0
    0
    0
    0
    0
    0
    0
    0
    0
    0
    0
    0
    0
    0
    0
    0
    0
    0
    0
    0
    0
    0
    0
    0
    0
    0
    0
    0
    0
    0
    0
    0
    0
    0
    0
    0
    0
    0
    0
    0
    0
    0
    0
    0
    0
    0
    0
    0
    0
    0
    0
    0
    0
    0
    0
    0
    0
    0
    0
    0
    0
    0
    0
    0
    0
    0
    0
    0
    0
    0
    0
    0
    0
    0
    0
    0
    0
    0
    0
    0
    0
    0
    0
    0
    0
    0
    0
    0
    0
    0
    0
    0
    0
    0
    0
    0
    0
    0
    0
    0
    0
    0
    0
    0
    0
    0
    0
    0
    0
    0
    0
    0
    0
    0
    0
    0
    0
    0
    0
    0
    0
    0
    0
    0
    0
    0
    0
    0
    0
    0
    0
    0
    0
    0
    0
    0
    0
    0
    0
    0
    0
    0
    0
    0
    0
    0
    0
    0
    0
    0
    0
    0
    0
    0
    0
    0
    0
    0
    0
    0
    0
    0
    0
    0
    0
    0
    0
    0
    0
    0
    0
    0
    0
    0
    0
    0
    0
    0
    0
    0
    0
    0
    0
    0
    0
    0
    0
    0
    0
    0
    0
    0
    0
    0
    0
    0
    0
    0
    0
    0
    0
    0
    0
    0
    0
    0
    0
    0
    0
    0
    0
    0
    0
    0
    0
    0
    0
    0
    0
    0
    0
    0
    0
    0
    0
    0
    0
    0
    0
    0
    0
    0
    0
    0
    0
    0
    0
    0
    0
    0
    0
    0
    0
    0
    0
    0
    0
    0
    0
    0
    0
    0
    0
    0
    0
    0
    0
    0
    0
    0
    0
    0
    0
    0
    0
    0
    0
    0
    0
    0
    0
    0
    0
    0
    0
    0
    0
    0
    0
    0
    0
    0
    0
    0
    0
    0
    0
    0
