Project Info:
    ACQ Time: 2019- 9-24   9:34:27: 875 .
    Project: tq左侧足三里下循经非穴（昨天涂红药水）
    Name: 
    Part:  
    Operator:  
    Desc.:  
    Sample Data Acquired.

ACQ Parameters:
    Excited Peroid(ms): 50
    Excited Time(ms): 10
    Acq Delay Time(us): 10
    Gate Time(ms): 20
    Count Num per gate: 100
    Repeat Times: 50
    Acq Gate Times: 1
    Interval per Gate(us): 100
    Channel Number: 2

Data:
    599
    513
    472
    400
    359
    371
    332
    306
    301
    287
    252
    234
    207
    213
    218
    240
    188
    159
    189
    156
    140
    139
    163
    140
    108
    130
    119
    122
    100
    94
    109
    95
    83
    81
    82
    75
    72
    61
    88
    78
    58
    81
    69
    45
    42
    57
    52
    49
    57
    47
    39
    45
    35
    47
    35
    35
    32
    34
    37
    35
    26
    34
    19
    26
    29
    33
    27
    26
    26
    39
    19
    28
    27
    12
    18
    19
    28
    31
    14
    24
    16
    23
    17
    20
    15
    15
    12
    14
    10
    13
    8
    12
    18
    17
    18
    10
    14
    11
    13
    5
    639
    525
    483
    432
    429
    379
    355
    299
    313
    263
    268
    267
    220
    240
    201
    186
    207
    168
    162
    167
    161
    147
    150
    122
    125
    137
    110
    125
    99
    88
    103
    87
    79
    92
    86
    60
    63
    67
    77
    66
    64
    72
    51
    46
    43
    46
    46
    58
    48
    52
    54
    37
    41
    41
    37
    42
    43
    42
    37
    27
    26
    43
    30
    33
    22
    24
    24
    31
    25
    21
    19
    31
    23
    20
    24
    15
    13
    20
    16
    17
    21
    23
    17
    10
    23
    14
    14
    16
    26
    12
    15
    15
    21
    17
    18
    9
    9
    9
    9
    16
    556
    583
    483
    402
    370
    364
    286
    321
    315
    288
    269
    257
    226
    233
    207
    181
    213
    202
    165
    168
    163
    167
    135
    137
    137
    108
    120
    98
    112
    111
    93
    104
    91
    85
    98
    79
    87
    74
    85
    76
    69
    68
    59
    62
    61
    60
    45
    45
    48
    52
    45
    49
    54
    37
    39
    36
    41
    35
    39
    44
    40
    33
    36
    43
    30
    23
    31
    21
    24
    22
    21
    31
    29
    22
    17
    24
    26
    25
    18
    11
    18
    18
    25
    22
    20
    25
    13
    13
    20
    22
    13
    12
    12
    12
    16
    20
    16
    9
    11
    11
    604
    550
    504
    404
    421
    351
    355
    309
    287
    248
    272
    246
    238
    205
    213
    178
    190
    181
    188
    150
    165
    164
    141
    140
    100
    137
    111
    105
    123
    105
    95
    103
    109
    94
    83
    71
    60
    71
    97
    79
    54
    68
    65
    63
    68
    47
    50
    50
    57
    47
    48
    41
    45
    40
    48
    33
    54
    53
    37
    38
    32
    36
    26
    18
    26
    26
    33
    15
    19
    21
    27
    29
    29
    27
    20
    21
    26
    20
    19
    21
    14
    20
    13
    17
    18
    18
    15
    16
    12
    12
    14
    12
    7
    12
    17
    13
    14
    17
    12
    11
    585
    548
    488
    430
    406
    387
    364
    273
    302
    277
    266
    226
    230
    216
    227
    187
    194
    174
    156
    167
    165
    134
    125
    156
    132
    134
    99
    121
    100
    103
    98
    95
    86
    101
    90
    87
    85
    77
    80
    58
    67
    73
    77
    54
    48
    49
    61
    54
    50
    48
    47
    52
    35
    41
    41
    48
    37
    34
    35
    42
    36
    34
    31
    32
    26
    28
    19
    27
    24
    25
    15
    29
    32
    24
    24
    21
    22
    19
    14
    20
    23
    22
    20
    11
    20
    12
    20
    18
    12
    20
    16
    15
    10
    12
    20
    16
    13
    12
    15
    16
    606
    511
    484
    428
    410
    374
    362
    324
    301
    262
    242
    262
    229
    237
    219
    217
    195
    174
    159
    160
    167
    158
    138
    160
    118
    128
    124
    117
    109
    117
    95
    103
    81
    101
    94
    84
    68
    68
    88
    86
    69
    66
    65
    65
    56
    57
    51
    57
    55
    50
    54
    51
    47
    41
    39
    45
    45
    41
    43
    44
    34
    35
    26
    30
    35
    33
    51
    18
    31
    29
    25
    20
    26
    24
    19
    13
    29
    28
    25
    21
    25
    17
    24
    11
    12
    17
    14
    14
    15
    12
    22
    11
    15
    12
    16
    13
    7
    15
    14
    16
    577
    532
    477
    446
    367
    360
    317
    298
    288
    287
    285
    240
    238
    185
    205
    200
    176
    173
    168
    163
    151
    163
    134
    155
    148
    126
    108
    107
    118
    117
    80
    101
    101
    86
    80
    85
    93
    74
    72
    63
    66
    71
    76
    65
    64
    60
    57
    62
    44
    51
    50
    50
    58
    54
    38
    41
    44
    41
    35
    35
    31
    39
    34
    30
    25
    30
    37
    26
    27
    25
    23
    27
    27
    18
    20
    24
    19
    20
    26
    18
    16
    18
    19
    25
    22
    20
    28
    15
    16
    13
    11
    13
    18
    16
    14
    14
    21
    7
    11
    17
    585
    527
    526
    441
    416
    363
    323
    321
    326
    285
    261
    232
    238
    210
    218
    192
    208
    181
    168
    188
    195
    153
    150
    109
    115
    121
    132
    114
    105
    116
    105
    102
    112
    87
    92
    87
    80
    67
    71
    87
    74
    69
    76
    63
    56
    63
    50
    53
    46
    47
    48
    49
    52
    36
    47
    50
    44
    42
    38
    40
    43
    29
    48
    33
    31
    28
    36
    27
    30
    33
    26
    27
    22
    34
    30
    21
    24
    22
    22
    16
    17
    24
    23
    18
    27
    25
    22
    18
    19
    22
    18
    12
    12
    12
    13
    13
    17
    11
    14
    14
    629
    564
    473
    453
    405
    406
    344
    292
    276
    262
    273
    248
    228
    236
    206
    222
    160
    158
    181
    180
    162
    152
    130
    159
    133
    121
    114
    122
    95
    101
    99
    113
    102
    94
    70
    87
    78
    80
    69
    58
    70
    78
    67
    50
    60
    56
    63
    51
    57
    46
    56
    47
    52
    50
    39
    44
    50
    24
    35
    31
    29
    40
    34
    30
    33
    37
    23
    31
    38
    23
    18
    26
    34
    24
    21
    29
    23
    19
    17
    26
    25
    14
    11
    22
    29
    16
    18
    20
    15
    23
    20
    14
    13
    14
    9
    13
    15
    16
    12
    10
    589
    561
    486
    416
    368
    327
    388
    338
    276
    269
    270
    252
    221
    242
    230
    195
    182
    173
    156
    156
    159
    157
    148
    120
    130
    125
    130
    104
    114
    108
    119
    100
    111
    93
    93
    83
    79
    86
    57
    63
    72
    75
    67
    64
    61
    55
    69
    67
    58
    47
    42
    49
    53
    51
    48
    41
    48
    42
    40
    37
    38
    25
    30
    35
    31
    31
    31
    29
    20
    26
    27
    20
    21
    25
    14
    14
    16
    17
    23
    20
    23
    25
    20
    19
    22
    22
    28
    20
    23
    12
    11
    18
    12
    14
    13
    7
    8
    25
    12
    9
    569
    500
    484
    443
    389
    338
    329
    330
    299
    294
    232
    215
    248
    228
    204
    228
    212
    182
    154
    153
    154
    161
    146
    146
    130
    134
    101
    124
    114
    79
    92
    73
    105
    97
    92
    76
    73
    84
    72
    68
    77
    70
    63
    62
    57
    54
    58
    71
    51
    45
    42
    56
    51
    43
    36
    31
    50
    41
    26
    42
    35
    41
    45
    33
    23
    37
    41
    28
    30
    31
    37
    32
    16
    25
    21
    16
    24
    23
    19
    23
    30
    23
    21
    20
    23
    15
    20
    6
    17
    15
    18
    21
    13
    15
    14
    22
    19
    19
    10
    15
    613
    521
    483
    418
    392
    322
    355
    319
    301
    252
    241
    249
    231
    210
    208
    207
    189
    185
    172
    168
    157
    156
    157
    143
    144
    108
    117
    121
    105
    107
    107
    103
    91
    112
    89
    78
    89
    60
    56
    65
    70
    60
    48
    72
    72
    55
    48
    56
    68
    43
    49
    37
    47
    43
    41
    30
    38
    29
    35
    37
    32
    36
    35
    41
    35
    32
    26
    29
    25
    33
    24
    24
    22
    32
    25
    31
    32
    24
    23
    23
    18
    20
    19
    17
    10
    26
    17
    11
    14
    14
    23
    21
    12
    12
    13
    19
    14
    19
    20
    15
    580
    533
    479
    394
    424
    367
    350
    307
    310
    295
    239
    234
    225
    201
    185
    201
    200
    177
    171
    149
    164
    153
    142
    137
    128
    132
    101
    133
    116
    104
    92
    106
    89
    85
    79
    86
    93
    72
    86
    73
    73
    62
    71
    68
    63
    65
    46
    58
    49
    49
    45
    49
    46
    49
    56
    34
    47
    43
    36
    28
    36
    38
    38
    36
    28
    28
    26
    24
    35
    23
    28
    28
    24
    32
    24
    14
    21
    19
    29
    23
    26
    23
    20
    24
    13
    26
    20
    13
    15
    19
    20
    13
    11
    14
    12
    15
    14
    14
    16
    15
    584
    557
    485
    431
    373
    376
    318
    344
    309
    280
    264
    232
    254
    231
    215
    214
    201
    189
    181
    172
    170
    168
    160
    159
    142
    134
    112
    104
    109
    99
    96
    100
    81
    80
    107
    84
    74
    80
    84
    77
    80
    78
    60
    72
    61
    66
    59
    61
    49
    60
    41
    52
    50
    34
    40
    48
    46
    39
    31
    39
    38
    46
    41
    27
    33
    32
    27
    38
    34
    28
    25
    25
    29
    19
    29
    24
    18
    24
    24
    21
    18
    19
    21
    19
    15
    24
    20
    24
    10
    21
    18
    13
    12
    19
    9
    13
    14
    13
    18
    16
    587
    546
    481
    413
    423
    331
    351
    314
    309
    282
    272
    246
    265
    236
    214
    187
    204
    184
    171
    140
    163
    149
    144
    135
    139
    120
    129
    124
    117
    132
    93
    97
    91
    85
    94
    97
    95
    77
    77
    83
    64
    60
    73
    67
    58
    61
    50
    55
    45
    52
    51
    46
    36
    38
    48
    36
    43
    43
    32
    42
    46
    30
    31
    36
    35
    26
    24
    34
    25
    28
    32
    30
    27
    29
    24
    24
    21
    22
    20
    21
    19
    26
    16
    14
    13
    22
    16
    14
    19
    15
    19
    13
    15
    10
    10
    17
    18
    16
    9
    10
    601
    531
    471
    407
    390
    374
    346
    316
    303
    281
    265
    272
    236
    212
    207
    201
    196
    192
    175
    157
    157
    156
    158
    121
    137
    149
    141
    112
    124
    123
    114
    86
    110
    107
    93
    87
    91
    77
    74
    85
    66
    69
    82
    62
    62
    63
    73
    58
    48
    48
    50
    49
    48
    44
    32
    34
    42
    32
    43
    39
    29
    40
    38
    27
    33
    26
    43
    36
    25
    32
    28
    25
    26
    28
    19
    32
    22
    19
    16
    22
    21
    19
    22
    17
    18
    26
    22
    14
    19
    23
    17
    20
    14
    17
    21
    11
    18
    12
    16
    5
    619
    577
    479
    447
    388
    340
    326
    299
    307
    280
    241
    267
    229
    216
    210
    189
    205
    191
    196
    161
    179
    171
    140
    122
    138
    134
    120
    129
    114
    86
    108
    101
    114
    106
    94
    95
    105
    86
    81
    76
    76
    63
    78
    58
    67
    64
    48
    57
    47
    50
    44
    52
    58
    43
    44
    37
    34
    40
    46
    42
    25
    44
    35
    25
    46
    24
    24
    36
    28
    23
    28
    33
    31
    18
    15
    27
    21
    24
    24
    18
    15
    25
    18
    13
    26
    26
    18
    18
    18
    19
    11
    16
    23
    7
    14
    19
    12
    9
    8
    15
    613
    521
    514
    424
    357
    359
    338
    338
    294
    279
    274
    270
    224
    213
    206
    196
    213
    168
    172
    156
    176
    167
    135
    147
    131
    110
    125
    122
    105
    123
    87
    96
    107
    78
    88
    85
    76
    82
    81
    75
    95
    70
    61
    69
    71
    57
    53
    62
    68
    43
    52
    51
    59
    48
    39
    46
    51
    32
    36
    34
    36
    31
    40
    31
    23
    25
    24
    27
    36
    25
    29
    26
    23
    33
    28
    17
    20
    25
    26
    27
    30
    16
    16
    11
    22
    22
    14
    14
    22
    15
    16
    16
    20
    16
    14
    15
    13
    11
    12
    20
    614
    514
    487
    464
    368
    377
    357
    321
    297
    278
    271
    249
    245
    232
    234
    198
    194
    201
    177
    179
    158
    147
    152
    132
    129
    120
    142
    130
    113
    105
    113
    95
    102
    94
    94
    90
    85
    74
    76
    69
    69
    60
    57
    68
    68
    57
    53
    63
    53
    53
    53
    38
    49
    47
    49
    42
    37
    40
    43
    48
    34
    43
    28
    43
    29
    42
    34
    41
    29
    28
    25
    27
    20
    37
    24
    26
    18
    14
    30
    22
    22
    26
    10
    14
    21
    23
    28
    15
    11
    20
    13
    12
    21
    17
    15
    15
    10
    14
    13
    12
    637
    532
    520
    412
    391
    371
    330
    304
    308
    273
    264
    256
    229
    201
    216
    211
    205
    196
    161
    174
    168
    168
    150
    146
    128
    143
    133
    113
    112
    115
    97
    109
    105
    94
    84
    101
    73
    81
    85
    69
    73
    64
    73
    73
    66
    58
    65
    57
    61
    59
    69
    47
    41
    44
    38
    49
    36
    56
    40
    22
    35
    36
    33
    28
    31
    27
    28
    32
    28
    24
    29
    35
    19
    33
    27
    16
    18
    22
    27
    19
    24
    20
    17
    18
    15
    18
    20
    23
    23
    17
    19
    8
    20
    12
    18
    13
    16
    17
    11
    7
    624
    566
    461
    431
    413
    360
    318
    313
    302
    248
    274
    261
    256
    230
    204
    212
    184
    181
    169
    183
    189
    152
    144
    150
    128
    127
    120
    106
    104
    118
    110
    95
    85
    102
    106
    93
    83
    88
    72
    80
    68
    68
    66
    67
    58
    58
    62
    66
    65
    51
    60
    49
    49
    48
    39
    46
    42
    47
    38
    39
    43
    37
    42
    38
    27
    42
    31
    40
    32
    27
    36
    25
    23
    16
    20
    20
    18
    29
    25
    26
    16
    17
    24
    18
    21
    27
    9
    13
    17
    12
    11
    13
    15
    13
    8
    17
    17
    26
    16
    10
    588
    567
    492
    417
    360
    363
    346
    285
    278
    311
    255
    263
    251
    224
    212
    202
    178
    176
    192
    174
    166
    160
    152
    155
    157
    133
    117
    142
    129
    121
    107
    97
    97
    92
    98
    95
    71
    74
    72
    104
    78
    66
    70
    60
    53
    69
    37
    57
    51
    67
    47
    51
    54
    42
    48
    59
    32
    42
    50
    34
    35
    32
    30
    33
    26
    47
    22
    32
    29
    24
    29
    24
    32
    25
    23
    33
    24
    32
    22
    33
    17
    23
    25
    15
    19
    21
    18
    7
    17
    17
    17
    12
    12
    15
    8
    13
    15
    14
    14
    11
    634
    526
    463
    470
    389
    372
    317
    313
    306
    281
    289
    228
    245
    191
    209
    192
    179
    189
    193
    163
    148
    153
    133
    162
    137
    131
    107
    142
    107
    115
    115
    91
    102
    92
    93
    93
    78
    91
    59
    58
    74
    68
    67
    53
    62
    72
    67
    59
    65
    47
    50
    51
    49
    54
    47
    40
    37
    34
    49
    42
    46
    36
    39
    36
    31
    28
    29
    32
    33
    34
    28
    33
    23
    36
    32
    18
    25
    22
    41
    23
    13
    24
    19
    29
    21
    18
    25
    20
    22
    12
    12
    21
    21
    11
    15
    10
    6
    13
    12
    10
    584
    526
    488
    419
    408
    367
    365
    313
    317
    281
    284
    263
    229
    219
    213
    201
    211
    190
    190
    194
    157
    146
    137
    140
    149
    133
    126
    125
    116
    122
    107
    101
    87
    83
    84
    92
    77
    77
    78
    82
    74
    72
    64
    67
    73
    68
    57
    49
    50
    51
    48
    47
    39
    50
    47
    50
    32
    38
    34
    37
    41
    42
    35
    34
    33
    40
    41
    41
    32
    27
    19
    32
    20
    27
    24
    33
    16
    23
    27
    25
    26
    19
    27
    20
    12
    19
    14
    24
    16
    18
    13
    13
    19
    19
    10
    18
    20
    17
    17
    13
    586
    556
    486
    452
    403
    371
    298
    321
    297
    287
    266
    239
    233
    244
    231
    202
    188
    196
    176
    162
    147
    141
    141
    151
    156
    125
    114
    142
    116
    98
    95
    103
    91
    91
    91
    93
    90
    78
    79
    79
    95
    79
    70
    65
    63
    54
    66
    73
    62
    57
    48
    73
    54
    41
    43
    41
    34
    33
    55
    36
    28
    32
    40
    37
    36
    38
    30
    33
    31
    25
    32
    33
    29
    28
    39
    25
    21
    22
    27
    19
    23
    21
    18
    19
    15
    15
    14
    20
    25
    19
    23
    16
    14
    20
    23
    17
    10
    16
    11
    9
    648
    554
    495
    451
    398
    408
    328
    325
    293
    276
    261
    262
    232
    205
    218
    206
    214
    195
    182
    173
    163
    132
    142
    147
    129
    135
    128
    112
    106
    120
    109
    113
    109
    97
    89
    86
    73
    70
    80
    74
    72
    73
    72
    64
    70
    68
    58
    51
    57
    46
    50
    67
    41
    45
    47
    41
    41
    48
    46
    39
    37
    42
    32
    33
    41
    29
    37
    32
    33
    29
    27
    31
    21
    29
    25
    19
    34
    15
    22
    20
    24
    25
    14
    23
    17
    17
    16
    22
    22
    17
    20
    10
    15
    15
    9
    20
    13
    17
    22
    8
    615
    550
    473
    403
    373
    383
    330
    287
    299
    290
    247
    281
    232
    233
    196
    230
    179
    185
    183
    169
    163
    156
    140
    137
    122
    135
    121
    117
    115
    102
    113
    135
    92
    102
    93
    91
    79
    84
    92
    87
    67
    74
    72
    58
    65
    73
    54
    60
    78
    46
    47
    50
    49
    69
    41
    54
    34
    30
    41
    32
    46
    36
    34
    30
    35
    33
    21
    33
    33
    27
    27
    25
    22
    12
    27
    25
    18
    30
    15
    24
    18
    15
    25
    24
    17
    18
    20
    19
    15
    20
    17
    15
    12
    17
    12
    19
    13
    11
    22
    18
    639
    538
    469
    416
    396
    359
    331
    346
    307
    275
    267
    249
    239
    216
    211
    195
    205
    197
    173
    165
    154
    151
    149
    131
    139
    140
    137
    108
    113
    104
    145
    115
    103
    104
    81
    109
    84
    95
    99
    89
    80
    67
    55
    74
    73
    66
    73
    57
    56
    71
    55
    51
    50
    62
    38
    42
    52
    51
    28
    42
    45
    28
    30
    43
    40
    30
    32
    37
    27
    25
    30
    20
    29
    19
    22
    25
    28
    23
    19
    26
    17
    23
    21
    16
    16
    22
    24
    19
    18
    17
    18
    21
    14
    9
    23
    21
    12
    17
    11
    7
    598
    561
    457
    410
    402
    339
    341
    317
    278
    298
    272
    264
    263
    221
    209
    235
    201
    178
    197
    174
    181
    156
    177
    139
    122
    152
    107
    111
    122
    99
    111
    115
    109
    80
    88
    68
    81
    94
    83
    81
    73
    82
    66
    54
    70
    54
    60
    69
    60
    58
    58
    49
    37
    48
    39
    42
    50
    33
    36
    35
    36
    40
    30
    21
    35
    32
    31
    34
    29
    26
    21
    27
    29
    31
    32
    28
    14
    18
    21
    20
    24
    23
    16
    20
    17
    19
    14
    12
    19
    20
    18
    16
    19
    18
    15
    14
    12
    14
    10
    12
    589
    551
    465
    449
    379
    351
    368
    322
    304
    326
    286
    269
    230
    247
    215
    175
    193
    181
    192
    173
    176
    171
    145
    163
    127
    124
    127
    124
    129
    124
    115
    115
    76
    84
    66
    86
    92
    75
    86
    66
    75
    82
    80
    68
    64
    50
    51
    49
    51
    52
    56
    58
    46
    62
    46
    35
    40
    37
    34
    40
    40
    23
    37
    33
    37
    43
    34
    36
    32
    20
    36
    33
    29
    17
    30
    26
    24
    24
    23
    30
    26
    14
    21
    23
    27
    29
    18
    18
    17
    16
    15
    22
    19
    14
    13
    11
    11
    18
    12
    11
    630
    582
    493
    445
    401
    357
    359
    321
    295
    282
    303
    254
    208
    231
    232
    195
    190
    181
    174
    169
    167
    156
    160
    161
    134
    133
    131
    118
    116
    101
    120
    108
    99
    90
    102
    86
    77
    94
    73
    74
    77
    82
    68
    72
    61
    54
    50
    60
    70
    59
    36
    47
    47
    40
    48
    41
    47
    36
    32
    33
    32
    44
    36
    39
    27
    26
    27
    30
    36
    25
    28
    24
    25
    25
    23
    25
    27
    29
    27
    24
    20
    19
    23
    10
    29
    15
    15
    18
    20
    10
    13
    17
    16
    19
    22
    13
    15
    11
    17
    20
    612
    516
    501
    411
    382
    373
    325
    306
    297
    284
    279
    265
    265
    254
    205
    178
    201
    212
    170
    172
    147
    147
    153
    149
    146
    145
    119
    103
    130
    101
    111
    95
    96
    91
    98
    87
    68
    78
    73
    78
    76
    76
    52
    69
    48
    53
    64
    62
    54
    59
    45
    55
    47
    39
    41
    42
    47
    43
    49
    28
    51
    52
    36
    24
    37
    31
    38
    27
    22
    36
    27
    35
    24
    20
    24
    24
    29
    33
    27
    20
    29
    25
    15
    20
    19
    22
    17
    11
    27
    19
    22
    12
    11
    12
    19
    21
    14
    6
    16
    9
    601
    566
    483
    428
    429
    343
    320
    321
    278
    262
    252
    279
    247
    233
    243
    207
    194
    190
    169
    150
    161
    146
    146
    169
    141
    115
    128
    103
    115
    112
    118
    107
    96
    106
    94
    82
    66
    81
    76
    89
    69
    64
    67
    63
    54
    54
    57
    58
    57
    49
    43
    46
    53
    49
    52
    33
    45
    43
    40
    37
    44
    32
    43
    30
    23
    31
    36
    20
    23
    31
    22
    32
    26
    28
    25
    26
    29
    25
    21
    19
    18
    14
    17
    13
    22
    21
    20
    9
    12
    17
    11
    18
    15
    14
    19
    17
    16
    18
    12
    10
    625
    526
    517
    443
    374
    380
    360
    333
    304
    268
    257
    268
    231
    230
    240
    212
    195
    197
    175
    170
    168
    148
    150
    161
    117
    121
    124
    129
    110
    104
    104
    107
    106
    91
    97
    97
    94
    92
    82
    68
    80
    80
    70
    57
    71
    61
    61
    59
    45
    51
    45
    61
    52
    39
    61
    41
    45
    51
    37
    49
    44
    38
    35
    27
    30
    31
    25
    39
    29
    28
    23
    27
    36
    25
    24
    27
    28
    32
    32
    21
    20
    15
    27
    19
    20
    22
    17
    19
    16
    16
    13
    10
    16
    13
    14
    10
    19
    11
    13
    10
    579
    580
    488
    427
    422
    379
    347
    303
    313
    294
    293
    257
    245
    230
    206
    201
    169
    179
    194
    170
    168
    149
    156
    153
    144
    155
    131
    107
    119
    119
    110
    106
    98
    108
    99
    88
    86
    84
    71
    81
    61
    72
    75
    79
    48
    72
    68
    67
    66
    46
    50
    42
    60
    51
    50
    46
    41
    47
    38
    35
    41
    32
    38
    31
    33
    30
    29
    31
    35
    28
    33
    28
    24
    23
    24
    23
    20
    27
    26
    22
    17
    19
    16
    24
    16
    17
    18
    13
    24
    21
    15
    17
    16
    15
    20
    18
    13
    16
    8
    14
    574
    519
    469
    470
    406
    352
    354
    320
    297
    293
    245
    243
    236
    232
    206
    199
    187
    207
    180
    161
    162
    175
    154
    134
    132
    131
    142
    120
    125
    139
    98
    112
    86
    92
    81
    95
    83
    84
    94
    79
    68
    71
    75
    63
    73
    60
    58
    61
    55
    60
    53
    46
    47
    42
    47
    55
    55
    49
    39
    30
    33
    38
    30
    41
    28
    22
    31
    31
    19
    39
    33
    36
    25
    23
    25
    22
    23
    29
    26
    18
    28
    19
    17
    14
    19
    14
    18
    18
    14
    11
    11
    17
    15
    22
    15
    19
    23
    18
    18
    17
    575
    525
    477
    471
    363
    377
    342
    323
    294
    289
    261
    234
    241
    227
    214
    186
    183
    166
    175
    188
    186
    191
    139
    130
    137
    147
    123
    110
    134
    121
    112
    90
    80
    93
    83
    95
    81
    100
    70
    75
    73
    65
    68
    77
    73
    79
    59
    50
    61
    53
    56
    33
    63
    59
    45
    46
    47
    49
    33
    35
    43
    45
    25
    35
    36
    40
    25
    23
    38
    33
    25
    11
    24
    27
    23
    20
    21
    18
    24
    26
    25
    28
    22
    19
    29
    20
    19
    22
    18
    16
    14
    18
    16
    18
    13
    16
    16
    15
    7
    10
    602
    517
    509
    414
    416
    364
    344
    341
    266
    282
    261
    253
    248
    215
    260
    201
    178
    192
    180
    165
    152
    148
    168
    145
    133
    120
    133
    117
    121
    125
    91
    107
    99
    94
    101
    75
    95
    86
    96
    61
    73
    85
    61
    67
    67
    58
    57
    63
    58
    61
    52
    53
    58
    40
    52
    46
    53
    48
    34
    43
    38
    42
    28
    32
    35
    37
    43
    25
    29
    38
    33
    25
    23
    25
    24
    26
    28
    20
    21
    15
    18
    16
    21
    24
    23
    18
    19
    18
    15
    22
    17
    23
    17
    16
    20
    26
    22
    17
    9
    13
    625
    523
    510
    422
    395
    373
    366
    331
    314
    290
    266
    262
    229
    229
    216
    213
    186
    169
    191
    179
    148
    163
    147
    143
    138
    127
    134
    107
    120
    106
    114
    94
    98
    102
    89
    95
    90
    81
    83
    76
    83
    77
    71
    67
    60
    57
    69
    59
    57
    69
    59
    50
    63
    49
    50
    42
    37
    41
    38
    45
    40
    45
    38
    33
    31
    29
    35
    28
    35
    30
    28
    29
    30
    23
    24
    21
    27
    22
    28
    18
    25
    19
    22
    17
    16
    28
    17
    18
    15
    19
    18
    15
    16
    12
    26
    12
    18
    14
    22
    21
    588
    533
    479
    424
    387
    390
    364
    350
    313
    267
    254
    255
    255
    228
    234
    202
    213
    173
    185
    160
    159
    145
    186
    150
    150
    127
    118
    147
    122
    115
    89
    107
    103
    115
    86
    80
    90
    81
    95
    74
    89
    66
    59
    68
    57
    57
    51
    52
    46
    56
    59
    36
    51
    49
    48
    34
    52
    35
    40
    40
    34
    37
    37
    39
    27
    38
    34
    29
    30
    29
    26
    18
    29
    27
    22
    24
    21
    26
    20
    20
    21
    26
    19
    18
    19
    13
    18
    13
    13
    13
    18
    20
    16
    14
    20
    11
    13
    9
    14
    11
    632
    569
    506
    437
    361
    380
    356
    327
    290
    283
    284
    254
    232
    239
    227
    216
    170
    177
    197
    182
    167
    154
    150
    128
    143
    122
    106
    130
    130
    112
    109
    94
    102
    90
    106
    78
    75
    72
    77
    90
    80
    60
    77
    61
    65
    55
    61
    53
    44
    59
    53
    57
    42
    40
    48
    42
    48
    38
    35
    47
    35
    46
    38
    44
    35
    32
    36
    25
    47
    26
    30
    22
    25
    25
    20
    22
    25
    21
    23
    24
    34
    17
    23
    33
    16
    12
    13
    24
    9
    20
    17
    25
    21
    19
    14
    16
    14
    16
    11
    13
    623
    535
    471
    456
    388
    357
    362
    342
    286
    314
    267
    245
    252
    238
    215
    226
    206
    188
    163
    188
    167
    147
    138
    139
    148
    124
    128
    100
    125
    125
    107
    123
    90
    113
    100
    80
    88
    67
    85
    71
    66
    57
    76
    63
    72
    66
    58
    51
    68
    48
    36
    58
    63
    52
    40
    49
    46
    53
    31
    25
    37
    42
    32
    34
    36
    31
    34
    35
    27
    30
    36
    19
    35
    22
    28
    23
    24
    30
    27
    18
    22
    16
    20
    20
    24
    26
    20
    13
    19
    15
    19
    14
    23
    20
    19
    15
    12
    10
    16
    12
    589
    507
    498
    438
    396
    401
    348
    307
    290
    292
    262
    281
    214
    240
    225
    198
    187
    195
    150
    172
    153
    172
    147
    180
    154
    127
    121
    122
    121
    113
    84
    99
    108
    92
    92
    81
    84
    70
    87
    72
    74
    55
    70
    67
    63
    55
    60
    51
    45
    39
    51
    58
    48
    47
    37
    37
    49
    33
    37
    40
    30
    35
    39
    42
    27
    25
    38
    38
    24
    20
    25
    26
    23
    19
    30
    33
    20
    37
    31
    20
    29
    26
    31
    19
    15
    8
    32
    14
    13
    20
    15
    16
    16
    17
    13
    17
    8
    21
    10
    14
    608
    546
    477
    468
    381
    371
    343
    339
    296
    286
    254
    240
    228
    227
    236
    209
    209
    188
    197
    173
    168
    142
    145
    145
    146
    130
    122
    106
    125
    117
    103
    112
    91
    98
    93
    71
    81
    84
    80
    79
    76
    74
    58
    63
    63
    67
    64
    61
    53
    49
    45
    47
    50
    52
    48
    53
    54
    45
    55
    40
    41
    33
    37
    29
    38
    30
    29
    36
    29
    25
    32
    32
    30
    16
    26
    19
    22
    28
    23
    22
    23
    27
    19
    23
    16
    21
    20
    18
    19
    12
    16
    13
    20
    14
    20
    7
    18
    13
    15
    9
    608
    571
    468
    465
    398
    379
    331
    308
    310
    290
    258
    273
    233
    227
    206
    189
    203
    194
    172
    141
    148
    167
    137
    144
    135
    128
    122
    133
    108
    126
    107
    94
    118
    103
    83
    92
    91
    80
    79
    84
    82
    93
    61
    64
    59
    71
    54
    72
    69
    62
    61
    54
    55
    47
    51
    42
    49
    52
    46
    37
    41
    43
    37
    31
    24
    29
    34
    27
    28
    32
    24
    28
    31
    30
    25
    19
    26
    26
    25
    22
    30
    23
    18
    14
    17
    13
    17
    12
    20
    25
    19
    7
    15
    12
    14
    17
    14
    9
    18
    12
    622
    545
    495
    434
    415
    367
    325
    293
    279
    278
    261
    285
    233
    224
    199
    223
    216
    209
    168
    161
    173
    165
    145
    156
    170
    131
    134
    111
    114
    102
    101
    101
    98
    87
    112
    89
    85
    83
    98
    76
    79
    77
    70
    75
    62
    64
    62
    57
    60
    63
    65
    50
    39
    60
    40
    48
    36
    32
    46
    38
    36
    33
    36
    41
    30
    35
    30
    29
    28
    26
    22
    30
    32
    19
    33
    25
    16
    27
    21
    16
    13
    31
    19
    22
    16
    15
    23
    19
    23
    13
    16
    18
    24
    17
    18
    14
    9
    14
    16
    17
    663
    529
    478
    487
    383
    369
    337
    337
    307
    295
    286
    270
    242
    233
    216
    221
    199
    184
    183
    167
    149
    175
    150
    119
    145
    149
    124
    122
    129
    118
    114
    81
    98
    94
    80
    91
    74
    83
    85
    70
    76
    68
    73
    56
    72
    60
    55
    66
    51
    47
    51
    46
    44
    41
    53
    31
    49
    51
    43
    41
    32
    31
    34
    34
    25
    32
    28
    35
    31
    31
    25
    21
    20
    20
    26
    24
    20
    20
    24
    29
    20
    18
    19
    16
    18
    17
    16
    21
    21
    19
    21
    18
    17
    23
    15
    14
    11
    10
    17
    14
    594
    519
    463
    386
    453
    366
    348
    315
    299
    249
    271
    260
    254
    221
    223
    194
    221
    183
    193
    171
    167
    142
    168
    142
    139
    118
    135
    119
    113
    102
    117
    93
    88
    91
    92
    72
    70
    90
    94
    64
    86
    63
    65
    56
    65
    74
    56
    51
    58
    50
    57
    48
    68
    48
    35
    36
    39
    42
    37
    43
    36
    43
    37
    43
    47
    26
    33
    30
    39
    27
    26
    33
    27
    29
    27
    24
    30
    31
    22
    20
    26
    21
    22
    25
    14
    20
    19
    19
    21
    20
    14
    9
    13
    20
    9
    9
    10
    15
    17
    16
    583
    518
    464
    458
    394
    392
    332
    328
    309
    291
    283
    265
    252
    216
    215
    211
    208
    191
    186
    177
    143
    177
    139
    161
    129
    140
    127
    120
    113
    114
    100
    101
    106
    101
    98
    78
    103
    84
    68
    67
    75
    66
    72
    67
    63
    71
    58
    62
    46
    48
    43
    55
    58
    47
    50
    46
    45
    44
    44
    35
    31
    37
    40
    38
    23
    30
    31
    27
    30
    21
    27
    19
    24
    17
    25
    17
    20
    20
    21
    20
    19
    25
    16
    19
    16
    13
    19
    20
    17
    20
    20
    16
    20
    15
    15
    13
    8
    20
    12
    14
    580
    533
    486
    430
    430
    338
    315
    314
    284
    251
    244
    228
    272
    208
    230
    187
    212
    205
    193
    166
    155
    176
    142
    157
    132
    130
    139
    128
    122
    108
    118
    89
    94
    80
    105
    86
    70
    69
    94
    69
    66
    73
    69
    60
    78
    68
    66
    58
    63
    59
    47
    54
    55
    46
    53
    64
    39
    43
    62
    55
    36
    42
    35
    39
    36
    31
    33
    26
    44
    26
    27
    40
    19
    36
    27
    24
    23
    21
    22
    19
    19
    18
    22
    20
    14
    21
    19
    12
    12
    15
    16
    13
    17
    12
    23
    16
    15
    10
    11
    19

Data:
    0
    0
    0
    0
    0
    0
    0
    0
    0
    0
    0
    0
    0
    0
    0
    0
    0
    0
    0
    0
    0
    0
    0
    0
    0
    0
    0
    0
    0
    0
    0
    0
    0
    0
    0
    0
    0
    0
    0
    0
    0
    0
    0
    0
    0
    0
    0
    0
    0
    0
    0
    0
    0
    0
    0
    0
    0
    0
    0
    0
    0
    0
    0
    0
    0
    0
    0
    0
    0
    0
    0
    0
    0
    0
    0
    0
    0
    0
    0
    0
    0
    0
    0
    0
    0
    0
    0
    0
    0
    0
    0
    0
    0
    0
    0
    0
    0
    0
    0
    0
    0
    0
    0
    0
    0
    0
    0
    0
    0
    0
    0
    0
    0
    0
    0
    0
    0
    0
    0
    0
    0
    0
    0
    0
    0
    0
    0
    0
    0
    0
    0
    0
    0
    0
    0
    0
    0
    0
    0
    0
    0
    0
    0
    0
    0
    0
    0
    0
    0
    0
    0
    0
    0
    0
    0
    0
    0
    0
    0
    0
    0
    0
    0
    0
    0
    0
    0
    0
    0
    0
    0
    0
    0
    0
    0
    0
    0
    0
    0
    0
    0
    0
    0
    0
    0
    0
    0
    0
    0
    0
    0
    0
    0
    0
    0
    0
    0
    0
    0
    0
    0
    0
    0
    0
    0
    0
    0
    0
    0
    0
    0
    0
    0
    0
    0
    0
    0
    0
    0
    0
    0
    0
    0
    0
    0
    0
    0
    0
    0
    0
    0
    0
    0
    0
    0
    0
    0
    0
    0
    0
    0
    0
    0
    0
    0
    0
    0
    0
    0
    0
    0
    0
    0
    0
    0
    0
    0
    0
    0
    0
    0
    0
    0
    0
    0
    0
    0
    0
    0
    0
    0
    0
    0
    0
    0
    0
    0
    0
    0
    0
    0
    0
    0
    0
    0
    0
    0
    0
    0
    0
    0
    0
    0
    0
    0
    0
    0
    0
    0
    0
    0
    0
    0
    0
    0
    0
    0
    0
    0
    0
    0
    0
    0
    0
    0
    0
    0
    0
    0
    0
    0
    0
    0
    0
    0
    0
    0
    0
    0
    0
    0
    0
    0
    0
    0
    0
    0
    0
    0
    0
    0
    0
    0
    0
    0
    0
    0
    0
    0
    0
    0
    0
    0
    0
    0
    0
    0
    0
    0
    0
    0
    0
    0
    0
    0
    0
    0
    0
    0
    0
    0
    0
    0
    0
    0
    0
    0
    0
    0
    0
    0
    0
    0
    0
    0
    0
    0
    0
    0
    0
    0
    0
    0
    0
    0
    0
    0
    0
    0
    0
    0
    0
    0
    0
    0
    0
    0
    0
    0
    0
    0
    0
    0
    0
    0
    0
    0
    0
    0
    0
    0
    0
    0
    0
    0
    0
    0
    0
    0
    0
    0
    0
    0
    0
    0
    0
    0
    0
    0
    0
    0
    0
    0
    0
    0
    0
    0
    0
    0
    0
    0
    0
    0
    0
    0
    0
    0
    0
    0
    0
    0
    0
    0
    0
    0
    0
    0
    0
    0
    0
    0
    0
    0
    0
    0
    0
    0
    0
    0
    0
    0
    0
    0
    0
    0
    0
    0
    0
    0
    0
    0
    0
    0
    0
    0
    0
    0
    0
    0
    0
    0
    0
    0
    0
    0
    0
    0
    0
    0
    0
    0
    0
    0
    0
    0
    0
    0
    0
    0
    0
    0
    0
    0
    0
    0
    0
    0
    0
    0
    0
    0
    0
    0
    0
    0
    0
    0
    0
    0
    0
    0
    0
    0
    0
    0
    0
    0
    0
    0
    0
    0
    0
    0
    0
    0
    0
    0
    0
    0
    0
    0
    0
    0
    0
    0
    0
    0
    0
    0
    0
    0
    0
    0
    0
    0
    0
    0
    0
    0
    0
    0
    0
    0
    0
    0
    0
    0
    0
    0
    0
    0
    0
    0
    0
    0
    0
    0
    0
    0
    0
    0
    0
    0
    0
    0
    0
    0
    0
    0
    0
    0
    0
    0
    0
    0
    0
    0
    0
    0
    0
    0
    0
    0
    0
    0
    0
    0
    0
    0
    0
    0
    0
    0
    0
    0
    0
    0
    0
    0
    0
    0
    0
    0
    0
    0
    0
    0
    0
    0
    0
    0
    0
    0
    0
    0
    0
    0
    0
    0
    0
    0
    0
    0
    0
    0
    0
    0
    0
    0
    0
    0
    0
    0
    0
    0
    0
    0
    0
    0
    0
    0
    0
    0
    0
    0
    0
    0
    0
    0
    0
    0
    0
    0
    0
    0
    0
    0
    0
    0
    0
    0
    0
    0
    0
    0
    0
    0
    0
    0
    0
    0
    0
    0
    0
    0
    0
    0
    0
    0
    0
    0
    0
    0
    0
    0
    0
    0
    0
    0
    0
    0
    0
    0
    0
    0
    0
    0
    0
    0
    0
    0
    0
    0
    0
    0
    0
    0
    0
    0
    0
    0
    0
    0
    0
    0
    0
    0
    0
    0
    0
    0
    0
    0
    0
    0
    0
    0
    0
    0
    0
    0
    0
    0
    0
    0
    0
    0
    0
    0
    0
    0
    0
    0
    0
    0
    0
    0
    0
    0
    0
    0
    0
    0
    0
    0
    0
    0
    0
    0
    0
    0
    0
    0
    0
    0
    0
    0
    0
    0
    0
    0
    0
    0
    0
    0
    0
    0
    0
    0
    0
    0
    0
    0
    0
    0
    0
    0
    0
    0
    0
    0
    0
    0
    0
    0
    0
    0
    0
    0
    0
    0
    0
    0
    0
    0
    0
    0
    0
    0
    0
    0
    0
    0
    0
    0
    0
    0
    0
    0
    0
    0
    0
    0
    0
    0
    0
    0
    0
    0
    0
    0
    0
    0
    0
    0
    0
    0
    0
    0
    0
    0
    0
    0
    0
    0
    0
    0
    0
    0
    0
    0
    0
    0
    0
    0
    0
    0
    0
    0
    0
    0
    0
    0
    0
    0
    0
    0
    0
    0
    0
    0
    0
    0
    0
    0
    0
    0
    0
    0
    0
    0
    0
    0
    0
    0
    0
    0
    0
    0
    0
    0
    0
    0
    0
    0
    0
    0
    0
    0
    0
    0
    0
    0
    0
    0
    0
    0
    0
    0
    0
    0
    0
    0
    0
    0
    0
    0
    0
    0
    0
    0
    0
    0
    0
    0
    0
    0
    0
    0
    0
    0
    0
    0
    0
    0
    0
    0
    0
    0
    0
    0
    0
    0
    0
    0
    0
    0
    0
    0
    0
    0
    0
    0
    0
    0
    0
    0
    0
    0
    0
    0
    0
    0
    0
    0
    0
    0
    0
    0
    0
    0
    0
    0
    0
    0
    0
    0
    0
    0
    0
    0
    0
    0
    0
    0
    0
    0
    0
    0
    0
    0
    0
    0
    0
    0
    0
    0
    0
    0
    0
    0
    0
    0
    0
    0
    0
    0
    0
    0
    0
    0
    0
    0
    0
    0
    0
    0
    0
    0
    0
    0
    0
    0
    0
    0
    0
    0
    0
    0
    0
    0
    0
    0
    0
    0
    0
    0
    0
    0
    0
    0
    0
    0
    0
    0
    0
    0
    0
    0
    0
    0
    0
    0
    0
    0
    0
    0
    0
    0
    0
    0
    0
    0
    0
    0
    0
    0
    0
    0
    0
    0
    0
    0
    0
    0
    0
    0
    0
    0
    0
    0
    0
    0
    0
    0
    0
    0
    0
    0
    0
    0
    0
    0
    0
    0
    0
    0
    0
    0
    0
    0
    0
    0
    0
    0
    0
    0
    0
    0
    0
    0
    0
    0
    0
    0
    0
    0
    0
    0
    0
    0
    0
    0
    0
    0
    0
    0
    0
    0
    0
    0
    0
    0
    0
    0
    0
    0
    0
    0
    0
    0
    0
    0
    0
    0
    0
    0
    0
    0
    0
    0
    0
    0
    0
    0
    0
    0
    0
    0
    0
    0
    0
    0
    0
    0
    0
    0
    0
    0
    0
    0
    0
    0
    0
    0
    0
    0
    0
    0
    0
    0
    0
    0
    0
    0
    0
    0
    0
    0
    0
    0
    0
    0
    0
    0
    0
    0
    0
    0
    0
    0
    0
    0
    0
    0
    0
    0
    0
    0
    0
    0
    0
    0
    0
    0
    0
    0
    0
    0
    0
    0
    0
    0
    0
    0
    0
    0
    0
    0
    0
    0
    0
    0
    0
    0
    0
    0
    0
    0
    0
    0
    0
    0
    0
    0
    0
    0
    0
    0
    0
    0
    0
    0
    0
    0
    0
    0
    0
    0
    0
    0
    0
    0
    0
    0
    0
    0
    0
    0
    0
    0
    0
    0
    0
    0
    0
    0
    0
    0
    0
    0
    0
    0
    0
    0
    0
    0
    0
    0
    0
    0
    0
    0
    0
    0
    0
    0
    0
    0
    0
    0
    0
    0
    0
    0
    0
    0
    0
    0
    0
    0
    0
    0
    0
    0
    0
    0
    0
    0
    0
    0
    0
    0
    0
    0
    0
    0
    0
    0
    0
    0
    0
    0
    0
    0
    0
    0
    0
    0
    0
    0
    0
    0
    0
    0
    0
    0
    0
    0
    0
    0
    0
    0
    0
    0
    0
    0
    0
    0
    0
    0
    0
    0
    0
    0
    0
    0
    0
    0
    0
    0
    0
    0
    0
    0
    0
    0
    0
    0
    0
    0
    0
    0
    0
    0
    0
    0
    0
    0
    0
    0
    0
    0
    0
    0
    0
    0
    0
    0
    0
    0
    0
    0
    0
    0
    0
    0
    0
    0
    0
    0
    0
    0
    0
    0
    0
    0
    0
    0
    0
    0
    0
    0
    0
    0
    0
    0
    0
    0
    0
    0
    0
    0
    0
    0
    0
    0
    0
    0
    0
    0
    0
    0
    0
    0
    0
    0
    0
    0
    0
    0
    0
    0
    0
    0
    0
    0
    0
    0
    0
    0
    0
    0
    0
    0
    0
    0
    0
    0
    0
    0
    0
    0
    0
    0
    0
    0
    0
    0
    0
    0
    0
    0
    0
    0
    0
    0
    0
    0
    0
    0
    0
    0
    0
    0
    0
    0
    0
    0
    0
    0
    0
    0
    0
    0
    0
    0
    0
    0
    0
    0
    0
    0
    0
    0
    0
    0
    0
    0
    0
    0
    0
    0
    0
    0
    0
    0
    0
    0
    0
    0
    0
    0
    0
    0
    0
    0
    0
    0
    0
    0
    0
    0
    0
    0
    0
    0
    0
    0
    0
    0
    0
    0
    0
    0
    0
    0
    0
    0
    0
    0
    0
    0
    0
    0
    0
    0
    0
    0
    0
    0
    0
    0
    0
    0
    0
    0
    0
    0
    0
    0
    0
    0
    0
    0
    0
    0
    0
    0
    0
    0
    0
    0
    0
    0
    0
    0
    0
    0
    0
    0
    0
    0
    0
    0
    0
    0
    0
    0
    0
    0
    0
    0
    0
    0
    0
    0
    0
    0
    0
    0
    0
    0
    0
    0
    0
    0
    0
    0
    0
    0
    0
    0
    0
    0
    0
    0
    0
    0
    0
    0
    0
    0
    0
    0
    0
    0
    0
    0
    0
    0
    0
    0
    0
    0
    0
    0
    0
    0
    0
    0
    0
    0
    0
    0
    0
    0
    0
    0
    0
    0
    0
    0
    0
    0
    0
    0
    0
    0
    0
    0
    0
    0
    0
    0
    0
    0
    0
    0
    0
    0
    0
    0
    0
    0
    0
    0
    0
    0
    0
    0
    0
    0
    0
    0
    0
    0
    0
    0
    0
    0
    0
    0
    0
    0
    0
    0
    0
    0
    0
    0
    0
    0
    0
    0
    0
    0
    0
    0
    0
    0
    0
    0
    0
    0
    0
    0
    0
    0
    0
    0
    0
    0
    0
    0
    0
    0
    0
    0
    0
    0
    0
    0
    0
    0
    0
    0
    0
    0
    0
    0
    0
    0
    0
    0
    0
    0
    0
    0
    0
    0
    0
    0
    0
    0
    0
    0
    0
    0
    0
    0
    0
    0
    0
    0
    0
    0
    0
    0
    0
    0
    0
    0
    0
    0
    0
    0
    0
    0
    0
    0
    0
    0
    0
    0
    0
    0
    0
    0
    0
    0
    0
    0
    0
    0
    0
    0
    0
    0
    0
    0
    0
    0
    0
    0
    0
    0
    0
    0
    0
    0
    0
    0
    0
    0
    0
    0
    0
    0
    0
    0
    0
    0
    0
    0
    0
    0
    0
    0
    0
    0
    0
    0
    0
    0
    0
    0
    0
    0
    0
    0
    0
    0
    0
    0
    0
    0
    0
    0
    0
    0
    0
    0
    0
    0
    0
    0
    0
    0
    0
    0
    0
    0
    0
    0
    0
    0
    0
    0
    0
    0
    0
    0
    0
    0
    0
    0
    0
    0
    0
    0
    0
    0
    0
    0
    0
    0
    0
    0
    0
    0
    0
    0
    0
    0
    0
    0
    0
    0
    0
    0
    0
    0
    0
    0
    0
    0
    0
    0
    0
    0
    0
    0
    0
    0
    0
    0
    0
    0
    0
    0
    0
    0
    0
    0
    0
    0
    0
    0
    0
    0
    0
    0
    0
    0
    0
    0
    0
    0
    0
    0
    0
    0
    0
    0
    0
    0
    0
    0
    0
    0
    0
    0
    0
    0
    0
    0
    0
    0
    0
    0
    0
    0
    0
    0
    0
    0
    0
    0
    0
    0
    0
    0
    0
    0
    0
    0
    0
    0
    0
    0
    0
    0
    0
    0
    0
    0
    0
    0
    0
    0
    0
    0
    0
    0
    0
    0
    0
    0
    0
    0
    0
    0
    0
    0
    0
    0
    0
    0
    0
    0
    0
    0
    0
    0
    0
    0
    0
    0
    0
    0
    0
    0
    0
    0
    0
    0
    0
    0
    0
    0
    0
    0
    0
    0
    0
    0
    0
    0
    0
    0
    0
    0
    0
    0
    0
    0
    0
    0
    0
    0
    0
    0
    0
    0
    0
    0
    0
    0
    0
    0
    0
    0
    0
    0
    0
    0
    0
    0
    0
    0
    0
    0
    0
    0
    0
    0
    0
    0
    0
    0
    0
    0
    0
    0
    0
    0
    0
    0
    0
    0
    0
    0
    0
    0
    0
    0
    0
    0
    0
    0
    0
    0
    0
    0
    0
    0
    0
    0
    0
    0
    0
    0
    0
    0
    0
    0
    0
    0
    0
    0
    0
    0
    0
    0
    0
    0
    0
    0
    0
    0
    0
    0
    0
    0
    0
    0
    0
    0
    0
    0
    0
    0
    0
    0
    0
    0
    0
    0
    0
    0
    0
    0
    0
    0
    0
    0
    0
    0
    0
    0
    0
    0
    0
    0
    0
    0
    0
    0
    0
    0
    0
    0
    0
    0
    0
    0
    0
    0
    0
    0
    0
    0
    0
    0
    0
    0
    0
    0
    0
    0
    0
    0
    0
    0
    0
    0
    0
    0
    0
    0
    0
    0
    0
    0
    0
    0
    0
    0
    0
    0
    0
    0
    0
    0
    0
    0
    0
    0
    0
    0
    0
    0
    0
    0
    0
    0
    0
    0
    0
    0
    0
    0
    0
    0
    0
    0
    0
    0
    0
    0
    0
    0
    0
    0
    0
    0
    0
    0
    0
    0
    0
    0
    0
    0
    0
    0
    0
    0
    0
    0
    0
    0
    0
    0
    0
    0
    0
    0
    0
    0
    0
    0
    0
    0
    0
    0
    0
    0
    0
    0
    0
    0
    0
    0
    0
    0
    0
    0
    0
    0
    0
    0
    0
    0
    0
    0
    0
    0
    0
    0
    0
    0
    0
    0
    0
    0
    0
    0
    0
    0
    0
    0
    0
    0
    0
    0
    0
    0
    0
    0
    0
    0
    0
    0
    0
    0
    0
    0
    0
    0
    0
    0
    0
    0
    0
    0
    0
    0
    0
    0
    0
    0
    0
    0
    0
    0
    0
    0
    0
    0
    0
    0
    0
    0
    0
    0
    0
    0
    0
    0
    0
    0
    0
    0
    0
    0
    0
    0
    0
    0
    0
    0
    0
    0
    0
    0
    0
    0
    0
    0
    0
    0
    0
    0
    0
    0
    0
    0
    0
    0
    0
    0
    0
    0
    0
    0
    0
    0
    0
    0
    0
    0
    0
    0
    0
    0
    0
    0
    0
    0
    0
    0
    0
    0
    0
    0
    0
    0
    0
    0
    0
    0
    0
    0
    0
    0
    0
    0
    0
    0
    0
    0
    0
    0
    0
    0
    0
    0
    0
    0
    0
    0
    0
    0
    0
    0
    0
    0
    0
    0
    0
    0
    0
    0
    0
    0
    0
    0
    0
    0
    0
    0
    0
    0
    0
    0
    0
    0
    0
    0
    0
    0
    0
    0
    0
    0
    0
    0
    0
    0
    0
    0
    0
    0
    0
    0
    0
    0
    0
    0
    0
    0
    0
    0
    0
    0
    0
    0
    0
    0
    0
    0
    0
    0
    0
    0
    0
    0
    0
    0
    0
    0
    0
    0
    0
    0
    0
    0
    0
    0
    0
    0
    0
    0
    0
    0
    0
    0
    0
    0
    0
    0
    0
    0
    0
    0
    0
    0
    0
    0
    0
    0
    0
    0
    0
    0
    0
    0
    0
    0
    0
    0
    0
    0
    0
    0
    0
    0
    0
    0
    0
    0
    0
    0
    0
    0
    0
    0
    0
    0
    0
    0
    0
    0
    0
    0
    0
    0
    0
    0
    0
    0
    0
    0
    0
    0
    0
    0
    0
    0
    0
    0
    0
    0
    0
    0
    0
    0
    0
    0
    0
    0
    0
    0
    0
    0
    0
    0
    0
    0
    0
    0
    0
    0
    0
    0
    0
    0
    0
    0
    0
    0
    0
    0
    0
    0
    0
    0
    0
    0
    0
    0
    0
    0
    0
    0
    0
    0
    0
    0
    0
    0
    0
    0
    0
    0
    0
    0
    0
    0
    0
    0
    0
    0
    0
    0
    0
    0
    0
    0
    0
    0
    0
    0
    0
    0
    0
    0
    0
    0
    0
    0
    0
    0
    0
    0
    0
    0
    0
    0
    0
    0
    0
    0
    0
    0
    0
    0
    0
    0
    0
    0
    0
    0
    0
    0
    0
    0
    0
    0
    0
    0
    0
    0
    0
    0
    0
    0
    0
    0
    0
    0
    0
    0
    0
    0
    0
    0
    0
    0
    0
    0
    0
    0
    0
    0
    0
    0
    0
    0
    0
    0
    0
    0
    0
    0
    0
    0
    0
    0
    0
    0
    0
    0
    0
    0
    0
    0
    0
    0
    0
    0
    0
    0
    0
    0
    0
    0
    0
    0
    0
    0
    0
    0
    0
    0
    0
    0
    0
    0
    0
    0
    0
    0
    0
    0
    0
    0
    0
    0
    0
    0
    0
    0
    0
    0
    0
    0
    0
    0
    0
    0
    0
    0
    0
    0
    0
    0
    0
    0
    0
    0
    0
    0
    0
    0
    0
    0
    0
    0
    0
    0
    0
    0
    0
    0
    0
    0
    0
    0
    0
    0
    0
    0
    0
    0
    0
    0
    0
    0
    0
    0
    0
    0
    0
    0
    0
    0
    0
    0
    0
    0
    0
    0
    0
    0
    0
    0
    0
    0
    0
    0
    0
    0
    0
    0
    0
    0
    0
    0
    0
    0
    0
    0
    0
    0
    0
    0
    0
    0
    0
    0
    0
    0
    0
    0
    0
    0
    0
    0
    0
    0
    0
    0
    0
    0
    0
    0
    0
    0
    0
    0
    0
    0
    0
    0
    0
    0
    0
    0
    0
    0
    0
    0
    0
    0
    0
    0
    0
    0
    0
    0
    0
    0
    0
    0
    0
    0
    0
    0
    0
    0
    0
    0
    0
    0
    0
    0
    0
    0
    0
    0
    0
    0
    0
    0
    0
    0
    0
    0
    0
    0
    0
    0
    0
    0
    0
    0
    0
    0
    0
    0
    0
    0
    0
    0
    0
    0
    0
    0
    0
    0
    0
    0
    0
    0
    0
    0
    0
    0
    0
    0
    0
    0
    0
    0
    0
    0
    0
    0
    0
    0
    0
    0
    0
    0
    0
    0
    0
    0
    0
    0
    0
    0
    0
    0
    0
    0
    0
    0
    0
    0
    0
    0
    0
    0
    0
    0
    0
    0
    0
    0
    0
    0
    0
    0
    0
    0
    0
    0
    0
    0
    0
    0
    0
    0
    0
    0
    0
    0
    0
    0
    0
    0
    0
    0
    0
    0
    0
    0
    0
    0
    0
    0
    0
    0
    0
    0
    0
    0
    0
    0
    0
    0
    0
    0
    0
    0
    0
    0
    0
    0
    0
    0
    0
    0
    0
    0
    0
    0
    0
    0
    0
    0
    0
    0
    0
    0
    0
    0
    0
    0
    0
    0
    0
    0
    0
    0
    0
    0
    0
    0
    0
    0
    0
    0
    0
    0
    0
    0
    0
    0
    0
    0
    0
    0
    0
    0
    0
    0
    0
    0
    0
    0
    0
    0
    0
    0
    0
    0
    0
    0
    0
    0
    0
    0
    0
    0
    0
    0
    0
    0
    0
    0
    0
    0
    0
    0
    0
    0
    0
    0
    0
    0
    0
    0
    0
    0
    0
    0
    0
    0
    0
    0
    0
    0
    0
    0
    0
    0
    0
    0
    0
    0
    0
    0
    0
    0
    0
    0
    0
    0
    0
    0
    0
    0
    0
    0
    0
    0
    0
    0
    0
    0
    0
    0
    0
    0
    0
    0
    0
    0
    0
    0
    0
    0
    0
    0
    0
    0
    0
    0
    0
    0
    0
    0
    0
    0
    0
    0
    0
    0
    0
    0
    0
    0
    0
    0
    0
    0
    0
    0
    0
    0
    0
    0
    0
    0
    0
    0
    0
    0
    0
    0
    0
    0
    0
    0
    0
    0
    0
    0
    0
    0
    0
    0
    0
    0
    0
    0
    0
    0
    0
    0
    0
    0
    0
    0
    0
    0
    0
    0
    0
    0
    0
    0
    0
    0
    0
    0
    0
    0
    0
    0
    0
    0
    0
    0
    0
    0
    0
    0
    0
    0
    0
    0
    0
    0
    0
    0
    0
    0
    0
    0
    0
    0
    0
    0
    0
    0
    0
    0
    0
    0
    0
    0
    0
    0
    0
    0
    0
    0
    0
    0
    0
    0
    0
    0
    0
    0
    0
    0
    0
    0
    0
    0
    0
    0
    0
    0
    0
    0
    0
    0
    0
    0
    0
    0
    0
    0
    0
    0
    0
    0
    0
    0
    0
    0
    0
    0
    0
    0
    0
    0
    0
    0
    0
    0
    0
    0
    0
    0
    0
    0
    0
    0
    0
    0
    0
    0
    0
    0
    0
    0
    0
    0
    0
    0
    0
    0
    0
    0
    0
    0
    0
    0
    0
    0
    0
    0
    0
    0
    0
    0
    0
    0
    0
    0
    0
    0
    0
    0
    0
    0
    0
    0
    0
    0
    0
    0
    0
    0
    0
    0
    0
    0
    0
    0
    0
    0
    0
    0
    0
    0
    0
    0
    0
    0
    0
    0
    0
    0
    0
    0
    0
    0
    0
    0
    0
    0
    0
    0
    0
    0
    0
    0
    0
    0
    0
    0
    0
    0
    0
    0
    0
    0
    0
    0
    0
    0
    0
    0
    0
    0
    0
    0
    0
    0
    0
    0
    0
    0
    0
    0
    0
    0
    0
    0
    0
    0
    0
    0
    0
    0
    0
    0
    0
    0
    0
    0
    0
    0
    0
    0
    0
    0
    0
    0
    0
    0
    0
    0
    0
    0
    0
    0
    0
    0
    0
    0
    0
    0
    0
    0
    0
    0
    0
    0
    0
    0
    0
    0
    0
    0
    0
    0
    0
    0
    0
    0
    0
    0
    0
    0
    0
    0
    0
    0
    0
    0
    0
    0
    0
    0
    0
    0
    0
    0
    0
    0
    0
    0
    0
    0
    0
    0
    0
    0
    0
    0
    0
    0
    0
    0
    0
    0
    0
    0
    0
    0
    0
    0
    0
    0
    0
    0
    0
    0
    0
    0
    0
    0
    0
    0
    0
    0
    0
    0
    0
    0
    0
    0
    0
    0
    0
    0
    0
    0
    0
    0
    0
    0
    0
    0
    0
    0
    0
    0
    0
    0
    0
    0
    0
    0
    0
    0
    0
    0
    0
    0
    0
    0
    0
    0
    0
    0
    0
    0
    0
    0
    0
    0
    0
    0
    0
    0
    0
    0
    0
    0
    0
    0
    0
    0
    0
    0
    0
    0
    0
    0
    0
    0
    0
    0
    0
    0
    0
    0
    0
    0
    0
    0
    0
    0
    0
    0
    0
    0
    0
    0
    0
    0
    0
    0
    0
    0
    0
    0
    0
    0
    0
    0
    0
    0
    0
    0
    0
    0
    0
    0
    0
    0
    0
    0
    0
    0
    0
    0
    0
    0
    0
    0
    0
    0
    0
    0
    0
    0
    0
    0
    0
    0
    0
    0
    0
    0
    0
    0
    0
    0
    0
    0
    0
    0
    0
    0
    0
    0
    0
    0
    0
    0
    0
    0
    0
    0
    0
    0
    0
    0
    0
    0
    0
    0
    0
    0
    0
    0
    0
    0
    0
    0
    0
    0
    0
    0
    0
    0
    0
    0
    0
    0
    0
    0
    0
    0
    0
    0
    0
    0
    0
    0
    0
    0
    0
    0
    0
    0
    0
    0
    0
    0
    0
    0
    0
    0
    0
    0
    0
    0
    0
    0
    0
    0
    0
    0
    0
    0
    0
    0
    0
    0
    0
    0
    0
    0
    0
    0
    0
    0
    0
    0
    0
    0
    0
    0
    0
    0
    0
    0
    0
    0
    0
    0
    0
    0
    0
    0
    0
    0
    0
    0
    0
    0
    0
    0
    0
    0
    0
    0
    0
    0
    0
    0
    0
    0
    0
    0
    0
    0
    0
    0
    0
    0
    0
    0
    0
    0
    0
    0
    0
    0
    0
    0
    0
    0
    0
    0
    0
    0
    0
    0
    0
    0
    0
    0
    0
    0
    0
    0
    0
    0
    0
    0
    0
    0
    0
    0
    0
    0
    0
    0
    0
    0
    0
    0
    0
    0
    0
    0
    0
    0
    0
    0
    0
    0
    0
    0
    0
    0
    0
    0
    0
    0
    0
    0
    0
    0
    0
    0
    0
    0
    0
    0
    0
    0
    0
    0
    0
    0
    0
    0
    0
    0
    0
    0
    0
    0
    0
    0
    0
    0
    0
    0
    0
    0
    0
    0
    0
    0
    0
    0
    0
    0
    0
    0
    0
    0
    0
    0
    0
    0
    0
    0
    0
    0
    0
    0
    0
    0
    0
    0
    0
    0
    0
    0
    0
    0
    0
    0
    0
    0
    0
    0
    0
    0
    0
    0
    0
    0
    0
    0
    0
    0
    0
    0
    0
    0
    0
    0
    0
    0
    0
    0
    0
    0
    0
    0
    0
    0
    0
    0
    0
    0
    0
    0
    0
    0
    0
    0
    0
    0
    0
    0
    0
    0
    0
    0
    0
    0
    0
    0
    0
    0
    0
    0
    0
    0
    0
    0
    0
    0
    0
    0
    0
    0
    0
    0
    0
    0
    0
    0
    0
    0
    0
    0
    0
    0
    0
    0
    0
    0
    0
    0
    0
    0
    0
    0
    0
    0
    0
    0
    0
    0
    0
    0
    0
    0
    0
    0
    0
    0
    0
    0
    0
    0
    0
    0
    0
    0
    0
    0
    0
    0
    0
    0
    0
    0
    0
    0
    0
    0
    0
    0
    0
    0
    0
    0
    0
    0
    0
    0
    0
    0
    0
    0
    0
    0
    0
    0
    0
    0
    0
    0
    0
    0
    0
    0
    0
    0
    0
    0
    0
    0
    0
    0
    0
    0
    0
    0
    0
    0
    0
    0
    0
    0
    0
    0
    0
    0
    0
    0
    0
    0
    0
    0
    0
    0
    0
    0
    0
    0
    0
    0
    0
    0
    0
    0
    0
    0
    0
    0
    0
    0
    0
    0
    0
    0
    0
    0
    0
    0
    0
    0
    0
    0
    0
    0
    0
    0
    0
    0
    0
    0
    0
    0
    0
    0
    0
    0
    0
    0
    0
    0
    0
    0
    0
    0
    0
    0
    0
    0
    0
    0
    0
    0
    0
    0
    0
    0
    0
    0
    0
    0
    0
    0
    0
    0
    0
    0
    0
    0
    0
    0
    0
    0
    0
    0
    0
    0
    0
    0
    0
    0
    0
    0
    0
    0
    0
    0
    0
    0
    0
    0
    0
    0
    0
    0
    0
    0
    0
    0
    0
    0
    0
    0
    0
    0
    0
    0
    0
    0
    0
    0
    0
    0
    0
    0
    0
    0
    0
    0
    0
    0
    0
    0
    0
    0
    0
    0
    0
    0
    0
    0
    0
    0
    0
    0
    0
    0
    0
    0
    0
    0
    0
    0
    0
    0
    0
    0
    0
    0
    0
    0
    0
    0
    0
    0
    0
    0
    0
    0
    0
    0
    0
    0
    0
    0
    0
    0
    0
    0
    0
    0
    0
    0
    0
    0
    0
    0
    0
    0
    0
    0
    0
    0
    0
    0
    0
    0
    0
    0
    0
    0
    0
    0
    0
    0
    0
    0
    0
    0
    0
    0
    0
    0
    0
    0
    0
    0
    0
    0
    0
    0
    0
    0
    0
    0
    0
    0
    0
    0
    0
    0
    0
    0
    0
    0
    0
    0
    0
    0
    0
    0
    0
    0
    0
    0
    0
    0
    0
    0
    0
    0
    0
    0
    0
    0
    0
    0
    0
    0
    0
    0
    0
    0
    0
    0
    0
    0
    0
    0
    0
    0
    0
    0
    0
    0
    0
    0
    0
    0
    0
    0
    0
    0
    0
    0
    0
    0
    0
    0
    0
    0
    0
    0
    0
    0
    0
    0
    0
    0
    0
    0
    0
    0
    0
    0
    0
    0
    0
    0
    0
    0
    0
    0
    0
    0
    0
    0
    0
    0
    0
    0
    0
    0
    0
    0
    0
    0
    0
    0
    0
    0
    0
    0
    0
    0
    0
    0
    0
    0
    0
    0
    0
    0
    0
    0
    0
    0
    0
    0
    0
    0
    0
    0
    0
    0
    0
    0
    0
    0
    0
    0
    0
    0
    0
    0
    0
    0
    0
    0
    0
    0
    0
    0
    0
    0
    0
    0
    0
    0
    0
    0
    0
    0
    0
    0
    0
    0
    0
    0
    0
    0
    0
    0
    0
    0
    0
    0
    0
    0
    0
    0
    0
    0
    0
    0
    0
    0
    0
    0
    0
    0
    0
    0
    0
    0
    0
    0
    0
    0
    0
    0
    0
    0
    0
    0
    0
    0
    0
    0
    0
    0
    0
    0
    0
    0
    0
    0
    0
    0
    0
    0
    0
    0
    0
    0
    0
    0
    0
    0
    0
    0
    0
    0
    0
    0
    0
    0
    0
    0
    0
    0
    0
    0
    0
    0
    0
    0
    0
    0
    0
    0
    0
    0
    0
    0
    0
    0
    0
    0
    0
    0
    0
    0
    0
    0
    0
    0
    0
    0
    0
    0
    0
    0
    0
    0
    0
    0
    0
    0
    0
    0
    0
    0
    0
    0
    0
    0
    0
    0
    0
    0
    0
    0
    0
    0
    0
    0
    0
    0
    0
    0
    0
    0
    0
    0
    0
    0
    0
    0
    0
    0
    0
    0
    0
    0
    0
    0
    0
    0
    0
    0
    0
    0
    0
    0
    0
    0
    0
    0
    0
    0
    0
    0
    0
    0
    0
    0
    0
    0
    0
    0
    0
    0
    0
    0
    0
    0
    0
    0
    0
    0
    0
    0
    0
    0
    0
    0
    0
    0
    0
    0
    0
    0
    0
    0
    0
    0
    0
    0
    0
    0
    0
    0
    0
    0
    0
    0
    0
    0
    0
    0
    0
    0
    0
    0
    0
    0
    0
    0
    0
    0
    0
    0
    0
    0
    0
    0
    0
    0
    0
    0
    0
    0
    0
    0
    0
    0
    0
    0
    0
    0
    0
    0
    0
    0
    0
    0
    0
    0
    0
    0
    0
    0
    0
    0
    0
    0
    0
    0
    0
    0
    0
    0
    0
    0
    0
    0
    0
    0
    0
    0
    0
    0
    0
    0
    0
    0
    0
    0
    0
    0
    0
    0
    0
    0
    0
    0
    0
    0
    0
    0
    0
    0
    0
    0
    0
    0
    0
    0
    0
    0
    0
    0
    0
    0
    0
    0
    0
    0
    0
    0
    0
    0
    0
    0
    0
    0
    0
    0
    0
    0
    0
    0
    0
    0
    0
    0
    0
    0
    0
    0
    0
    0
    0
    0
    0
    0
    0
    0
    0
    0
    0
    0
    0
    0
    0
    0
    0
    0
    0
    0
    0
    0
    0
    0
    0
    0
    0
    0
    0
    0
    0
    0
    0
    0
    0
    0
    0
    0
    0
    0
    0
    0
    0
    0
    0
    0
    0
    0
    0
    0
    0
    0
    0
    0
    0
    0
    0
    0
    0
    0
    0
    0
    0
    0
    0
